0.163643   0.499733   0.494202
0.341464   -0.316853   -0.492525
0.163255   -0.336909   -0.331488
0.362663   0.4998   -0.328405
0.498407   -0.499447   -0.499955
-0.316143   -0.329053   0.473998
-0.490503   -0.337608   -0.3188
-0.324321   -0.485777   -0.370416
-0.150263   0.490778   -0.485981
-0.0248952   -0.330618   0.480244
-0.160998   -0.334931   -0.339041
-0.0159123   0.474396   -0.326677
0.177759   -0.168289   -0.484648
0.320211   0.0116642   0.489735
0.157566   -0.00607637   -0.339102
0.359849   -0.160196   -0.32346
-0.494108   -0.171114   -0.474228
-0.327433   -0.0179945   -0.484936
-0.493959   -0.00357164   -0.308467
-0.294466   -0.183981   -0.341175
-0.163833   -0.160121   0.481571
-0.00190434   -0.00442587   0.497521
-0.162132   -0.00496023   -0.330419
0.000730496   -0.15872   -0.348953
0.181108   0.174657   -0.495606
0.350981   0.326127   -0.489701
0.179981   0.338621   -0.305337
0.319803   0.145457   -0.33817
0.498308   0.135413   -0.483687
-0.347753   0.327665   0.488735
-0.487445   0.340482   -0.345713
-0.308982   0.158766   -0.342554
-0.16691   0.153982   0.493661
0.0171758   0.336089   -0.492867
-0.157894   0.320235   -0.320273
0.0109356   0.16309   -0.344986
0.180748   -0.488442   -0.177634
0.350533   -0.340261   -0.149378
0.183319   -0.324659   0.00606831
0.344752   0.494064   0.00348213
-0.485556   -0.491092   -0.173558
-0.332498   -0.314021   -0.174499
-0.498386   -0.324769   0.00541124
-0.316143   -0.463731   0.00610769
-0.150109   -0.494854   -0.155268
0.0149339   -0.331684   -0.177127
-0.14585   -0.328246   0.0147078
0.0214471   0.495289   0.0171668
0.169211   -0.16837   -0.181603
0.361687   0.0217346   -0.167729
0.170522   0.0212844   0.0147709
0.341144   -0.165256   -0.0044667
-0.496099   -0.182882   -0.154069
-0.311909   0.00689772   -0.144536
-0.493324   -0.0111958   0.000697543
-0.31304   -0.159974   -0.00359376
-0.142765   -0.156057   -0.173178
-0.00266388   0.00678421   -0.17787
-0.156242   -0.00961405   -0.0108804
0.0152361   -0.148825   -0.0187674
0.163751   0.166083   -0.174876
0.351694   0.324477   -0.169183
0.178465   0.345649   0.000836669
0.348448   0.15953   0.0012224
-0.490602   0.18719   -0.170573
-0.326786   0.350168   -0.159944
-0.489991   0.348863   0.0199438
-0.342963   0.159586   0.0173889
-0.162943   0.169903   -0.159227
0.0126397   0.334945   -0.1634
-0.139981   0.336055   -0.0101675
0.0175246   0.157458   -0.0191821
0.189347   -0.484997   0.169043
0.359969   -0.328154   0.159999
0.165655   -0.334846   0.34615
0.34256   -0.495649   0.336352
-0.49534   -0.492139   0.164452
-0.32327   -0.311881   0.167384
-0.491159   -0.327861   0.329049
-0.335494   0.49485   0.313427
-0.16449   0.490023   0.151483
0.0100833   -0.338893   0.175283
-0.166699   -0.349608   0.30584
-0.00371188   0.489036   0.327707
0.165698   -0.160116   0.149774
0.333441   0.0208966   0.187459
0.158762   0.0175487   0.33002
0.329325   -0.149373   0.342001
0.490568   -0.150016   0.161115
-0.322127   -0.0122507   0.152141
-0.49107   -0.0111893   0.348638
-0.307812   -0.135436   0.314791
-0.14517   -0.165397   0.162225
0.0221142   0.0274912   0.171651
-0.156665   0.0165351   0.32837
0.0154912   -0.156845   0.337244
0.163174   0.177887   0.150361
0.33561   0.324018   0.159273
0.171086   0.342313   0.312976
0.342411   0.176053   0.335392
-0.498631   0.177394   0.171343
-0.327673   0.333451   0.147847
0.487144   0.33875   0.346828
-0.340195   0.13526   0.321629
-0.171394   0.157319   0.147627
-0.00641498   0.315949   0.158288
-0.16779   0.343332   0.313261
0.0122735   0.190283   0.34496
