0.147061   -0.435772   -0.188524
-0.342534   -0.393729   0.471521
0.297026   -0.299105   0.211571
-0.290887   0.499532   -0.19091
-0.159442   -0.37909   -0.476817
-0.0165709   0.258746   -0.0619851
-0.426749   0.255419   0.336271
-0.121483   0.402114   0.408783
-0.0921125   0.39172   0.232887
0.480313   0.47304   -0.370885
-0.341799   0.068343   -0.0196064
0.236648   0.354945   0.260927
-0.0819083   -0.209356   0.11458
-0.359113   -0.255937   -0.439711
0.299014   -0.105333   0.335832
0.294603   -0.216979   0.255538
-0.111851   0.204315   -0.177251
-0.262425   0.423031   -0.401697
-0.195166   -0.125909   0.38846
0.454846   0.309165   0.033226
-0.417546   -0.309505   -0.419743
0.433757   -0.347936   0.445567
-0.0943508   0.197654   -0.313062
0.484913   -0.286574   -0.104174
-0.357109   -0.129084   0.264588
0.349979   -0.157228   -0.0711113
0.197444   0.0310099   -0.0666865
0.467177   -0.246198   -0.388999
0.105438   -0.370446   0.0593236
0.118902   -0.0829285   0.251362
0.37201   -0.000903925   0.218645
-0.129927   0.210361   -0.436206
-0.34517   0.321481   0.372046
0.389664   -0.36763   0.13619
-0.395258   -0.238269   0.322389
0.150407   0.429687   -0.311989
-0.291088   0.144433   0.0537106
0.349758   -0.200959   -0.492043
-0.0494463   -0.171431   -0.371342
-0.403826   0.309173   0.438784
-0.328093   0.455922   0.473143
-0.21964   0.142782   -0.0361165
-0.077035   0.178719   0.176948
-0.4948   -0.447105   0.281867
-0.434635   0.442331   -0.447306
0.132272   -0.178384   0.241719
0.492889   0.396637   -0.482024
0.347565   -0.271364   0.331291
0.0931644   -0.138506   -0.0133081
0.206847   -0.304806   0.470229
-0.0116127   0.339013   -0.0812882
0.320289   0.0601959   -0.44267
-0.150501   0.0685518   -0.28443
0.108527   0.498151   0.101057
-0.367874   0.2112   0.276287
-0.441598   -0.468507   0.337761
-0.0934662   0.403834   -0.406452
-0.379008   -0.444138   0.208078
-0.488103   0.214248   -0.00570679
0.46788   -0.3467   -0.256706
-0.499791   -0.492862   0.223483
0.217938   0.0575181   0.240023
-0.386028   -0.396681   -0.451311
-0.175708   0.422862   -0.300194
-0.235114   0.259044   -0.415736
0.47554   0.101206   0.367967
0.29685   0.231461   -0.319677
0.440312   -0.205186   -0.310213
0.286064   0.475418   -0.0213066
-0.147052   0.488025   -0.34201
0.493234   0.388477   0.233681
0.319454   -0.0752623   -0.434379
-0.485272   -0.157353   -0.326643
-0.426906   -0.297359   -0.321283
0.373702   -0.231484   -0.233844
-0.230609   0.281501   -0.200625
-0.180551   0.323192   -0.103214
0.447014   0.31673   -0.203787
0.177104   0.358608   -0.482086
0.00830425   0.175946   -0.180647
0.330438   0.338448   0.249028
-0.238007   -0.24161   0.124775
-0.446412   -0.191314   -0.0863106
-0.410544   0.395016   -0.35406
-0.495497   -0.212433   0.467857
0.106552   -0.0244372   -0.301784
-0.30007   -0.319625   -0.00788841
-0.0377851   0.0821006   0.407944
0.119064   -0.21916   -0.301254
-0.0624797   -0.247711   -0.107978
-0.441305   0.449709   0.298202
-0.053918   -0.119966   0.163715
0.323854   0.0936188   0.476405
0.00769692   0.268259   -0.444588
-0.165629   -0.207975   0.0843498
0.173237   -0.373567   0.00147337
-0.260748   0.341218   -0.134659
-0.178668   0.446639   -0.407139
0.264264   0.0282454   -0.379685
0.392402   -0.0423699   0.389787
-0.266991   0.0167227   -0.0706282
-0.177257   0.105737   0.0212952
-0.38166   -0.40017   -0.327502
-0.107747   0.283962   -0.394731
0.452042   0.398429   -0.236081
0.170742   -0.260264   0.192763
0.300418   0.419064   0.306994
0.0317863   0.48032   0.0903546
