1.38786
1.38788
1.38788
1.38788
1.38788
1.38788
1.38789
1.38791
1.38793
1.38797
1.38801
1.38806
1.38811
1.38816
1.38822
1.38828
1.38833
1.38838
1.38842
1.38843
1.38841
1.38835
1.38829
1.38822
1.38819
1.38822
1.38835
1.38858
1.38891
1.38929
1.38967
1.38992
1.38988
1.38947
1.38872
1.38786
1.38716
1.38677
1.38667
1.38678
1.38701
1.38727
1.38749
1.38767
1.38781
1.38791
1.38799
1.38804
1.38808
1.38812
1.38815
1.3882
1.38825
1.38831
1.38838
1.38845
1.38853
1.38858
1.38861
1.38861
1.38858
1.38852
1.38844
1.38837
1.38831
1.38825
1.38821
1.38816
1.38812
1.38808
1.38805
1.38808
1.38815
1.38826
1.3884
1.38849
1.38852
1.38845
1.38832
1.38813
1.38797
1.38786
1.38783
1.38787
1.38793
1.38799
1.38805
1.3881
1.38816
1.38823
1.38836
1.38854
1.38873
1.38895
1.38913
1.38922
1.38912
1.38881
1.38836
1.3879
1.38755
1.38739
1.38737
1.38745
1.38756
1.38768
1.38779
1.38787
1.38793
1.38799
1.38804
1.38807
1.3881
1.38812
1.38815
1.38816
1.38818
1.38819
1.38818
1.38818
1.38819
1.3882
1.38821
1.38822
1.38825
1.38828
1.38834
1.3884
1.3885
1.38862
1.38878
1.38895
1.38914
1.38934
1.3895
1.38954
1.38935
1.38888
1.38813
1.38733
1.3867
1.38641
1.38642
1.38663
1.38691
1.38721
1.38749
1.38773
1.38796
1.38815
1.38833
1.38849
1.38861
1.38868
1.38868
1.38862
1.38851
1.3884
1.3883
1.38824
1.38824
1.38826
1.38829
1.3883
1.38827
1.38819
1.38808
1.38796
1.38783
1.38774
1.38767
1.38763
1.38763
1.38763
1.38764
1.38767
1.3877
1.38773
1.38777
1.38784
1.38793
1.38802
1.38814
1.38827
1.3884
1.38853
1.38861
1.38862
1.38855
1.38839
1.38821
1.38805
1.38796
1.38796
1.38801
1.38808
1.38816
1.38823
1.38827
1.38828
1.38826
1.38821
1.38815
1.38808
1.388
1.38793
1.38786
1.38781
1.38779
1.3878
1.38783
1.38787
1.38793
1.38798
1.38805
1.38811
1.38817
1.38821
1.38828
1.38835
1.38846
1.3886
1.38877
1.38895
1.38906
1.38903
1.38883
1.38852
1.38827
1.38819
1.38828
1.38835
1.38827
1.38796
1.38751
1.38707
1.38679
1.3867
1.38679
1.38699
1.38726
1.38754
1.38783
1.38811
1.38838
1.38863
1.38884
1.38895
1.38892
1.38873
1.3884
1.38804
1.38775
1.38761
1.38761
1.3877
1.38783
1.38798
1.3881
1.38818
1.38822
1.3882
1.38813
1.38804
1.38794
1.38785
1.38781
1.3878
1.38783
1.38788
1.38796
1.38803
1.3881
1.38816
1.38823
1.38829
1.38834
1.38839
1.38844
1.38849
1.38855
1.38862
1.38868
1.38871
1.38869
1.3886
1.38843
1.38823
1.38803
1.38791
1.38788
1.38793
1.38805
1.38818
1.38829
1.38835
1.38836
1.38831
1.38822
1.38813
1.38804
1.38797
1.38795
1.38794
1.38794
1.38794
1.38792
1.3879
1.38786
1.38783
1.38781
1.38781
1.38782
1.38784
1.38789
1.38794
1.38799
1.38803
1.38807
1.38811
1.38814
1.38816
1.38818
1.38818
1.38819
1.3882
1.3882
1.38821
1.38819
1.38819
1.38819
1.38819
1.38819
1.3882
1.38822
1.38823
1.38824
1.38825
1.38827
1.38829
1.3883
1.3883
1.38829
1.38827
1.38825
1.38822
1.38819
1.38816
1.38815
1.38814
1.38812
1.38809
1.38803
1.38797
1.38789
1.38781
1.38778
1.38778
1.38782
1.38788
1.38795
1.38802
1.38808
1.3881
1.3881
1.38807
1.38802
1.38796
1.38789
1.38785
1.38782
1.38781
1.38782
1.38785
1.38788
1.38792
1.38796
1.38801
1.38805
1.38809
1.38811
1.38813
1.38814
1.38811
1.38807
1.38802
1.38796
1.3879
1.38787
1.38786
1.38786
1.38786
1.38787
1.38787
1.38788
1.38789
1.3879
1.38792
1.38796
1.38801
1.38807
1.38815
1.38825
1.38833
1.38843
1.38851
1.38858
1.38861
1.38861
1.38857
1.38848
1.38834
1.38816
1.38796
1.38777
1.38761
1.38749
1.38742
1.38739
1.38743
1.3875
1.38758
1.38767
1.38777
1.38785
1.38794
1.38801
1.38807
1.3881
1.38812
1.38812
1.38811
1.38811
1.38809
1.38807
1.38807
1.38806
1.38805
1.38804
1.38803
1.38802
1.38801
1.388
1.38798
1.38797
1.388
1.38803
1.38809
1.38822
1.38843
1.38872
1.38905
1.38926
1.38915
1.38857
1.38765
1.38681
1.38643
1.38654
1.38695
1.38744
1.38789
1.38824
1.38845
1.38855
1.38852
1.38839
1.38823
1.38807
1.38799
1.38797
1.38801
1.38808
1.38815
1.38821
1.38825
1.38826
1.38825
1.38821
1.38817
1.38812
1.38807
1.388
1.38793
1.38787
1.38782
1.38778
1.38777
1.38779
1.38784
1.3879
1.38798
1.38806
1.38813
1.3882
1.38825
1.38828
1.3883
1.38828
1.38825
1.38821
1.38818
1.38816
1.38815
1.38815
1.38816
1.38818
1.38821
1.38825
1.38829
1.38834
1.38838
1.3884
1.38841
1.38838
1.38833
1.38827
1.38822
1.38818
1.38816
1.38816
1.38817
1.38817
1.38817
1.38816
1.38815
1.38814
1.38812
1.3881
1.38809
1.3881
1.38811
1.38813
1.38815
1.38818
1.38819
1.38819
1.3882
1.38819
1.38818
1.38818
1.38816
1.38815
1.38814
1.38812
1.3881
1.38809
1.38807
1.38805
1.38804
1.38802
1.38801
1.388
1.388
1.388
1.38802
1.38803
1.38806
1.3881
1.38815
1.38824
1.38834
1.38842
1.38849
1.38851
1.38846
1.38829
1.38805
1.38779
1.38756
1.38742
1.38738
1.38743
1.38754
1.38765
1.38779
1.38791
1.38802
1.38812
1.38821
1.38829
1.38837
1.38842
1.38848
1.38851
1.38853
1.38854
1.38854
1.38854
1.38852
1.38849
1.38844
1.38837
1.38832
1.38829
1.38826
1.38825
1.3882
1.38811
1.38799
1.38786
1.38777
1.38773
1.38772
1.38775
1.38779
1.38783
1.38789
1.38794
1.38799
1.38802
1.38806
1.38811
1.38814
1.38818
1.38821
1.38824
1.38826
1.38829
1.38832
1.38835
1.38837
1.38839
1.38839
1.38839
1.38838
1.38835
1.38831
1.38826
1.38822
1.38819
1.38815
1.38813
1.38812
1.3881
1.38808
1.38807
1.38805
1.38804
1.38802
1.38801
1.388
1.38799
1.38798
1.38797
1.38798
1.38798
1.38801
1.38804
1.38808
1.38813
1.38821
1.38831
1.38844
1.38859
1.38876
1.38892
1.38903
1.38903
1.38889
1.38862
1.38829
1.38801
1.38784
1.38781
1.38787
1.38795
1.388
1.38803
1.38801
1.38796
1.3879
1.38787
1.38787
1.38788
1.38792
1.38798
1.38807
1.38817
1.38826
1.38835
1.38841
1.38845
1.38846
1.38842
1.38834
1.38822
1.38811
1.38803
1.38797
1.38793
1.38793
1.38795
1.38797
1.38798
1.38801
1.38802
1.38804
1.38804
1.38804
1.38803
1.38804
1.38804
1.38804
1.38805
1.38806
1.3881
1.38814
1.38818
1.38822
1.38827
1.38831
1.38835
1.38836
1.38838
1.38839
1.38837
1.38835
1.38832
1.38831
1.3883
1.38829
1.3883
1.3883
1.3883
1.38829
1.38828
1.38826
1.38824
1.38822
1.38819
1.38815
1.38812
1.38809
1.38805
1.388
1.38796
1.38794
1.38793
1.38794
1.38797
1.38801
1.38806
1.38813
1.3882
1.38826
1.38834
1.3884
1.38845
1.3885
1.38853
1.38856
1.38858
1.3886
1.3886
1.38859
1.38856
1.38852
1.38845
1.38838
1.38828
1.38814
1.38799
1.38784
1.38771
1.38763
1.38759
1.3876
1.38765
1.38773
1.38782
1.38793
1.38802
1.3881
1.38817
1.38822
1.38827
1.3883
1.38833
1.38836
1.3884
1.38845
1.38852
1.38861
1.38872
1.38884
1.38897
1.38908
1.38914
1.3891
1.38896
1.38873
1.38846
1.38824
1.3881
1.38805
1.38806
1.38806
1.38802
1.38792
1.38781
1.38772
1.38766
1.38767
1.38772
1.3878
1.38791
1.38802
1.38812
1.38821
1.38828
1.38833
1.38837
1.38837
1.38835
1.38831
1.38826
1.38821
1.38814
1.3881
1.38807
1.38808
1.38811
1.38814
1.38818
1.38825
1.38834
1.38844
1.38856
1.38868
1.3888
1.38889
1.38892
1.38888
1.38873
1.38851
1.38825
1.38802
1.38788
1.38781
1.38782
1.38786
1.38793
1.388
1.38807
1.38814
1.3882
1.38826
1.38833
1.38842
1.3885
1.38859
1.38867
1.38873
1.38876
1.38876
1.38875
1.38879
1.38887
1.38898
1.38901
1.38885
1.38843
1.38784
1.38731
1.38701
1.387
1.38718
1.38743
1.38768
1.38789
1.38807
1.38822
1.38834
1.38844
1.38853
1.38859
1.3886
1.38855
1.38846
1.38831
1.3881
1.38792
1.38777
1.38769
1.38767
1.38771
1.38778
1.38787
1.38796
1.38805
1.38813
1.3882
1.38827
1.38833
1.38838
1.38842
1.38845
1.38848
1.38848
1.38848
1.38845
1.38843
1.3884
1.38837
1.38836
1.38835
1.38835
1.38836
1.38838
1.3884
1.38841
1.3884
1.38838
1.38833
1.3883
1.38826
1.38821
1.38818
1.38816
1.38814
1.38813
1.38812
1.38812
1.38812
1.38812
1.38811
1.38811
1.38811
1.38811
1.38812
1.38811
1.38811
1.38811
1.38812
1.38813
1.38814
1.38815
1.38817
1.3882
1.38821
1.38823
1.38823
1.38823
1.38823
1.38822
1.38822
1.38822
1.38824
1.38825
1.38826
1.38829
1.38831
1.38833
1.38836
1.38837
1.38837
1.38834
1.38831
1.38826
1.38818
1.38811
1.38803
1.38797
1.38793
1.3879
1.38788
1.38788
1.3879
1.38793
1.38797
1.38802
1.38806
1.38811
1.38816
1.38822
1.38828
1.38835
1.38842
1.38847
1.38852
1.38855
1.38855
1.38853
1.38851
1.3885
1.38851
1.38855
1.38862
1.38866
1.38862
1.38844
1.38807
1.38759
1.38715
1.38688
1.38682
1.38691
1.3871
1.38734
1.33169
1.33189
1.33208
1.33227
1.33244
1.33263
1.33282
1.33301
1.33318
1.33327
1.33322
1.333
1.33262
1.33218
1.33181
1.33159
1.33154
1.3316
1.33171
1.33186
1.332
1.33212
1.33224
1.33233
1.33241
1.33249
1.33256
1.33262
1.33268
1.33273
1.33277
1.3328
1.3328
1.33279
1.33275
1.33268
1.3326
1.33252
1.33245
1.33234
1.33226
1.33217
1.33209
1.33203
1.33198
1.33195
1.33195
1.33196
1.33199
1.33204
1.33211
1.33217
1.33222
1.33226
1.33229
1.33231
1.33232
1.33233
1.33232
1.33231
1.33229
1.33229
1.33229
1.33229
1.3323
1.33232
1.33233
1.33233
1.33233
1.33232
1.3323
1.33228
1.33226
1.33225
1.33226
1.33228
1.33232
1.3324
1.33252
1.33267
1.33282
1.33295
1.33303
1.33301
1.33288
1.33264
1.33239
1.33218
1.33207
1.33207
1.33213
1.33221
1.33228
1.3323
1.33225
1.33216
1.33207
1.332
1.33198
1.33201
1.33209
1.33221
1.33235
1.33249
1.3326
1.33268
1.33272
1.33269
1.3326
1.33247
1.33231
1.33212
1.33195
1.33184
1.33181
1.33186
1.33198
1.33217
1.3324
1.33265
1.33288
1.33305
1.33314
1.3331
1.33292
1.33258
1.33214
1.3317
1.33135
1.33118
1.3312
1.33138
1.33161
1.33186
1.33209
1.33229
1.33245
1.33257
1.33266
1.33273
1.33276
1.33277
1.33275
1.3327
1.33263
1.33256
1.33246
1.33237
1.33229
1.33224
1.33221
1.33221
1.33222
1.33226
1.3323
1.33236
1.33243
1.33249
1.33256
1.33261
1.33265
1.33266
1.33264
1.33259
1.3325
1.3324
1.3323
1.33223
1.33218
1.33217
1.33219
1.33222
1.33227
1.33233
1.33238
1.33244
1.3325
1.33254
1.33256
1.33256
1.33253
1.33245
1.33236
1.33228
1.33223
1.33222
1.33227
1.33234
1.33241
1.33246
1.33251
1.33252
1.33251
1.33248
1.33244
1.33238
1.33233
1.33229
1.33225
1.33223
1.33222
1.3322
1.33221
1.3322
1.33219
1.33219
1.33218
1.33218
1.33218
1.33217
1.33217
1.33219
1.3322
1.33222
1.33226
1.33229
1.33231
1.33233
1.33233
1.33233
1.33231
1.33228
1.33224
1.3322
1.33218
1.33217
1.33219
1.33223
1.33231
1.3324
1.33252
1.33264
1.33275
1.33282
1.33285
1.33281
1.33271
1.33258
1.33246
1.33237
1.33234
1.33236
1.3324
1.33245
1.3325
1.33253
1.33252
1.33247
1.33244
1.33239
1.33237
1.33238
1.33242
1.33252
1.33266
1.33282
1.33294
1.33287
1.33249
1.33183
1.33111
1.33064
1.33056
1.33078
1.33116
1.33155
1.33189
1.33217
1.3324
1.33259
1.33275
1.33291
1.33307
1.33325
1.33344
1.33364
1.33382
1.33396
1.33397
1.33379
1.33339
1.33279
1.3321
1.33146
1.33099
1.33075
1.33071
1.33084
1.33108
1.33135
1.33161
1.33183
1.33202
1.33218
1.3323
1.33239
1.33247
1.33251
1.33255
1.33257
1.33261
1.33261
1.33264
1.33267
1.33269
1.33272
1.33276
1.33281
1.33288
1.33299
1.33312
1.33324
1.33333
1.33329
1.33307
1.33266
1.33214
1.33167
1.33138
1.33129
1.33136
1.33151
1.33168
1.33185
1.33198
1.3321
1.33219
1.33226
1.33231
1.33235
1.33236
1.33237
1.33237
1.33237
1.33236
1.33236
1.33235
1.33234
1.33233
1.33232
1.33232
1.33231
1.33231
1.33232
1.33232
1.33234
1.33236
1.33238
1.33239
1.33241
1.33242
1.33243
1.33245
1.33245
1.33245
1.33245
1.33244
1.33243
1.33242
1.3324
1.33239
1.33237
1.33236
1.33236
1.33236
1.33237
1.33236
1.33237
1.33238
1.33239
1.33241
1.33244
1.33247
1.33251
1.33256
1.33262
1.3327
1.33278
1.33285
1.33288
1.33285
1.33272
1.33249
1.3322
1.33188
1.33164
1.3315
1.33146
1.33151
1.33159
1.33171
1.33183
1.33194
1.33204
1.33213
1.3322
1.33227
1.33233
1.33238
1.33241
1.33244
1.33246
1.33246
1.33246
1.33245
1.33243
1.33242
1.33241
1.3324
1.33238
1.33236
1.33233
1.33229
1.33225
1.33221
1.33217
1.33214
1.33212
1.33211
1.33212
1.33215
1.33217
1.33221
1.33223
1.33225
1.33226
1.33226
1.33223
1.33219
1.33214
1.33211
1.33208
1.33211
1.33217
1.33229
1.33245
1.33263
1.33283
1.33301
1.33317
1.33325
1.33321
1.33307
1.33285
1.33257
1.3323
1.3321
1.33196
1.3319
1.33189
1.33192
1.33195
1.33197
1.33197
1.33195
1.33192
1.3319
1.33187
1.33186
1.33187
1.3319
1.33195
1.33202
1.33209
1.33217
1.33226
1.33235
1.33243
1.33249
1.33254
1.33258
1.3326
1.33262
1.33262
1.33262
1.33265
1.33267
1.33269
1.3327
1.33271
1.33272
1.33269
1.33263
1.33257
1.33249
1.33241
1.33235
1.33229
1.33226
1.33224
1.33222
1.3322
1.33218
1.33216
1.33215
1.33216
1.3322
1.33225
1.33233
1.33242
1.33251
1.33255
1.33251
1.3324
1.33222
1.33203
1.33189
1.33182
1.33182
1.3319
1.33201
1.33215
1.33229
1.33243
1.33258
1.33273
1.33287
1.33298
1.33305
1.33304
1.33292
1.3327
1.33242
1.33218
1.332
1.33193
1.33195
1.33204
1.33215
1.33228
1.33241
1.33256
1.3327
1.33284
1.33297
1.33306
1.33308
1.33301
1.33284
1.33259
1.3323
1.33204
1.33184
1.33171
1.33164
1.33161
1.33163
1.33167
1.33173
1.3318
1.33187
1.33194
1.33201
1.33206
1.3321
1.33213
1.33217
1.33222
1.33226
1.3323
1.33233
1.33237
1.33241
1.33245
1.33249
1.33252
1.33254
1.33254
1.33252
1.33249
1.33245
1.3324
1.33235
1.3323
1.33226
1.33223
1.33223
1.33224
1.33226
1.3323
1.33233
1.33235
1.33236
1.33234
1.33231
1.33227
1.33221
1.33215
1.33211
1.33209
1.33209
1.33211
1.33215
1.33221
1.33227
1.33232
1.33236
1.33238
1.33239
1.33239
1.33237
1.33237
1.33238
1.33241
1.33246
1.33252
1.3326
1.33267
1.33273
1.33273
1.33267
1.33255
1.33238
1.33218
1.33198
1.33182
1.33172
1.33168
1.33169
1.33174
1.33182
1.33191
1.33199
1.33208
1.33215
1.3322
1.33223
1.33226
1.33229
1.33229
1.33231
1.33231
1.3323
1.33229
1.33227
1.33224
1.3322
1.33216
1.33213
1.33211
1.3321
1.3321
1.33209
1.33208
1.33207
1.33203
1.332
1.33197
1.33193
1.33191
1.3319
1.33192
1.33196
1.33202
1.3321
1.33217
1.33226
1.33235
1.33244
1.33251
1.33257
1.33262
1.33263
1.33263
1.33263
1.33263
1.33263
1.33265
1.33267
1.33269
1.33269
1.33263
1.33251
1.33236
1.33216
1.33196
1.33179
1.33167
1.33159
1.33154
1.33153
1.33157
1.33162
1.33168
1.33177
1.33184
1.33191
1.33197
1.33202
1.33205
1.33208
1.33208
1.33208
1.33207
1.33204
1.33203
1.332
1.33199
1.33198
1.33199
1.33202
1.33207
1.33215
1.33223
1.33234
1.33244
1.33252
1.33257
1.33257
1.33254
1.33251
1.33251
1.33256
1.33266
1.33276
1.33284
1.33286
1.33276
1.33258
1.33232
1.33207
1.33187
1.33173
1.33166
1.33165
1.33165
1.33166
1.33168
1.3317
1.33173
1.33177
1.33181
1.33186
1.33191
1.33196
1.33201
1.33205
1.33209
1.33212
1.33215
1.33219
1.33222
1.33225
1.33227
1.3323
1.33232
1.33234
1.33235
1.33236
1.33236
1.33235
1.33234
1.33234
1.33232
1.33231
1.33229
1.33228
1.33226
1.33224
1.33221
1.33219
1.33216
1.33213
1.3321
1.3321
1.3321
1.33212
1.33215
1.33219
1.33224
1.33228
1.33235
1.33239
1.33244
1.33248
1.33251
1.33252
1.33251
1.33248
1.33242
1.33237
1.33231
1.33224
1.33217
1.33211
1.33207
1.33205
1.33204
1.33206
1.3321
1.33216
1.33223
1.33231
1.33238
1.33244
1.33245
1.33243
1.33235
1.33223
1.3321
1.33197
1.33186
1.33177
1.33173
1.33172
1.33175
1.33179
1.33187
1.33195
1.33205
1.33213
1.3322
1.33226
1.33231
1.33236
1.33242
1.33251
1.33261
1.33275
1.3329
1.33304
1.33309
1.333
1.33272
1.33232
1.3319
1.33159
1.33147
1.33152
1.33166
1.33185
1.33203
1.33218
1.33228
1.33235
1.33238
1.33237
1.33233
1.33225
1.33218
1.33211
1.33208
1.33207
1.3321
1.33214
1.3322
1.33225
1.33229
1.33232
1.33234
1.33234
1.33232
1.3323
1.33227
1.33224
1.33219
1.33215
1.33211
1.33207
1.33208
1.33211
1.33216
1.33223
1.33232
1.33242
1.33252
1.33262
1.33271
1.33277
1.33277
1.3327
1.33256
1.33235
1.3321
1.33187
1.33171
1.33162
1.3316
1.33164
1.33171
1.33179
1.33187
1.33196
1.33205
1.33212
1.33219
1.33225
1.33229
1.33235
1.3324
1.33246
1.33252
1.33258
1.33264
1.33268
1.33272
1.33269
1.33262
1.3325
1.33235
1.33217
1.332
1.33186
1.33177
1.33174
1.33176
1.33183
1.33192
1.33204
1.33216
1.3323
1.33243
1.33255
1.33266
1.33274
1.3328
1.33282
1.3328
1.33272
1.33261
1.33247
1.33231
1.33215
1.33201
1.3319
1.33185
1.33182
1.33182
1.33185
1.33187
1.3319
1.33194
1.33198
1.33201
1.33203
1.33206
1.33207
1.33208
1.33208
1.33208
1.3321
1.33211
1.33212
1.33214
1.33216
1.33218
1.3322
1.33222
1.33223
1.33224
1.33225
1.33226
1.33226
1.33226
1.33224
1.33223
1.33222
1.3322
1.33218
1.33215
1.33212
1.3321
1.33208
1.33207
1.33206
1.33205
1.33205
1.33204
1.33204
1.33204
1.33203
1.33202
1.33202
1.33201
1.33201
1.33202
1.33202
1.33203
1.33204
1.33206
1.33209
1.33212
1.33216
1.33222
1.33228
1.33234
1.33239
1.33242
1.33243
1.33241
1.33234
1.33226
1.33214
1.33202
1.33189
1.33176
1.33164
1.33156
1.33154
1.33158
