-0.414857
-0.41741
-0.419873
-0.422364
-0.424921
-0.427508
-0.430035
-0.43241
-0.434542
-0.436333
-0.437739
-0.438707
-0.439203
-0.439189
-0.43863
-0.437491
-0.435772
-0.433507
-0.430789
-0.427833
-0.424939
-0.422433
-0.420562
-0.419427
-0.418779
-0.418073
-0.416479
-0.413013
-0.406686
-0.396717
-0.382842
-0.365803
-0.347748
-0.332145
-0.322688
-0.321561
-0.328357
-0.340559
-0.354996
-0.369087
-0.381305
-0.391113
-0.398589
-0.404096
-0.408047
-0.410835
-0.412773
-0.414098
-0.414971
-0.415469
-0.415619
-0.41537
-0.414648
-0.413328
-0.411323
-0.408599
-0.405184
-0.401204
-0.396858
-0.392401
-0.388114
-0.384283
-0.381102
-0.378662
-0.376941
-0.375855
-0.375295
-0.375212
-0.375597
-0.376429
-0.377559
-0.378635
-0.379232
-0.378888
-0.377341
-0.374711
-0.371486
-0.368499
-0.366637
-0.366526
-0.368198
-0.371178
-0.374708
-0.378116
-0.381006
-0.383254
-0.384911
-0.386052
-0.386634
-0.386494
-0.385286
-0.382596
-0.378043
-0.371341
-0.362591
-0.352501
-0.342551
-0.334739
-0.330867
-0.33171
-0.336605
-0.343958
-0.35209
-0.359786
-0.366467
-0.371955
-0.376342
-0.379783
-0.38244
-0.384458
-0.385959
-0.387063
-0.387832
-0.388344
-0.388646
-0.388793
-0.388824
-0.388769
-0.388676
-0.388531
-0.388349
-0.388135
-0.387863
-0.387477
-0.386901
-0.386023
-0.384685
-0.382715
-0.379867
-0.375904
-0.37054
-0.363526
-0.354614
-0.34369
-0.330962
-0.317214
-0.304163
-0.294499
-0.29118
-0.295864
-0.307826
-0.324264
-0.34188
-0.358187
-0.371901
-0.382608
-0.390394
-0.395527
-0.39828
-0.398934
-0.39769
-0.394816
-0.390633
-0.385594
-0.380261
-0.375255
-0.371106
-0.368093
-0.366159
-0.364947
-0.363967
-0.362827
-0.36136
-0.359674
-0.358103
-0.357062
-0.356918
-0.357895
-0.360043
-0.363211
-0.367175
-0.371675
-0.376463
-0.381348
-0.386177
-0.390819
-0.395192
-0.399209
-0.402772
-0.405749
-0.408014
-0.409402
-0.409719
-0.408788
-0.406497
-0.402893
-0.398257
-0.393163
-0.388395
-0.38479
-0.382883
-0.382696
-0.383746
-0.385252
-0.386533
-0.387123
-0.386858
-0.385829
-0.384299
-0.382558
-0.380911
-0.37962
-0.378875
-0.378831
-0.37958
-0.381114
-0.383368
-0.386182
-0.389312
-0.392521
-0.395559
-0.398237
-0.400386
-0.40195
-0.402887
-0.403232
-0.402998
-0.402203
-0.400784
-0.398646
-0.395587
-0.391291
-0.38544
-0.377821
-0.368716
-0.359186
-0.35093
-0.345442
-0.342886
-0.341883
-0.340619
-0.338384
-0.33617
-0.336079
-0.339948
-0.348334
-0.360295
-0.374021
-0.387596
-0.3996
-0.409176
-0.415964
-0.419881
-0.42098
-0.419342
-0.415102
-0.408603
-0.400537
-0.392085
-0.384855
-0.380372
-0.379452
-0.381814
-0.386256
-0.391319
-0.39583
-0.39911
-0.40096
-0.401497
-0.401049
-0.400054
-0.399004
-0.398398
-0.398588
-0.399759
-0.401835
-0.404531
-0.407471
-0.410262
-0.412606
-0.414283
-0.415223
-0.415411
-0.414883
-0.41371
-0.411972
-0.409744
-0.407053
-0.403906
-0.400263
-0.396081
-0.391302
-0.385953
-0.380188
-0.374394
-0.369157
-0.36521
-0.363106
-0.362996
-0.364476
-0.366725
-0.368802
-0.36994
-0.369773
-0.36832
-0.365921
-0.36314
-0.360574
-0.358715
-0.357787
-0.357784
-0.358492
-0.359625
-0.360959
-0.36237
-0.363833
-0.365426
-0.367251
-0.369403
-0.371906
-0.374713
-0.377697
-0.380685
-0.383494
-0.385974
-0.388025
-0.389606
-0.390719
-0.391398
-0.391693
-0.39167
-0.391395
-0.390917
-0.390301
-0.389574
-0.388781
-0.38795
-0.387099
-0.386262
-0.385425
-0.384587
-0.383754
-0.382905
-0.382013
-0.381054
-0.379991
-0.378799
-0.377437
-0.375891
-0.374165
-0.372306
-0.370363
-0.368421
-0.366602
-0.364985
-0.36366
-0.362634
-0.361874
-0.361307
-0.360865
-0.360561
-0.360502
-0.360903
-0.36198
-0.363884
-0.366582
-0.369808
-0.373209
-0.376373
-0.379003
-0.380902
-0.382046
-0.382531
-0.382561
-0.382402
-0.382351
-0.382669
-0.383544
-0.385026
-0.387032
-0.389397
-0.391909
-0.394358
-0.396586
-0.398512
-0.400065
-0.401225
-0.40198
-0.402345
-0.402328
-0.401981
-0.401402
-0.400733
-0.40019
-0.399968
-0.400237
-0.401073
-0.402454
-0.404242
-0.406281
-0.408408
-0.410521
-0.412557
-0.414509
-0.416364
-0.418146
-0.419844
-0.421391
-0.422682
-0.423591
-0.423971
-0.423672
-0.422545
-0.420517
-0.417522
-0.413619
-0.408943
-0.403767
-0.398413
-0.393321
-0.388959
-0.385767
-0.384142
-0.384365
-0.386544
-0.390559
-0.396083
-0.402591
-0.409517
-0.416311
-0.422563
-0.428026
-0.432536
-0.43605
-0.438613
-0.440289
-0.441216
-0.441545
-0.441454
-0.441107
-0.440635
-0.440156
-0.439733
-0.439418
-0.439221
-0.439123
-0.439151
-0.439287
-0.439524
-0.439849
-0.440266
-0.440767
-0.441369
-0.442085
-0.442879
-0.443671
-0.444324
-0.444497
-0.443659
-0.44109
-0.43594
-0.427625
-0.41652
-0.404856
-0.396855
-0.396816
-0.40593
-0.421068
-0.437165
-0.450259
-0.458614
-0.462203
-0.461851
-0.458761
-0.454203
-0.449501
-0.445712
-0.443445
-0.442781
-0.443272
-0.444264
-0.445115
-0.445399
-0.444956
-0.443848
-0.442264
-0.44046
-0.438699
-0.43718
-0.436047
-0.435404
-0.435301
-0.435797
-0.436917
-0.43867
-0.440989
-0.443741
-0.446683
-0.449555
-0.452079
-0.454053
-0.455303
-0.455789
-0.455517
-0.454566
-0.453073
-0.451237
-0.449249
-0.44732
-0.445607
-0.444174
-0.443057
-0.442203
-0.441536
-0.440959
-0.440363
-0.439633
-0.438663
-0.437354
-0.435636
-0.433457
-0.430858
-0.427944
-0.424894
-0.421968
-0.41939
-0.41732
-0.415794
-0.414732
-0.413965
-0.413304
-0.412611
-0.411846
-0.411053
-0.410321
-0.409749
-0.409411
-0.409328
-0.409446
-0.409657
-0.409872
-0.409983
-0.409932
-0.409686
-0.409244
-0.408656
-0.407954
-0.40718
-0.40641
-0.405674
-0.404997
-0.404433
-0.403981
-0.403683
-0.403554
-0.403599
-0.403827
-0.404248
-0.404836
-0.405576
-0.406441
-0.407402
-0.408413
-0.409427
-0.410402
-0.411276
-0.411978
-0.412412
-0.412448
-0.411966
-0.410779
-0.408774
-0.405894
-0.402228
-0.398125
-0.394253
-0.391531
-0.390843
-0.39271
-0.397038
-0.403146
-0.410046
-0.416817
-0.422794
-0.427665
-0.431285
-0.433701
-0.434994
-0.435263
-0.4346
-0.433089
-0.430802
-0.427865
-0.424375
-0.420489
-0.416352
-0.412088
-0.407786
-0.403529
-0.399429
-0.395639
-0.392328
-0.389621
-0.387498
-0.385795
-0.384327
-0.383006
-0.382028
-0.381759
-0.382571
-0.384633
-0.387772
-0.391596
-0.395689
-0.399671
-0.403318
-0.406546
-0.409317
-0.411642
-0.413531
-0.415008
-0.416058
-0.416716
-0.417021
-0.416992
-0.416659
-0.416029
-0.41513
-0.413939
-0.412466
-0.410724
-0.408735
-0.406552
-0.404252
-0.401928
-0.399701
-0.39768
-0.395964
-0.394601
-0.393613
-0.392988
-0.39269
-0.39266
-0.392842
-0.393214
-0.393738
-0.394393
-0.395199
-0.396154
-0.397269
-0.398548
-0.399982
-0.401565
-0.403263
-0.405039
-0.406822
-0.408573
-0.410167
-0.41156
-0.412627
-0.413206
-0.413132
-0.412168
-0.410054
-0.406515
-0.401335
-0.394496
-0.386313
-0.377628
-0.369741
-0.364064
-0.36151
-0.362038
-0.364713
-0.368233
-0.371566
-0.374199
-0.376139
-0.377643
-0.379131
-0.380933
-0.383221
-0.38597
-0.389004
-0.392069
-0.394849
-0.397057
-0.398457
-0.398929
-0.398435
-0.39701
-0.394812
-0.392088
-0.389202
-0.386571
-0.384606
-0.383611
-0.383678
-0.384744
-0.386586
-0.388891
-0.391358
-0.393752
-0.395955
-0.397913
-0.399611
-0.401137
-0.402522
-0.403853
-0.405171
-0.406501
-0.407835
-0.409174
-0.410465
-0.411658
-0.412689
-0.413474
-0.413969
-0.414114
-0.413847
-0.413151
-0.412027
-0.41052
-0.408724
-0.406732
-0.40471
-0.402791
-0.401071
-0.399573
-0.398265
-0.39708
-0.395932
-0.39476
-0.393566
-0.392374
-0.391246
-0.390227
-0.389398
-0.388768
-0.388357
-0.388192
-0.388301
-0.388712
-0.38948
-0.390647
-0.392232
-0.394213
-0.396495
-0.398961
-0.401455
-0.403789
-0.405817
-0.407367
-0.408335
-0.408645
-0.408262
-0.407162
-0.4054
-0.403021
-0.4001
-0.396723
-0.392984
-0.388987
-0.384834
-0.380654
-0.376584
-0.372739
-0.36925
-0.366282
-0.363999
-0.362648
-0.362496
-0.363734
-0.366459
-0.370559
-0.375712
-0.381469
-0.387328
-0.392828
-0.397657
-0.401597
-0.404589
-0.406665
-0.407922
-0.408466
-0.408446
-0.407945
-0.407082
-0.405883
-0.404355
-0.40246
-0.400096
-0.397144
-0.39342
-0.388745
-0.38295
-0.375931
-0.367754
-0.358763
-0.349657
-0.341432
-0.335116
-0.331356
-0.33008
-0.330602
-0.331974
-0.333494
-0.334961
-0.336614
-0.338937
-0.342276
-0.346696
-0.351905
-0.357405
-0.362671
-0.367287
-0.370973
-0.373659
-0.375345
-0.376116
-0.376123
-0.375517
-0.374514
-0.373352
-0.372275
-0.371494
-0.371178
-0.371428
-0.37226
-0.373539
-0.37513
-0.376817
-0.378418
-0.379762
-0.380658
-0.380934
-0.380439
-0.379021
-0.376532
-0.372875
-0.368012
-0.362097
-0.355562
-0.349109
-0.343707
-0.34025
-0.339301
-0.340813
-0.344187
-0.348601
-0.353249
-0.357584
-0.361304
-0.36432
-0.366641
-0.368312
-0.369358
-0.36977
-0.369494
-0.368442
-0.366553
-0.363777
-0.360178
-0.355936
-0.351318
-0.346605
-0.341913
-0.337023
-0.331501
-0.324953
-0.317647
-0.311024
-0.307486
-0.309239
-0.316722
-0.328257
-0.3411
-0.352931
-0.362525
-0.369554
-0.374243
-0.376963
-0.378085
-0.377896
-0.376588
-0.374317
-0.371318
-0.367929
-0.364639
-0.362064
-0.360861
-0.361499
-0.364062
-0.3683
-0.373638
-0.379421
-0.385057
-0.390125
-0.394386
-0.397738
-0.400193
-0.401804
-0.402639
-0.402779
-0.402315
-0.401318
-0.399875
-0.398082
-0.396041
-0.3939
-0.391771
-0.389805
-0.388062
-0.386608
-0.385441
-0.384478
-0.383642
-0.382802
-0.381868
-0.380776
-0.379523
-0.378161
-0.376794
-0.375538
-0.374541
-0.373887
-0.373671
-0.373909
-0.374561
-0.375546
-0.376798
-0.378216
-0.379717
-0.381254
-0.382789
-0.384316
-0.385833
-0.387349
-0.388864
-0.390389
-0.391909
-0.393438
-0.394925
-0.396348
-0.39767
-0.398856
-0.399891
-0.400725
-0.401361
-0.401797
-0.402071
-0.402207
-0.402274
-0.402317
-0.402374
-0.402484
-0.402638
-0.402808
-0.402932
-0.402961
-0.402819
-0.402436
-0.401799
-0.400903
-0.399789
-0.398561
-0.397329
-0.396259
-0.395495
-0.395231
-0.395613
-0.396727
-0.398608
-0.40119
-0.404356
-0.407931
-0.41173
-0.41554
-0.419203
-0.4226
-0.425642
-0.428268
-0.430447
-0.43215
-0.433327
-0.433935
-0.43392
-0.433228
-0.431835
-0.429779
-0.427138
-0.424098
-0.420898
-0.417746
-0.414798
-0.412028
-0.409268
-0.406213
-0.4026
-0.398436
-0.394247
-0.391279
-0.391239
-0.395562
-0.404555
-0.417094
-0.431214
-0.445027
-0.457219
-0.4672
-0.475476
-0.480759
-0.484073
-0.485548
-0.485224
-0.483036
-0.478925
-0.472839
-0.464942
-0.455782
-0.446471
-0.438648
-0.434022
-0.433666
-0.437447
-0.444159
-0.452151
-0.460001
-0.466825
-0.472226
-0.476158
-0.478732
-0.4801
-0.480439
-0.479867
-0.478483
-0.476362
-0.473563
-0.470125
-0.466123
-0.461666
-0.456899
-0.452031
-0.447276
-0.442882
-0.439047
-0.435915
-0.433568
-0.432072
-0.431483
-0.43177
-0.432928
-0.434906
-0.437595
-0.440836
-0.444443
-0.448185
-0.45185
-0.45521
-0.458116
-0.460458
-0.462212
-0.4634
-0.464083
-0.464368
-0.464376
-0.464239
-0.464059
-0.463917
-0.463857
-0.46387
-0.463931
-0.463988
-0.463998
-0.46391
-0.46371
-0.463401
-0.463012
-0.462607
-0.462256
-0.46203
-0.461984
-0.46214
-0.462459
-0.462833
-0.463092
-0.463004
-0.462241
-0.460491
-0.45744
-0.452914
-0.446932
-0.439885
-0.432572
-0.426107
-0.421591
-0.419592
-0.419975
-0.421927
-0.42439
-0.426485
-0.427768
-0.428248
-0.428333
-0.428595
-0.42955
-0.431429
-0.434169
-0.437364
-0.440458
-0.442898
-0.444249
-0.444271
-0.442943
-0.440396
-0.436918
-0.4329
-0.428869
-0.425403
-0.423052
-0.4223
-0.423432
-0.426373
-0.430702
-0.435737
-0.440627
-0.444532
-0.446734
-0.44674
-0.44432
-0.439538
-0.432777
-0.424761
-0.416561
-0.40955
-0.40524
-0.404884
-0.409067
-0.417302
-0.428112
-0.439566
-0.449964
-0.45828
-0.464103
-0.46751
-0.468798
-0.468342
-0.46651
-0.46363
-0.459977
-0.455839
-0.451468
-0.447129
-0.443097
-0.439614
-0.43689
-0.435078
-0.434202
-0.434174
-0.434836
-0.435939
-0.437254
-0.438531
-0.439565
-0.440191
-0.440285
-0.439766
-0.438591
-0.436764
-0.434343
-0.431468
-0.428359
-0.42531
-0.422646
-0.420703
-0.419696
-0.419668
-0.420495
-0.421922
-0.423613
-0.425271
-0.426666
-0.427636
-0.428087
-0.427983
-0.427301
-0.426045
-0.424288
-0.422183
-0.419989
-0.418066
-0.416798
-0.4164
-0.416888
-0.418036
-0.419431
-0.420644
-0.421371
-0.421454
-0.420902
-0.419856
-0.418572
-0.4173
-0.416294
-0.415711
-0.41568
-0.416188
-0.417175
-0.41854
-0.420148
-0.421899
-0.423714
-0.425526
-0.427355
-0.429211
-0.431119
-0.433112
-0.435207
-0.437388
-0.439657
-0.44194
-0.444162
-0.446277
-0.448201
-0.449885
-0.451302
-0.45246
-0.453388
-0.454175
-0.45492
-0.455768
-0.456865
-0.458309
-0.460124
-0.46225
-0.464559
-0.466814
-0.468751
-0.470069
-0.470518
-0.46988
-0.468051
-0.465051
-0.461139
-0.456701
-0.45234
-0.448664
-0.446087
-0.44472
-0.444327
-0.444418
-0.444507
-0.444231
-0.443433
-0.442162
-0.440616
-0.439064
-0.437729
-0.436736
-0.436154
-0.43587
-0.435685
-0.435266
-0.434173
-0.431925
-0.428117
-0.422867
-0.417368
-0.414181
-0.416435
-0.425861
-0.441259
-0.459229
-0.476238
-0.490091
-0.500084
-0.506427
-0.50967
-0.510384
-0.509022
-0.505892
-0.501125
-0.494751
-0.486686
-0.476797
-0.464936
-0.45112
-0.435682
-0.419543
-0.40429
-0.392058
-0.384998
-0.384512
-0.390737
-0.402494
-0.417754
-0.434258
-0.45008
-0.46394
-0.475236
-0.483882
-0.490089
-0.494192
-0.4966
-0.497676
-0.497752
-0.497065
-0.495836
-0.494185
-0.49221
-0.489931
-0.48742
-0.484629
-0.481584
-0.478264
-0.474636
-0.470643
-0.466163
-0.461019
-0.454957
-0.447742
-0.439227
-0.429616
-0.419773
-0.411299
-0.406197
-0.405975
-0.410771
-0.419256
-0.429398
-0.439382
-0.448107
-0.455142
-0.460489
-0.46435
-0.466963
-0.468586
-0.469425
-0.469664
-0.469463
-0.468988
-0.468333
-0.467593
-0.46685
-0.466168
-0.465556
-0.465057
-0.464671
-0.464394
-0.464232
-0.464156
-0.46415
-0.464181
-0.464212
-0.464203
-0.464085
-0.463849
-0.463461
-0.462893
-0.46214
-0.461202
-0.460109
-0.458882
-0.457574
-0.456233
-0.454894
-0.453609
-0.452415
-0.451317
-0.450339
-0.449475
-0.448711
-0.448027
-0.447395
-0.446796
-0.446198
-0.445608
-0.44497
-0.444277
-0.443493
-0.442585
-0.441497
-0.440168
-0.438495
-0.436355
-0.4336
-0.430094
-0.425748
-0.420579
-0.414828
-0.409025
-0.404041
-0.400929
-0.400571
-0.403355
-0.408926
-0.41639
-0.424665
-0.432809
-0.440193
-0.446476
-0.451589
-0.455565
-0.458522
-0.46057
-0.461837
-0.462425
-0.462433
-0.461947
-0.461061
-0.459858
-0.458427
-0.456864
-0.455244
-0.453639
-0.452103
-0.450662
-0.449335
-0.448141
-0.447097
-0.44624
-0.445628
-0.445328
-0.445399
-0.445881
-0.446778
-0.448032
-0.449548
-0.451199
-0.452843
-0.454362
-0.455663
-0.456684
-0.457417
-0.457906
-0.458249
-0.458608
-0.459173
-0.460117
-0.461518
-0.463356
-0.465466
-0.467499
-0.469054
-0.469669
-0.468928
-0.466489
-0.462146
-0.455876
-0.447921
-0.438845
-0.429541
-0.421077
-0.414504
-0.410569
-0.409445
-0.410756
-0.413762
-0.417645
-0.42174
-0.425651
-0.429273
-0.432688
-0.436069
-0.439609
-0.443427
-0.447576
-0.452029
-0.456655
-0.461266
-0.465665
-0.469642
-0.473028
-0.475672
-0.477491
-0.478429
-0.478522
-0.477826
-0.476473
-0.474595
-0.472326
-0.469819
-0.467158
-0.464433
-0.461633
-0.45871
-0.455637
-0.452369
-0.448896
-0.445278
-0.441646
-0.438205
-0.435163
-0.432699
-0.430944
-0.429942
-0.429624
-0.429897
-0.43059
-0.431596
-0.432815
-0.434206
-0.435754
-0.437441
-0.439224
-0.440958
-0.44245
-0.443449
-0.44369
-0.443031
-0.441486
-0.43938
-0.437311
-0.436056
-0.436316
-0.43843
-0.442199
-0.447001
-0.452028
-0.456542
-0.46004
-0.462242
-0.463032
-0.462375
-0.460239
-0.456618
-0.451552
-0.445176
-0.437836
-0.430214
-0.423264
-0.418042
-0.41531
-0.4152
-0.417184
-0.420306
-0.423568
-0.426215
-0.42783
-0.42822
-0.427311
-0.425058
-0.421444
-0.416407
-0.410009
-0.402498
-0.394432
-0.386652
-0.380174
-0.375902
-0.374366
-0.375521
-0.378915
-0.383891
-0.389795
-0.396099
-0.402374
-0.408319
-0.413739
-0.418501
-0.422573
-0.425959
-0.428707
-0.430893
-0.432581
-0.433837
-0.434703
-0.435207
-0.435374
-0.43519
-0.434661
-0.433741
-0.432441
-0.430743
-0.428672
-0.4263
-0.423719
-0.421062
-0.418489
-0.416169
-0.414259
-0.412868
-0.412047
-0.411768
-0.411931
-0.412384
-0.412929
-0.413419
-0.413699
-0.41368
-0.41335
-0.412764
-0.412039
-0.411351
-0.410887
-0.410847
-0.411356
-0.41246
-0.414088
-0.416086
-0.418233
-0.42028
-0.422011
-0.42326
-0.423954
-0.424109
-0.423804
-0.423174
-0.422348
-0.421469
-0.420629
-0.4198
-0.418914
-0.417808
-0.41628
-0.414132
-0.4112
-0.407461
-0.403057
-0.398381
-0.393973
-0.390476
-0.388487
-0.388366
-0.390186
-0.393691
-0.398417
-0.403801
-0.409298
-0.414463
-0.41895
-0.422596
-0.425342
-0.427224
-0.428369
-0.428915
-0.42903
-0.428817
-0.428394
-0.427838
-0.427167
-0.426449
-0.425731
-0.425104
-0.424664
-0.424512
-0.424705
-0.42525
-0.426093
-0.427152
-0.428335
-0.429565
-0.430839
-0.432168
-0.433646
-0.435383
-0.437448
-0.439898
-0.442723
-0.445815
-0.449033
-0.452186
-0.455081
-0.457502
-0.459291
-0.460322
-0.460479
-0.459711
-0.458021
-0.455472
-0.452198
-0.448381
-0.444243
-0.439989
-0.435745
-0.431561
-0.427376
-0.423063
-0.418518
-0.413758
-0.408953
-0.404499
-0.400907
-0.398686
-0.398247
-0.399719
-0.402989
-0.407717
-0.413479
-0.419839
-0.426388
-0.432763
-0.438717
-0.44404
-0.448603
-0.452389
-0.455418
-0.457757
-0.459534
-0.460891
-0.461955
-0.46289
-0.463808
-0.464843
-0.466077
-0.467544
-0.469276
-0.471209
-0.473254
-0.475253
-0.477019
-0.478327
-0.478945
-0.478686
-0.477403
-0.475107
-0.471943
-0.468233
-0.464367
-0.460675
-0.457288
-0.45402
-0.45047
-0.446156
-0.440803
-0.434468
-0.427658
-0.421274
-0.416318
-0.413667
-0.41363
-0.415956
-0.419994
-0.424995
-0.430363
-0.435775
-0.441074
-0.446203
-0.451123
-0.455781
-0.460109
-0.464045
-0.467516
-0.470505
-0.472999
-0.475019
-0.476586
-0.477754
-0.47854
-0.478987
-0.479117
-0.478959
-0.478536
-0.477872
-0.476966
-0.47585
-0.474534
-0.473058
-0.471452
-0.469764
-0.468052
-0.466355
-0.464724
-0.463193
-0.461782
-0.460511
-0.459371
-0.458382
-0.45757
-0.456994
-0.456701
-0.456749
-0.457139
-0.457827
-0.458696
-0.459603
-0.460372
-0.460857
-0.460939
-0.460562
-0.459698
-0.458331
-0.456495
-0.454185
-0.451455
-0.448374
-0.445081
-0.441767
-0.438624
-0.435859
-0.43359
-0.431934
-0.430939
-0.430606
-0.430886
-0.431695
-0.432893
-0.43427
-0.435591
-0.436609
-0.437104
-0.436923
-0.435974
-0.434241
-0.43186
-0.429126
-0.426453
-0.42437
-0.42333
-0.423607
-0.425238
-0.428077
-0.431851
-0.436229
-0.440882
-0.445459
-0.44965
-0.453175
-0.45591
-0.457776
-0.458845
-0.4592
-0.458951
-0.458179
-0.456896
-0.455045
-0.452463
-0.448917
-0.444099
-0.437801
-0.430024
-0.421282
-0.412737
-0.40609
-0.402967
-0.404107
-0.408889
-0.41567
-0.42266
-0.428577
-0.432784
-0.435177
-0.43597
-0.4355
-0.434136
-0.432287
-0.430356
-0.428712
-0.427665
-0.427355
-0.427765
-0.428693
-0.429855
-0.430904
-0.431582
-0.43173
-0.431298
-0.430358
-0.429042
-0.427532
-0.425996
-0.424571
-0.423346
-0.422409
-0.421816
-0.421678
-0.422015
-0.422844
-0.424045
-0.425396
-0.426641
-0.427504
-0.42774
-0.427157
-0.425632
-0.423109
-0.419581
-0.415141
-0.410007
-0.404605
-0.399575
-0.395668
-0.393635
-0.393942
-0.396569
-0.40109
-0.406808
-0.413008
-0.419085
-0.42464
-0.429435
-0.433363
-0.436396
-0.43858
-0.439987
-0.440683
-0.440743
-0.440217
-0.439122
-0.43748
-0.435262
-0.432453
-0.429041
-0.425037
-0.420522
-0.415654
-0.410787
-0.406321
-0.402765
-0.400588
-0.400127
-0.40143
-0.404278
-0.408212
-0.412671
-0.417094
-0.420997
-0.424031
-0.425946
-0.426624
-0.425978
-0.424034
-0.420828
-0.416489
-0.41117
-0.405121
-0.398689
-0.392289
-0.38639
-0.381451
-0.377852
-0.375817
-0.37537
-0.376349
-0.378434
-0.381273
-0.384523
-0.387887
-0.391133
-0.394127
-0.396783
-0.39907
-0.401017
-0.402693
-0.404133
-0.405406
-0.406567
-0.407644
-0.408663
-0.40961
-0.41046
-0.411211
-0.411826
-0.412274
-0.412551
-0.412637
-0.412525
-0.412219
-0.411738
-0.411091
-0.410314
-0.409438
-0.408531
-0.407626
-0.406788
-0.406056
-0.405469
-0.405084
-0.404922
-0.404977
-0.405266
-0.405746
-0.406408
-0.407213
-0.408157
-0.409206
-0.410342
-0.411552
-0.412823
-0.414156
-0.415542
-0.416971
-0.418443
-0.419939
-0.421445
-0.422921
-0.424365
-0.425707
-0.426907
-0.427891
-0.428584
-0.428924
-0.428807
-0.428153
-0.426929
-0.425094
-0.422692
-0.419853
-0.416792
-0.413815
-0.411286
-0.409519
-0.408796
-0.409258
-0.411026
-0.41413
-0.418493
-0.423841
-0.429695
-0.435418
