0.0969496 0 0
0.161583 0 0
0.226216 0 0
0.290849 0 0
0.355482 0 0
0.420115 0 0
0.484748 0 0
0.549381 0 0
0.614014 0 0
0.678647 0 0
0.74328 0 0
0.807913 0 0
0.872546 0 0
0.937179 0 0
1.00181 0.0590462 0.0110424
1.06645 0.464964 0.0286525
1.13108 0.878386 0.0371439
1.19571 0.999657 0.0332394
1.26034 0.911259 0.032543
1.32498 0.779094 0.0260887
1.38961 0.726027 0.0263029
1.45424 0.578856 0.0246418
1.51888 0.564245 0.0213533
1.58351 0.546405 0.0203389
1.64814 0.532091 0.0181392
1.71278 0.459279 0.0190493
1.77741 0.467621 0.0171033
1.84204 0.499214 0.0171793
1.90667 0.502319 0.0187503
1.97131 0.51451 0.0160332
2.03594 0.496114 0.0130503
2.10057 0.492924 0.0162792
2.16521 0.4688 0.0147298
2.22984 0.478243 0.0163661
2.29447 0.456877 0.012344
2.35911 0.496913 0.0115617
2.42374 0.476199 0.012144
2.48837 0.493391 0.0128549
2.55301 0.466278 0.0114744
2.61764 0.486461 0.011824
2.68227 0.496258 0.0129816
2.7469 0.482547 0.0119434
2.81154 0.488883 0.01017
2.87617 0.489207 0.0103137
2.9408 0.475849 0.0096
3.00544 0.454594 0.0109228
3.07007 0.465167 0.00835121
3.1347 0.485163 0.00950433
3.19934 0.492934 0.00991669
3.26397 0.486233 0.00991275
3.3286 0.490581 0.00776446
3.39323 0.480784 0.00955209
3.45787 0.47728 0.00936897
3.5225 0.465806 0.00822056
3.58713 0.475928 0.00749423
3.65177 0.468121 0.00683486
3.7164 0.466507 0.00827788
3.78103 0.472065 0.00781421
3.84567 0.468048 0.00693624
3.9103 0.452107 0.00702786
3.97493 0.453109 0.00572018
4.03957 0.477428 0.00533088
4.1042 0.48525 0.00629303
4.16883 0.452216 0.00459953
4.23346 0.462176 0.00640563
4.2981 0.465906 0.00604761
4.36273 0.473167 0.00535274
4.42736 0.478063 0.00561844
4.492 0.489038 0.00519295
4.55663 0.48866 0.00507666
4.62126 0.486404 0.00528959
4.6859 0.486577 0.00571793
4.75053 0.497978 0.00399766
4.81516 0.504957 0.00501323
4.87979 0.501914 0.00261087
4.94443 0.503054 0.00420525
5.00906 0.495426 0.00409103
5.07369 0.492273 0.00479119
5.13833 0.495684 0.00279942
5.20296 0.49212 0.00382359
5.26759 0.506659 0.00339395
5.33223 0.493408 0.00372839
5.39686 0.489567 0.00213943
5.46149 0.488521 0.00385316
5.52612 0.486344 0.00372522
5.59076 0.481729 0.00211058
5.65539 0.482543 0.00150213
5.72002 0.472606 0.00428089
5.78466 0.462445 0.00389361
5.84929 0.470741 0.00088951
5.91392 0.4785 0.00455362
5.97856 0.471145 0.00289995
6.04319 0.473545 0.00348582
6.10782 0.477205 0.00157308
6.17246 0.483062 0.000983339
6.23709 0.496722 0.00128298
6.30172 0.493418 -nan
6.36635 0.484013 -nan
6.43099 0.481555 0.00287292
6.49562 0.474127 -nan
0.0969496 0 0
0.161583 0 0
0.226216 0 0
0.290849 0 0
0.355482 0 0
0.420115 0 0
0.484748 0 0
0.549381 0 0
0.614014 0 0
0.678647 0 0
0.74328 0 0
0.807913 0 0
0.872546 0 0
0.937179 0.00259492 0.00260786
1.00181 0.0499622 0.0100283
1.06645 0.521081 0.032338
1.13108 0.890858 0.0356664
1.19571 1.2707 0.036253
1.26034 1.00454 0.0369139
1.32498 0.923227 0.035114
1.38961 0.772067 0.0302526
1.45424 0.716833 0.0257223
1.51888 0.584996 0.0239132
1.58351 0.560952 0.0217641
1.64814 0.571536 0.020461
1.71278 0.529997 0.0199787
1.77741 0.513085 0.0182192
1.84204 0.480402 0.0168868
1.90667 0.472217 0.0156147
1.97131 0.501603 0.0161737
2.03594 0.493914 0.0163352
2.10057 0.506875 0.0189201
2.16521 0.511109 0.0170122
2.22984 0.499335 0.0154309
2.29447 0.517939 0.0102713
2.35911 0.474792 0.0134245
2.42374 0.492112 0.012998
2.48837 0.485291 0.0113743
2.55301 0.468377 0.0124955
2.61764 0.463502 0.0116258
2.68227 0.467103 0.0110782
2.7469 0.48436 0.01136
2.81154 0.466674 0.0110184
2.87617 0.467434 0.0114083
2.9408 0.456605 0.0102747
3.00544 0.471758 0.00956886
3.07007 0.481132 0.0105779
3.1347 0.464745 0.0100085
3.19934 0.4593 0.00892092
3.26397 0.462263 0.00842997
3.3286 0.463418 0.00665373
3.39323 0.466922 0.00863257
3.45787 0.446961 0.0075675
3.5225 0.473708 0.00860588
3.58713 0.469017 0.00591216
3.65177 0.476498 0.00591913
3.7164 0.466507 0.0075433
3.78103 0.469514 0.00721358
3.84567 0.47406 0.00643127
3.9103 0.478649 0.00612958
3.97493 0.49106 0.00743971
4.03957 0.48665 0.00692088
4.1042 0.486333 0.00676813
4.16883 0.48239 0.00528409
4.23346 0.484438 0.00529609
4.2981 0.469855 0.00719023
4.36273 0.483588 0.00484466
4.42736 0.462128 0.00481759
4.492 0.472541 0.0070044
4.55663 0.491845 0.00448945
4.62126 0.487899 0.00450534
4.6859 0.472767 0.00491843
4.75053 0.468679 0.00437037
4.81516 0.468375 0.00552845
4.87979 0.4752 0.00442287
4.94443 0.470879 0.00449027
5.00906 0.487702 0.0039293
5.07369 0.488996 0.00334706
5.13833 0.48558 0.00406521
5.20296 0.476539 0.00476169
5.26759 0.473544 0.00289257
5.33223 0.474163 0.00273443
5.39686 0.47759 0.00395766
5.46149 0.485234 0.00376085
5.52612 0.490226 0.00481695
5.59076 0.48647 0.00317338
5.65539 0.478409 0.0025239
5.72002 0.48508 0.0039938
5.78466 0.485407 0.0024928
5.84929 0.481203 0.00356797
5.91392 0.485802 0.00276852
5.97856 0.476184 0.00298892
6.04319 0.484283 0.00215948
6.10782 0.479649 0.00259847
6.17246 0.477377 0.00145351
6.23709 0.484532 0.00252756
6.30172 0.486011 0.00197925
6.36635 0.4821 0.00265813
6.43099 0.476207 0.00200369
6.49562 0.471803 0.0033378
