1.20181
1.20352
1.20517
1.20683
1.20853
1.21026
1.21195
1.21355
1.21498
1.2162
1.21717
1.21784
1.21821
1.21824
1.2179
1.21718
1.21607
1.21459
1.2128
1.21084
1.2089
1.20719
1.2059
1.2051
1.20464
1.2042
1.20322
1.20106
1.19706
1.19067
1.18168
1.17048
1.15842
1.14774
1.14094
1.13962
1.14368
1.15155
1.16111
1.17058
1.17888
1.18559
1.19072
1.19451
1.19724
1.19917
1.20051
1.20143
1.20203
1.20239
1.20251
1.20238
1.20193
1.20109
1.1998
1.19804
1.19581
1.19319
1.19031
1.18734
1.18446
1.18187
1.1797
1.17802
1.17683
1.17607
1.17567
1.17558
1.17581
1.17634
1.17707
1.17781
1.17825
1.1781
1.17716
1.17547
1.17334
1.1713
1.16997
1.16977
1.17078
1.17269
1.17503
1.17732
1.17929
1.18083
1.18197
1.18276
1.18319
1.18315
1.18243
1.18076
1.17785
1.17353
1.16781
1.16114
1.15445
1.14903
1.14615
1.1464
1.14944
1.15423
1.15964
1.16482
1.16935
1.17309
1.17609
1.17843
1.18025
1.18163
1.18267
1.18342
1.18396
1.18431
1.18453
1.18464
1.18467
1.18464
1.18457
1.18447
1.18436
1.18422
1.18405
1.1838
1.18343
1.18287
1.18202
1.18075
1.17891
1.17635
1.17288
1.16832
1.1625
1.15536
1.14697
1.13783
1.12901
1.12225
1.11954
1.12213
1.12969
1.14045
1.1522
1.16321
1.17254
1.17988
1.18525
1.18884
1.19083
1.19139
1.19068
1.18887
1.18616
1.18285
1.1793
1.17592
1.17308
1.17099
1.16964
1.16879
1.16814
1.16739
1.16643
1.16532
1.16425
1.1635
1.16333
1.1639
1.16525
1.1673
1.1699
1.17287
1.17606
1.17932
1.18255
1.18566
1.18859
1.19129
1.1937
1.19573
1.19729
1.19828
1.19857
1.19804
1.1966
1.19428
1.19125
1.18785
1.18463
1.18212
1.18073
1.1805
1.18114
1.18214
1.18303
1.18347
1.18334
1.18271
1.18171
1.18056
1.17945
1.17855
1.17802
1.17794
1.17839
1.17936
1.18082
1.18266
1.18474
1.18688
1.18893
1.19074
1.19221
1.19329
1.19396
1.19423
1.19411
1.19361
1.19271
1.19133
1.18936
1.1866
1.18281
1.17785
1.17185
1.16548
1.15984
1.15597
1.1541
1.15338
1.1526
1.15116
1.14963
1.14936
1.15164
1.15694
1.16472
1.17381
1.18292
1.19106
1.19762
1.20234
1.20514
1.20606
1.20515
1.20249
1.19829
1.19299
1.18734
1.18239
1.17918
1.17833
1.17971
1.18258
1.18595
1.18902
1.1913
1.19262
1.19307
1.19282
1.19218
1.19147
1.19102
1.19109
1.1918
1.19312
1.19489
1.19685
1.19873
1.20033
1.20149
1.20217
1.20234
1.20203
1.20129
1.20018
1.19872
1.19696
1.19489
1.19251
1.18976
1.18662
1.18309
1.17927
1.17539
1.17184
1.1691
1.16756
1.16735
1.16826
1.16973
1.17115
1.17199
1.17197
1.17107
1.16951
1.16766
1.16592
1.16462
1.16394
1.16388
1.16431
1.16505
1.16593
1.16687
1.16785
1.1689
1.1701
1.17151
1.17316
1.17502
1.177
1.179
1.18089
1.18257
1.18398
1.18506
1.18584
1.18631
1.18653
1.18654
1.18637
1.18606
1.18566
1.18518
1.18465
1.1841
1.18354
1.18297
1.18241
1.18185
1.1813
1.18073
1.18014
1.17951
1.17881
1.17802
1.17713
1.17611
1.17497
1.17374
1.17244
1.17114
1.16992
1.16882
1.16792
1.16722
1.16669
1.1663
1.166
1.16579
1.16573
1.16596
1.16663
1.16785
1.1696
1.17173
1.17399
1.17613
1.17792
1.17924
1.18005
1.18041
1.18044
1.18034
1.18028
1.18046
1.181
1.18195
1.18325
1.18481
1.18648
1.18812
1.18962
1.19093
1.19199
1.19279
1.19332
1.19359
1.19361
1.1934
1.19302
1.19258
1.1922
1.19203
1.19217
1.19269
1.19357
1.19474
1.19609
1.19751
1.19892
1.20028
1.20158
1.20283
1.20403
1.20517
1.20621
1.20709
1.20773
1.20803
1.20788
1.2072
1.2059
1.20397
1.20142
1.19835
1.19492
1.19135
1.18793
1.18496
1.18274
1.18153
1.18155
1.18287
1.18545
1.18905
1.19334
1.19794
1.20249
1.20671
1.21041
1.21347
1.21588
1.21764
1.21882
1.21948
1.21974
1.2197
1.21948
1.21917
1.21884
1.21856
1.21834
1.21819
1.21813
1.21814
1.21822
1.21837
1.21859
1.21886
1.21918
1.21958
1.22004
1.22057
1.22111
1.22157
1.22173
1.22125
1.21968
1.21644
1.21111
1.20385
1.19601
1.19028
1.18964
1.19516
1.205
1.2158
1.2248
1.23071
1.2334
1.23339
1.23147
1.2285
1.22535
1.22273
1.22111
1.22057
1.22084
1.22149
1.22208
1.22232
1.22207
1.22137
1.22034
1.21915
1.21796
1.21693
1.21614
1.21568
1.21558
1.21587
1.21657
1.21769
1.2192
1.22101
1.22297
1.2249
1.22661
1.22797
1.22886
1.22923
1.2291
1.22851
1.22755
1.22635
1.22503
1.22374
1.22257
1.22159
1.22082
1.22024
1.21979
1.21941
1.21901
1.21854
1.21791
1.21707
1.21595
1.21453
1.21283
1.2109
1.20887
1.2069
1.20515
1.20373
1.20268
1.20194
1.20142
1.20097
1.20052
1.20001
1.19948
1.19899
1.1986
1.19837
1.1983
1.19836
1.1985
1.19865
1.19873
1.19871
1.19856
1.19828
1.1979
1.19743
1.19692
1.1964
1.1959
1.19545
1.19506
1.19476
1.19455
1.19445
1.19447
1.19461
1.19488
1.19526
1.19574
1.19631
1.19694
1.19761
1.19828
1.19894
1.19953
1.20001
1.20031
1.20037
1.20008
1.19935
1.19807
1.19621
1.19381
1.19109
1.18847
1.18655
1.18593
1.187
1.18973
1.19371
1.19829
1.20283
1.20689
1.21021
1.21271
1.2144
1.21534
1.21559
1.2152
1.21425
1.21278
1.21086
1.20857
1.206
1.20326
1.20042
1.19755
1.19471
1.19197
1.18942
1.18718
1.18533
1.18388
1.18272
1.18173
1.18084
1.18015
1.17991
1.18037
1.18166
1.18369
1.18622
1.18894
1.19161
1.19407
1.19625
1.19813
1.19972
1.20101
1.20202
1.20275
1.20322
1.20344
1.20345
1.20324
1.20285
1.20226
1.20149
1.20053
1.19938
1.19807
1.19663
1.1951
1.19355
1.19205
1.19069
1.18951
1.18858
1.18789
1.18745
1.18723
1.18719
1.18731
1.18754
1.18788
1.18831
1.18884
1.18946
1.19019
1.19104
1.19199
1.19304
1.19416
1.19534
1.19653
1.1977
1.19879
1.19973
1.20047
1.20089
1.20089
1.20032
1.19899
1.19674
1.1934
1.18894
1.18356
1.17777
1.17242
1.16845
1.16653
1.1667
1.16837
1.1707
1.17296
1.17477
1.17609
1.17711
1.17809
1.17926
1.18075
1.18256
1.18458
1.18664
1.18851
1.19003
1.19102
1.1914
1.19113
1.19024
1.18882
1.18703
1.18511
1.18333
1.18196
1.18122
1.18119
1.18185
1.18304
1.18455
1.18619
1.1878
1.18928
1.1906
1.19175
1.19277
1.19371
1.1946
1.19547
1.19636
1.19725
1.19814
1.199
1.19981
1.2005
1.20105
1.20141
1.20153
1.20138
1.20095
1.20023
1.19924
1.19806
1.19674
1.1954
1.19411
1.19294
1.19193
1.19105
1.19025
1.18948
1.18871
1.18791
1.18711
1.18635
1.18567
1.1851
1.18467
1.18438
1.18425
1.1843
1.18456
1.18504
1.1858
1.18682
1.18812
1.18962
1.19126
1.19293
1.19451
1.19588
1.19695
1.19764
1.1979
1.19768
1.197
1.19587
1.19432
1.1924
1.19017
1.1877
1.18505
1.18229
1.1795
1.17678
1.1742
1.17185
1.16982
1.16825
1.16728
1.16709
1.16782
1.16953
1.17218
1.17556
1.17937
1.18328
1.18699
1.19026
1.19295
1.19501
1.19646
1.19735
1.19776
1.19777
1.19748
1.19692
1.19614
1.19514
1.1939
1.19237
1.19044
1.18802
1.18498
1.18119
1.1766
1.17122
1.16527
1.15917
1.15359
1.14923
1.14654
1.14554
1.1458
1.14669
1.1477
1.14868
1.14976
1.15124
1.15339
1.15627
1.15971
1.16338
1.16693
1.17006
1.17259
1.17445
1.17564
1.17622
1.17627
1.1759
1.17526
1.17448
1.17375
1.1732
1.17296
1.17309
1.1736
1.17443
1.17547
1.1766
1.17769
1.1786
1.17922
1.17945
1.17918
1.17831
1.17673
1.17437
1.17121
1.16733
1.16299
1.15866
1.15496
1.15251
1.1517
1.15255
1.15471
1.15761
1.16071
1.16363
1.16616
1.16821
1.16981
1.17097
1.17171
1.17202
1.17188
1.17124
1.17003
1.16824
1.1659
1.16311
1.16005
1.15691
1.15378
1.15054
1.14692
1.14262
1.13777
1.13325
1.13061
1.13138
1.13602
1.14351
1.15207
1.16007
1.16663
1.17149
1.17476
1.17669
1.17754
1.17749
1.17668
1.17523
1.17327
1.17102
1.1688
1.16702
1.16611
1.1664
1.16799
1.17072
1.17422
1.17806
1.18185
1.18527
1.18817
1.19047
1.19216
1.19329
1.1939
1.19404
1.19376
1.19313
1.1922
1.19102
1.18968
1.18825
1.18683
1.1855
1.18433
1.18334
1.18254
1.18189
1.18133
1.18077
1.18016
1.17944
1.17862
1.17771
1.17679
1.17594
1.17525
1.17479
1.17462
1.17475
1.17516
1.1758
1.17663
1.17756
1.17856
1.17958
1.1806
1.18162
1.18263
1.18364
1.18465
1.18567
1.18668
1.1877
1.18869
1.18964
1.19053
1.19133
1.19202
1.19259
1.19302
1.19333
1.19352
1.19362
1.19367
1.1937
1.19374
1.1938
1.19391
1.19402
1.19411
1.19414
1.19405
1.19381
1.1934
1.19282
1.1921
1.19129
1.19047
1.18973
1.1892
1.18899
1.1892
1.18989
1.19109
1.19277
1.19485
1.19722
1.19974
1.20228
1.20474
1.20702
1.20907
1.21086
1.21234
1.21351
1.21433
1.21477
1.2148
1.21438
1.2135
1.21216
1.21044
1.20843
1.2063
1.20419
1.2022
1.20035
1.19852
1.19651
1.19415
1.1914
1.18858
1.18648
1.1862
1.18877
1.19447
1.20265
1.21203
1.22129
1.22955
1.23636
1.20478
1.20843
1.21077
1.21188
1.21178
1.21044
1.20783
1.2039
1.19875
1.1927
1.18646
1.1811
1.17776
1.17723
1.1795
1.18383
1.18912
1.1944
1.19903
1.20272
1.20544
1.20723
1.20822
1.20851
1.20819
1.20732
1.20595
1.20412
1.20187
1.19924
1.19629
1.19313
1.18989
1.18671
1.18375
1.18115
1.17901
1.1774
1.17635
1.17588
1.17602
1.17674
1.178
1.17975
1.18188
1.18426
1.18676
1.1892
1.19147
1.19344
1.19505
1.19625
1.19708
1.19756
1.19777
1.19779
1.19771
1.19759
1.19749
1.19744
1.19744
1.19748
1.19752
1.19753
1.19748
1.19735
1.19715
1.1969
1.19662
1.19638
1.19622
1.19618
1.19627
1.19647
1.19673
1.19692
1.19688
1.19643
1.19534
1.19341
1.19049
1.18659
1.18194
1.17705
1.17266
1.16949
1.16799
1.1681
1.16933
1.17097
1.17241
1.17332
1.17369
1.17375
1.1739
1.17447
1.17567
1.17745
1.17956
1.18164
1.18332
1.1843
1.18442
1.18362
1.182
1.17973
1.17708
1.17438
1.172
1.17035
1.16974
1.17037
1.17222
1.17503
1.17836
1.18166
1.18434
1.18594
1.18609
1.18464
1.18161
1.17722
1.17193
1.16644
1.16165
1.15854
1.15802
1.16051
1.16577
1.17286
1.18051
1.18756
1.19326
1.19731
1.19973
1.20072
1.20052
1.19939
1.19752
1.19514
1.1924
1.18949
1.18658
1.18386
1.1815
1.17963
1.17836
1.17771
1.17765
1.17805
1.17877
1.17964
1.1805
1.18121
1.18166
1.18176
1.18146
1.18072
1.17955
1.17797
1.17608
1.17402
1.17197
1.17016
1.1688
1.16806
1.16798
1.16848
1.1694
1.17052
1.17164
1.17259
1.17327
1.17361
1.17358
1.17316
1.17236
1.17122
1.16983
1.16837
1.16706
1.16616
1.16584
1.16611
1.16684
1.16777
1.16861
1.16914
1.16924
1.16891
1.16824
1.1674
1.16654
1.16585
1.16543
1.16537
1.16568
1.16631
1.16719
1.16825
1.16941
1.17061
1.17182
1.17304
1.17427
1.17554
1.17686
1.17826
1.17971
1.18122
1.18274
1.18423
1.18565
1.18695
1.18809
1.18906
1.18985
1.19048
1.191
1.1915
1.19205
1.19276
1.1937
1.19488
1.19629
1.19782
1.19934
1.20066
1.20159
1.20195
1.2016
1.20046
1.19854
1.19597
1.19303
1.1901
1.18758
1.18578
1.18479
1.18447
1.18451
1.18458
1.18442
1.18392
1.18311
1.1821
1.18105
1.18013
1.17945
1.17903
1.17883
1.17871
1.17846
1.1778
1.17639
1.17396
1.17054
1.16682
1.16445
1.16551
1.17131
1.18127
1.19319
1.20468
1.21416
1.22109
1.22554
1.22789
1.22852
1.22774
1.22576
1.22269
1.21855
1.21329
1.20682
1.19905
1.18996
1.17976
1.16901
1.15872
1.1503
1.14519
1.14441
1.14813
1.15566
1.16567
1.17665
1.18728
1.19668
1.20439
1.21033
1.21461
1.21748
1.21919
1.21999
1.2201
1.21969
1.2189
1.21782
1.21652
1.21503
1.21336
1.21151
1.2095
1.2073
1.20491
1.20227
1.19931
1.19593
1.19197
1.18724
1.18165
1.1753
1.16871
1.16291
1.15923
1.15874
1.16163
1.16709
1.17379
1.18049
1.18641
1.19122
1.19489
1.19756
1.19938
1.20052
1.20112
1.20132
1.20121
1.2009
1.20047
1.19998
1.19948
1.19902
1.19861
1.19827
1.19801
1.19782
1.1977
1.19765
1.19764
1.19766
1.19769
1.19768
1.19762
1.19747
1.19722
1.19686
1.19636
1.19575
1.19503
1.19422
1.19335
1.19245
1.19156
1.1907
1.18989
1.18916
1.18849
1.18791
1.18739
1.18693
1.1865
1.1861
1.18571
1.18531
1.18489
1.18444
1.18393
1.18333
1.18263
1.18176
1.18067
1.17927
1.17748
1.1752
1.17235
1.16896
1.16514
1.16125
1.15784
1.15561
1.15518
1.15682
1.16037
1.16526
1.17075
1.17621
1.18119
1.18546
1.18894
1.19167
1.19371
1.19513
1.19603
1.19646
1.19651
1.19622
1.19565
1.19487
1.19392
1.19288
1.1918
1.19072
1.18969
1.18872
1.18783
1.18703
1.18632
1.18573
1.18531
1.18508
1.1851
1.18539
1.18597
1.18678
1.18778
1.18888
1.18998
1.19101
1.19189
1.19259
1.1931
1.19344
1.19368
1.19391
1.19427
1.19487
1.19577
1.19698
1.19837
1.19974
1.20082
1.20131
1.20092
1.19941
1.19665
1.19259
1.18739
1.18139
1.17517
1.16943
1.1649
1.16209
1.16117
1.1619
1.16382
1.16637
1.16909
1.17172
1.17415
1.17644
1.17869
1.18104
1.18357
1.18632
1.18927
1.19234
1.19542
1.19838
1.20106
1.20336
1.20518
1.20644
1.20713
1.20724
1.20684
1.20598
1.20476
1.20327
1.20161
1.19985
1.19804
1.19617
1.19424
1.1922
1.19004
1.18773
1.18533
1.18291
1.1806
1.17853
1.17684
1.17562
1.1749
1.17465
1.17479
1.17524
1.17589
1.17669
1.1776
1.17862
1.17974
1.18092
1.18208
1.1831
1.1838
1.18402
1.18363
1.18266
1.18128
1.17988
1.17897
1.17903
1.18031
1.18272
1.18588
1.18923
1.19229
1.1947
1.19626
1.19688
1.19654
1.19521
1.1929
1.18961
1.18544
1.18059
1.1755
1.17079
1.16716
1.16516
1.16492
1.16612
1.16816
1.17034
1.17217
1.17332
1.17366
1.17315
1.17175
1.16943
1.16617
1.16198
1.15704
1.15168
1.14644
1.14201
1.139
1.13778
1.13837
1.1405
1.14373
1.14762
1.15181
1.156
1.15999
1.16364
1.16687
1.16963
1.17193
1.17381
1.1753
1.17645
1.17731
1.17792
1.17828
1.17842
1.17833
1.17799
1.17741
1.17656
1.17546
1.17411
1.17255
1.17084
1.16907
1.16734
1.16578
1.16447
1.16351
1.16293
1.16271
1.16279
1.16307
1.16344
1.16377
1.16397
1.16399
1.16379
1.16341
1.16293
1.16246
1.16213
1.16208
1.16238
1.16307
1.16413
1.16545
1.16688
1.16826
1.16944
1.17031
1.17081
1.17095
1.17078
1.17037
1.16983
1.16924
1.16867
1.16811
1.16753
1.16681
1.16583
1.16444
1.16253
1.16009
1.15719
1.15407
1.1511
1.14869
1.14724
1.14703
1.14811
1.15034
1.15343
1.15699
1.16066
1.16413
1.16718
1.16967
1.17156
1.17287
1.17368
1.17408
1.17417
1.17405
1.17379
1.17342
1.17298
1.1725
1.17202
1.1716
1.17129
1.17117
1.17127
1.17161
1.17215
1.17284
1.17362
1.17444
1.17528
1.17617
1.17714
1.17828
1.17963
1.18124
1.1831
1.18515
1.18729
1.18941
1.19136
1.19302
1.19426
1.195
1.19516
1.19471
1.19364
1.19199
1.18985
1.18733
1.18458
1.18175
1.17892
1.17613
1.17334
1.17047
1.16746
1.1643
1.16109
1.15809
1.15561
1.15403
1.1536
1.15446
1.15652
1.15959
1.16338
1.16759
1.17195
1.17622
1.18022
1.18381
1.18691
1.18949
1.19155
1.19315
1.19437
1.1953
1.19602
1.19665
1.19726
1.19794
1.19875
1.19971
1.20085
1.20213
1.20349
1.20483
1.20603
1.20693
1.20739
1.20728
1.2065
1.20503
1.20298
1.20053
1.19796
1.19548
1.1932
1.19102
1.18869
1.18587
1.18238
1.17821
1.17368
1.16935
1.16593
1.16399
1.1638
1.16521
1.16782
1.1711
1.17467
1.17828
1.18182
1.18525
1.18855
1.19167
1.19459
1.19724
1.19958
1.20161
1.20331
1.20468
1.20576
1.20656
1.20711
1.20743
1.20754
1.20745
1.20719
1.20676
1.20618
1.20544
1.20458
1.2036
1.20254
1.20142
1.20027
1.19913
1.19804
1.19701
1.19606
1.1952
1.19443
1.19376
1.19321
1.1928
1.19259
1.1926
1.19284
1.19329
1.19386
1.19447
1.19499
1.19534
1.19542
1.1952
1.19465
1.19378
1.19259
1.19108
1.18929
1.18725
1.18507
1.18285
1.18073
1.17885
1.17731
1.17616
1.17545
1.17518
1.17533
1.17584
1.17663
1.17754
1.17843
1.17914
1.17951
1.17944
1.17885
1.17775
1.1762
1.17439
1.17259
1.17115
1.17038
1.17047
1.17147
1.17329
1.17575
1.17864
1.18173
1.1848
1.18763
1.19003
1.19191
1.19322
1.19398
1.19426
1.19414
1.19366
1.19284
1.19165
1.18998
1.18768
1.18456
1.18046
1.17537
1.16958
1.16382
1.15921
1.15686
1.15734
1.16032
1.16476
1.16945
1.17349
1.17642
1.17814
1.17877
1.17852
1.17766
1.17645
1.17515
1.17402
1.17328
1.17302
1.17325
1.17385
1.17462
1.17533
1.17582
1.17595
1.1757
1.1751
1.17424
1.17324
1.17222
1.17126
1.17043
1.16978
1.16937
1.16924
1.16944
1.16997
1.17075
1.17165
1.1725
1.17311
1.17331
1.17298
1.17203
1.17042
1.16813
1.16523
1.16185
1.15825
1.15485
1.15215
1.15065
1.15069
1.1523
1.1552
1.15895
1.16307
1.16715
1.1709
1.17415
1.17682
1.17891
1.18042
1.18141
1.18191
1.18199
1.18167
1.18098
1.17992
1.17848
1.17665
1.17442
1.17179
1.1688
1.16558
1.16232
1.15929
1.15684
1.15529
1.15486
1.15562
1.15742
1.15999
1.16294
1.1659
1.16855
1.17064
1.17199
1.17252
1.17219
1.17097
1.16892
1.1661
1.16261
1.15862
1.15434
1.15006
1.14607
1.14271
1.14021
1.13875
1.13835
1.1389
1.14023
1.14208
1.14423
1.14647
1.14865
1.15067
1.15246
1.15401
1.15533
1.15647
1.15744
1.15831
1.15909
1.15982
1.1605
1.16113
1.16171
1.16221
1.16263
1.16294
1.16314
1.16321
1.16315
1.16296
1.16264
1.16222
1.16171
1.16113
1.16053
1.15992
1.15935
1.15886
1.15846
1.15819
1.15807
1.15809
1.15826
1.15856
1.15899
1.15952
1.16015
1.16084
1.16159
1.1624
1.16324
1.16413
1.16505
1.166
1.16697
1.16797
1.16897
1.16996
1.17092
1.17182
1.17263
1.1733
1.17378
1.17403
1.17398
1.17358
1.1728
1.17162
1.17005
1.16818
1.16615
1.16415
1.16242
1.16119
1.16062
1.16085
1.16194
1.16393
1.16676
1.17027
1.17416
1.178
