0.0600331
0.0601184
0.0602002
0.0602829
0.0603677
0.0604537
0.0605381
0.0606176
0.060689
0.0607497
0.0607977
0.0608314
0.0608496
0.0608509
0.0608343
0.0607985
0.0607432
0.0606694
0.0605805
0.0604829
0.0603861
0.060301
0.0602368
0.0601967
0.0601742
0.0601519
0.0601034
0.0599961
0.0597969
0.0594787
0.0590307
0.0584733
0.0578729
0.0573411
0.0570023
0.0569363
0.0571385
0.0575304
0.0580065
0.0584779
0.0588911
0.0592252
0.0594809
0.0596696
0.0598054
0.0599014
0.0599683
0.060014
0.0600442
0.060062
0.0600682
0.0600615
0.060039
0.0599973
0.0599332
0.0598452
0.0597343
0.059604
0.0594606
0.0593125
0.0591693
0.0590401
0.0589321
0.0588486
0.0587895
0.0587515
0.0587314
0.0587271
0.0587385
0.0587648
0.0588014
0.0588381
0.0588601
0.0588524
0.0588057
0.0587216
0.0586154
0.0585141
0.0584477
0.0584377
0.0584878
0.0585832
0.0586995
0.0588137
0.0589116
0.0589884
0.0590454
0.0590848
0.0591061
0.059104
0.0590681
0.0589848
0.0588403
0.0586249
0.0583405
0.0580084
0.0576749
0.0574053
0.0572618
0.0572743
0.0574253
0.0576638
0.0579331
0.0581913
0.0584167
0.058603
0.0587521
0.0588691
0.0589596
0.0590284
0.05908
0.0591176
0.0591441
0.0591618
0.0591726
0.0591781
0.0591795
0.0591781
0.0591747
0.0591699
0.0591642
0.0591574
0.0591486
0.0591363
0.0591181
0.0590901
0.0590476
0.0589843
0.0588931
0.0587655
0.0585926
0.0583654
0.058076
0.0577202
0.0573029
0.0568477
0.0564084
0.0560719
0.0559368
0.0560655
0.0564417
0.0569775
0.0575626
0.0581109
0.0585755
0.0589408
0.0592086
0.0593872
0.0594862
0.0595142
0.059479
0.0593888
0.0592541
0.0590891
0.0589122
0.0587439
0.0586026
0.0584987
0.0584312
0.0583892
0.0583565
0.0583194
0.0582716
0.058216
0.0581627
0.0581255
0.0581172
0.0581456
0.0582127
0.0583147
0.058444
0.0585922
0.0587508
0.0589132
0.0590739
0.0592289
0.059375
0.0595094
0.059629
0.0597301
0.0598082
0.0598575
0.0598718
0.0598452
0.0597738
0.0596583
0.0595072
0.0593383
0.0591776
0.0590529
0.0589835
0.058972
0.0590037
0.0590537
0.0590978
0.0591197
0.0591136
0.0590819
0.0590324
0.058975
0.0589196
0.0588751
0.0588485
0.0588447
0.0588669
0.0589154
0.0589879
0.0590796
0.059183
0.0592898
0.0593917
0.0594817
0.059555
0.0596088
0.0596423
0.0596557
0.0596498
0.0596249
0.0595799
0.0595115
0.0594133
0.0592757
0.059087
0.05884
0.0585416
0.0582242
0.0579434
0.0577509
0.0576576
0.0576218
0.0575827
0.0575111
0.0574348
0.0574213
0.0575348
0.0577987
0.0581863
0.0586388
0.0590926
0.0594978
0.0598245
0.0600593
0.0601991
0.0602448
0.0601993
0.0600671
0.0598581
0.059594
0.0593127
0.0590661
0.0589063
0.0588637
0.0589325
0.0590754
0.0592435
0.0593961
0.0595095
0.0595757
0.0595977
0.0595856
0.0595537
0.0595183
0.0594958
0.0594991
0.0595345
0.0596006
0.0596886
0.059786
0.0598797
0.0599592
0.0600173
0.0600509
0.0600594
0.0600441
0.0600075
0.0599519
0.0598795
0.0597917
0.0596888
0.0595698
0.059433
0.0592766
0.0591009
0.0589106
0.0587175
0.0585408
0.0584042
0.0583275
0.0583174
0.0583624
0.0584359
0.0585066
0.0585484
0.0585473
0.0585025
0.058425
0.0583329
0.0582462
0.0581815
0.0581476
0.0581445
0.0581659
0.0582026
0.0582467
0.0582935
0.058342
0.0583944
0.0584541
0.0585244
0.0586065
0.0586989
0.0587978
0.0588973
0.0589915
0.0590753
0.059145
0.0591992
0.0592377
0.0592615
0.0592725
0.0592727
0.0592642
0.059249
0.0592288
0.059205
0.0591788
0.0591513
0.0591232
0.059095
0.059067
0.0590394
0.0590117
0.0589836
0.0589544
0.0589229
0.0588881
0.0588488
0.0588041
0.0587534
0.0586968
0.0586352
0.0585707
0.0585062
0.058445
0.0583907
0.0583456
0.0583105
0.0582845
0.0582651
0.0582501
0.0582395
0.0582365
0.0582479
0.0582814
0.0583421
0.0584291
0.0585351
0.0586478
0.0587543
0.0588435
0.0589091
0.0589494
0.0589673
0.0589692
0.0589638
0.0589611
0.0589701
0.058997
0.059044
0.0591091
0.0591866
0.0592696
0.0593513
0.0594263
0.0594911
0.0595439
0.0595839
0.0596106
0.059624
0.0596247
0.0596142
0.0595955
0.0595735
0.0595547
0.059546
0.0595531
0.059579
0.0596229
0.0596812
0.0597483
0.059819
0.0598893
0.059957
0.0600218
0.0600838
0.0601435
0.0602001
0.060252
0.0602961
0.060328
0.0603428
0.0603354
0.0603012
0.0602368
0.0601405
0.0600137
0.0598608
0.0596899
0.0595123
0.059342
0.059194
0.0590834
0.0590235
0.0590243
0.0590902
0.0592182
0.0593974
0.0596112
0.0598403
0.060067
0.060277
0.060461
0.0606138
0.0607336
0.0608214
0.0608799
0.060913
0.060926
0.0609241
0.060913
0.0608975
0.0608813
0.0608671
0.0608561
0.0608489
0.0608457
0.0608462
0.0608504
0.0608579
0.0608684
0.0608818
0.0608982
0.0609177
0.0609408
0.060967
0.0609942
0.0610168
0.0610247
0.0610013
0.0609228
0.0607616
0.0604965
0.0601351
0.0597442
0.0594591
0.0594272
0.0597019
0.0601917
0.0607296
0.0611779
0.0614718
0.0616058
0.0616057
0.0615101
0.0613623
0.0612052
0.061075
0.0609943
0.0609671
0.0609807
0.061013
0.0610425
0.0610542
0.061042
0.0610071
0.0609558
0.0608964
0.0608374
0.0607858
0.0607469
0.0607238
0.0607186
0.0607329
0.0607679
0.0608239
0.0608992
0.0609892
0.0610867
0.0611826
0.061268
0.0613354
0.0613797
0.0613985
0.061392
0.0613626
0.0613148
0.0612548
0.0611893
0.0611249
0.0610667
0.0610181
0.0609799
0.0609509
0.0609285
0.0609093
0.0608897
0.0608661
0.0608349
0.0607929
0.0607372
0.0606666
0.0605817
0.0604857
0.0603847
0.0602866
0.0601993
0.0601286
0.0600763
0.0600398
0.0600136
0.0599915
0.0599688
0.0599436
0.0599172
0.0598926
0.0598732
0.0598616
0.0598581
0.0598614
0.0598683
0.0598755
0.0598798
0.0598787
0.0598712
0.0598574
0.0598382
0.059815
0.0597897
0.0597639
0.059739
0.0597164
0.0596971
0.0596819
0.0596715
0.0596665
0.0596675
0.0596746
0.0596878
0.0597068
0.0597309
0.0597592
0.0597906
0.0598239
0.0598576
0.0598901
0.0599195
0.0599433
0.0599585
0.0599613
0.059947
0.0599105
0.0598471
0.0597544
0.0596349
0.0594994
0.059369
0.0592733
0.0592424
0.0592956
0.0594317
0.0596297
0.0598575
0.0600838
0.060286
0.0604515
0.060576
0.0606602
0.0607068
0.060719
0.0607
0.0606525
0.0605793
0.0604837
0.0603697
0.0602419
0.0601051
0.0599637
0.059821
0.0596797
0.0595432
0.0594162
0.0593046
0.0592126
0.0591403
0.0590827
0.0590332
0.0589889
0.0589547
0.0589427
0.0589657
0.0590298
0.0591309
0.0592568
0.0593923
0.0595252
0.0596477
0.0597563
0.0598501
0.059929
0.0599933
0.0600434
0.0600798
0.0601031
0.0601144
0.0601146
0.0601045
0.0600848
0.0600556
0.0600171
0.0599692
0.0599122
0.0598469
0.059775
0.0596988
0.0596216
0.0595472
0.0594792
0.0594208
0.0593741
0.05934
0.0593181
0.0593071
0.0593053
0.0593111
0.0593228
0.0593395
0.059361
0.0593871
0.0594182
0.0594546
0.0594966
0.059544
0.0595963
0.0596524
0.059711
0.0597704
0.0598284
0.0598825
0.0599297
0.0599663
0.0599875
0.0599875
0.0599588
0.0598928
0.0597805
0.0596144
0.0593926
0.0591246
0.0588363
0.0585698
0.0583722
0.0582766
0.0582848
0.0583681
0.0584839
0.0585964
0.0586866
0.0587525
0.0588034
0.0588521
0.0589103
0.0589844
0.0590745
0.0591752
0.0592775
0.0593711
0.0594463
0.0594958
0.0595148
0.0595014
0.059457
0.0593861
0.0592971
0.0592014
0.0591129
0.0590449
0.0590079
0.0590066
0.0590392
0.0590982
0.0591737
0.0592554
0.0593356
0.0594094
0.0594748
0.0595322
0.059583
0.0596296
0.0596739
0.0597175
0.0597616
0.0598061
0.0598504
0.0598934
0.0599333
0.059968
0.0599953
0.060013
0.060019
0.0600117
0.0599901
0.0599542
0.0599054
0.0598463
0.0597809
0.0597138
0.0596497
0.0595917
0.0595412
0.0594972
0.0594575
0.0594193
0.0593807
0.059341
0.0593013
0.0592635
0.0592296
0.0592013
0.0591797
0.0591654
0.059159
0.0591614
0.0591739
0.0591982
0.0592357
0.0592869
0.0593512
0.0594263
0.0595079
0.0595909
0.0596695
0.059738
0.0597913
0.0598256
0.0598382
0.0598276
0.0597936
0.0597372
0.05966
0.0595645
0.0594537
0.0593305
0.0591985
0.0590611
0.0589225
0.0587868
0.0586583
0.0585412
0.0584405
0.0583622
0.058314
0.0583043
0.0583405
0.058426
0.0585577
0.0587259
0.0589158
0.0591105
0.059295
0.0594577
0.0595917
0.0596945
0.0597666
0.0598109
0.0598313
0.0598322
0.0598173
0.0597896
0.0597508
0.0597012
0.0596395
0.0595629
0.0594671
0.0593465
0.059195
0.0590067
0.058778
0.0585102
0.0582136
0.0579102
0.0576325
0.0574151
0.0572813
0.0572315
0.0572443
0.0572883
0.057339
0.0573875
0.0574412
0.0575151
0.0576223
0.0577657
0.0579369
0.0581196
0.0582961
0.0584519
0.0585781
0.0586708
0.0587301
0.0587589
0.0587613
0.058743
0.0587109
0.0586725
0.0586359
0.0586086
0.0585966
0.0586031
0.0586284
0.0586696
0.0587215
0.0587778
0.0588319
0.0588774
0.0589085
0.05892
0.0589065
0.0588629
0.0587844
0.0586669
0.0585093
0.0583162
0.0581003
0.0578847
0.0577004
0.0575782
0.057538
0.0575805
0.0576878
0.0578321
0.0579867
0.058132
0.0582578
0.0583603
0.0584396
0.0584973
0.0585342
0.05855
0.0585431
0.0585109
0.0584509
0.0583619
0.0582451
0.0581062
0.0579539
0.0577975
0.0576414
0.0574805
0.0572999
0.057086
0.0568447
0.0566193
0.0564879
0.0565264
0.0567572
0.0571302
0.0575561
0.0579549
0.0582815
0.0585232
0.058686
0.0587823
0.0588245
0.0588222
0.058782
0.0587097
0.0586121
0.0584999
0.0583893
0.0583007
0.0582556
0.0582701
0.0583491
0.0584848
0.0586593
0.0588507
0.0590389
0.0592095
0.0593539
0.0594684
0.0595528
0.0596088
0.059639
0.059646
0.0596324
0.059601
0.0595544
0.0594959
0.0594291
0.0593582
0.0592874
0.0592211
0.0591626
0.0591134
0.0590737
0.0590414
0.0590132
0.0589855
0.0589549
0.0589193
0.0588782
0.0588333
0.0587875
0.0587452
0.0587107
0.0586879
0.0586793
0.0586857
0.0587061
0.0587382
0.0587791
0.0588257
0.0588753
0.0589262
0.0589772
0.0590278
0.0590781
0.0591283
0.0591786
0.0592292
0.0592799
0.0593304
0.0593797
0.0594271
0.0594713
0.0595111
0.0595456
0.0595738
0.0595955
0.0596108
0.0596203
0.0596254
0.0596277
0.0596291
0.059631
0.0596345
0.0596396
0.0596453
0.05965
0.0596513
0.0596469
0.059635
0.0596146
0.0595856
0.0595496
0.0595092
0.0594683
0.0594318
0.0594055
0.0593949
0.0594051
0.0594396
0.0594994
0.0595831
0.0596868
0.0598046
0.05993
0.0600566
0.0601788
0.0602926
0.0603948
0.0604835
0.0605575
0.0606155
0.0606564
0.0606785
0.06068
0.0606592
0.0606152
0.0605487
0.0604627
0.0603628
0.0602565
0.0601515
0.0600528
0.0599606
0.0598693
0.0597693
0.0596515
0.0595147
0.0593745
0.0592696
0.059256
0.0593837
0.0596676
0.0600748
0.0605416
0.061003
0.0614141
0.0617534
0.060173
0.060355
0.0604715
0.0605266
0.0605216
0.0604554
0.0603252
0.0601296
0.059873
0.0595719
0.0592613
0.0589941
0.0588279
0.0588014
0.0589146
0.0591302
0.0593936
0.0596563
0.0598867
0.0600707
0.0602059
0.0602954
0.0603448
0.0603591
0.0603429
0.0602995
0.0602315
0.0601405
0.0600284
0.0598973
0.0597507
0.0595934
0.0594318
0.0592735
0.0591263
0.0589968
0.0588901
0.0588097
0.0587575
0.0587345
0.0587411
0.0587768
0.0588398
0.0589268
0.0590329
0.0591516
0.0592758
0.0593977
0.0595104
0.0596086
0.0596885
0.0597487
0.0597898
0.0598138
0.0598243
0.0598254
0.0598212
0.0598153
0.0598104
0.0598079
0.0598079
0.0598097
0.0598116
0.0598121
0.0598096
0.0598033
0.0597934
0.0597807
0.0597672
0.0597552
0.0597471
0.0597449
0.0597494
0.0597596
0.0597722
0.0597817
0.0597801
0.0597575
0.0597032
0.0596069
0.0594617
0.0592676
0.0590362
0.0587928
0.0585739
0.058416
0.0583412
0.058347
0.0584082
0.0584898
0.0585615
0.0586068
0.058625
0.0586284
0.0586356
0.0586642
0.0587237
0.0588122
0.0589175
0.0590212
0.0591048
0.0591537
0.0591593
0.0591197
0.059039
0.0589261
0.058794
0.0586594
0.0585413
0.058459
0.0584287
0.0584599
0.0585518
0.0586919
0.0588579
0.0590219
0.0591557
0.0592351
0.0592429
0.0591707
0.0590196
0.058801
0.0585378
0.0582644
0.0580256
0.0578711
0.0578448
0.0579688
0.0582307
0.0585839
0.0589648
0.0593157
0.0595995
0.0598012
0.0599219
0.0599712
0.0599614
0.0599047
0.059812
0.0596932
0.0595569
0.059412
0.0592673
0.0591318
0.059014
0.058921
0.0588578
0.0588256
0.0588222
0.0588422
0.058878
0.0589215
0.0589644
0.0589999
0.0590222
0.0590273
0.0590122
0.0589754
0.0589168
0.0588384
0.0587443
0.0586414
0.0585394
0.0584493
0.0583819
0.058345
0.0583408
0.0583658
0.0584116
0.0584674
0.0585231
0.0585705
0.0586042
0.0586211
0.0586196
0.0585989
0.0585592
0.0585023
0.0584331
0.0583601
0.0582952
0.0582505
0.0582343
0.0582479
0.0582843
0.0583304
0.0583723
0.0583987
0.0584037
0.0583872
0.058354
0.0583118
0.0582693
0.0582347
0.0582142
0.0582111
0.0582263
0.0582576
0.0583017
0.0583545
0.0584122
0.0584719
0.0585322
0.0585927
0.0586541
0.0587172
0.0587832
0.0588526
0.0589252
0.0590001
0.0590758
0.0591501
0.0592207
0.0592854
0.0593424
0.0593905
0.0594297
0.0594611
0.0594873
0.0595119
0.0595396
0.0595749
0.0596214
0.0596804
0.0597504
0.0598268
0.0599023
0.0599679
0.0600142
0.0600322
0.0600149
0.0599581
0.0598625
0.0597347
0.0595884
0.0594424
0.0593169
0.0592272
0.0591778
0.0591617
0.0591638
0.0591673
0.0591594
0.0591347
0.0590941
0.0590438
0.0589919
0.0589461
0.0589119
0.058891
0.0588809
0.058875
0.0588627
0.0588298
0.0587597
0.0586387
0.0584682
0.0582833
0.058165
0.0582178
0.0585066
0.0590023
0.0595961
0.0601681
0.0606403
0.0609851
0.061207
0.061324
0.0613554
0.0613166
0.061218
0.0610651
0.060859
0.0605972
0.0602752
0.0598881
0.0594356
0.0589277
0.0583923
0.0578801
0.0574607
0.0572063
0.0571672
0.0573524
0.0577271
0.0582255
0.0587722
0.0593018
0.0597697
0.0601537
0.0604493
0.0606627
0.0608055
0.0608906
0.0609304
0.0609359
0.0609156
0.0608764
0.0608228
0.060758
0.0606835
0.0606003
0.0605086
0.0604083
0.060299
0.0601796
0.0600482
0.0599011
0.0597328
0.0595353
0.0593
0.0590215
0.0587053
0.0583774
0.0580887
0.0579055
0.0578809
0.0580246
0.0582965
0.0586301
0.0589638
0.0592585
0.0594978
0.0596808
0.0598135
0.0599042
0.059961
0.0599911
0.0600008
0.0599955
0.05998
0.0599584
0.0599341
0.0599095
0.0598865
0.0598662
0.0598492
0.059836
0.0598266
0.0598208
0.0598182
0.0598179
0.0598189
0.05982
0.0598197
0.0598166
0.0598094
0.059797
0.0597787
0.0597542
0.0597236
0.0596877
0.0596474
0.0596042
0.0595596
0.0595151
0.0594722
0.059432
0.0593953
0.0593624
0.0593332
0.0593073
0.0592842
0.0592632
0.0592433
0.0592238
0.059204
0.0591831
0.0591604
0.0591349
0.0591053
0.0590702
0.059027
0.0589727
0.0589033
0.0588141
0.0587004
0.0585588
0.0583895
0.0581996
0.0580059
0.0578363
0.0577252
0.0577034
0.0577854
0.0579621
0.0582053
0.0584789
0.0587506
0.0589985
0.0592111
0.0593847
0.0595206
0.059622
0.0596929
0.0597375
0.0597592
0.0597613
0.0597468
0.0597187
0.0596797
0.0596328
0.059581
0.059527
0.0594734
0.0594219
0.0593737
0.0593294
0.0592893
0.0592542
0.059225
0.0592036
0.0591922
0.0591933
0.059208
0.0592365
0.0592772
0.0593268
0.0593813
0.0594362
0.0594874
0.0595315
0.0595664
0.0595917
0.0596086
0.0596203
0.0596321
0.05965
0.0596797
0.0597248
0.0597847
0.0598539
0.0599222
0.0599759
0.0600002
0.0599809
0.0599061
0.0597685
0.0595666
0.0593075
0.0590089
0.058699
0.0584134
0.0581878
0.0580479
0.0580016
0.0580382
0.0581336
0.0582604
0.0583961
0.0585269
0.0586481
0.058762
0.0588742
0.058991
0.0591169
0.0592539
0.0594008
0.0595539
0.0597073
0.0598543
0.0599882
0.0601027
0.060193
0.0602559
0.0602901
0.060296
0.0602757
0.0602329
0.0601721
0.060098
0.0600154
0.0599279
0.0598375
0.0597447
0.0596485
0.0595471
0.0594392
0.0593245
0.0592047
0.0590843
0.0589691
0.0588663
0.0587823
0.0587215
0.0586855
0.0586729
0.0586801
0.0587022
0.0587347
0.0587745
0.05882
0.0588707
0.0589263
0.058985
0.059043
0.0590936
0.0591285
0.0591394
0.0591204
0.059072
0.0590034
0.0589335
0.058888
0.0588908
0.0589547
0.059075
0.0592321
0.0593991
0.0595515
0.0596714
0.0597491
0.05978
0.0597628
0.0596969
0.0595818
0.0594182
0.0592102
0.0589689
0.0587154
0.0584809
0.0583002
0.0582003
0.0581884
0.0582485
0.0583496
0.0584585
0.0585494
0.0586068
0.058624
0.0585983
0.0585285
0.0584131
0.0582506
0.0580425
0.0577963
0.0575292
0.0572685
0.0570477
0.0568977
0.056837
0.0568666
0.0569726
0.0571334
0.0573272
0.0575356
0.0577443
0.0579431
0.0581249
0.0582855
0.0584231
0.0585378
0.0586311
0.0587053
0.0587627
0.0588056
0.0588356
0.0588539
0.0588607
0.0588561
0.0588395
0.0588104
0.0587684
0.0587133
0.0586461
0.0585684
0.0584833
0.0583951
0.0583092
0.0582311
0.0581663
0.0581185
0.0580895
0.0580786
0.0580826
0.0580966
0.0581147
0.0581313
0.0581414
0.058142
0.0581322
0.0581133
0.0580894
0.058066
0.0580498
0.0580469
0.0580619
0.0580966
0.0581493
0.0582148
0.058286
0.0583548
0.0584136
0.0584569
0.058482
0.0584889
0.0584801
0.0584598
0.0584328
0.0584037
0.0583751
0.0583475
0.0583184
0.0582827
0.0582337
0.0581645
0.0580696
0.0579478
0.0578036
0.0576485
0.0575002
0.0573802
0.0573083
0.0572977
0.0573516
0.0574627
0.0576162
0.0577936
0.0579764
0.0581492
0.0583009
0.0584249
0.058519
0.0585843
0.0586245
0.0586444
0.0586492
0.0586433
0.0586301
0.0586118
0.05859
0.0585661
0.0585422
0.0585209
0.0585057
0.0584996
0.0585047
0.0585215
0.0585486
0.058583
0.0586219
0.0586627
0.0587046
0.0587485
0.0587971
0.0588536
0.0589211
0.0590012
0.0590937
0.0591956
0.0593024
0.0594077
0.0595049
0.0595874
0.0596494
0.0596861
0.0596941
0.0596716
0.0596184
0.0595365
0.0594298
0.0593045
0.0591677
0.0590264
0.0588855
0.0587466
0.0586078
0.0584651
0.0583151
0.0581576
0.0579981
0.0578484
0.0577252
0.0576462
0.057625
0.0576674
0.0577702
0.057923
0.0581116
0.0583212
0.0585383
0.0587511
0.0589504
0.0591292
0.0592835
0.0594117
0.0595144
0.0595942
0.0596549
0.0597009
0.0597371
0.0597683
0.0597988
0.0598327
0.0598728
0.059921
0.0599776
0.0600412
0.0601089
0.0601757
0.0602352
0.0602803
0.0603034
0.0602977
0.0602587
0.0601858
0.0600836
0.0599618
0.0598335
0.0597101
0.0595966
0.0594882
0.0593719
0.059232
0.0590578
0.0588502
0.0586246
0.0584093
0.0582389
0.0581423
0.0581327
0.0582031
0.0583327
0.0584963
0.058674
0.0588538
0.0590301
0.0592009
0.0593649
0.0595206
0.0596656
0.0597975
0.0599145
0.0600153
0.0600998
0.0601684
0.0602221
0.0602619
0.0602892
0.060305
0.0603105
0.0603063
0.0602933
0.0602719
0.0602428
0.0602063
0.0601633
0.0601147
0.0600617
0.0600057
0.0599486
0.0598921
0.0598376
0.0597865
0.0597393
0.0596964
0.059658
0.0596246
0.059597
0.059577
0.0595664
0.0595669
0.0595789
0.059601
0.0596296
0.0596598
0.059686
0.059703
0.0597071
0.0596962
0.0596691
0.0596258
0.0595663
0.0594913
0.0594019
0.0593006
0.0591917
0.0590813
0.058976
0.0588823
0.0588054
0.0587484
0.058713
0.0586995
0.0587069
0.0587325
0.0587714
0.058817
0.0588614
0.0588964
0.058915
0.0589114
0.0588823
0.0588273
0.0587502
0.0586599
0.0585704
0.0584986
0.0584602
0.0584649
0.0585148
0.0586052
0.0587276
0.0588715
0.0590257
0.0591785
0.0593192
0.0594389
0.0595322
0.0595974
0.0596355
0.0596497
0.0596434
0.0596194
0.0595787
0.0595193
0.0594363
0.059322
0.0591667
0.0589626
0.0587091
0.0584208
0.0581341
0.0579042
0.0577871
0.0578109
0.0579593
0.0581804
0.0584142
0.0586154
0.0587611
0.0588466
0.0588779
0.0588658
0.0588229
0.0587624
0.0586979
0.0586419
0.0586047
0.0585919
0.0586034
0.0586332
0.0586714
0.0587071
0.0587311
0.0587377
0.0587251
0.0586953
0.0586526
0.058603
0.0585521
0.0585043
0.058463
0.0584307
0.0584101
0.0584038
0.0584137
0.0584398
0.0584786
0.0585236
0.0585659
0.0585963
0.0586065
0.0585901
0.0585428
0.0584623
0.0583486
0.0582041
0.0580357
0.0578566
0.0576871
0.0575526
0.0574782
0.0574801
0.0575599
0.0577044
0.0578913
0.0580964
0.0582995
0.0584861
0.058648
0.0587812
0.0588849
0.0589602
0.0590093
0.0590347
0.0590386
0.0590227
0.0589882
0.0589353
0.0588637
0.0587726
0.0586614
0.0585305
0.058382
0.0582216
0.0580591
0.0579084
0.0577864
0.057709
0.0576877
0.0577253
0.0578152
0.0579429
0.0580899
0.0582374
0.0583692
0.058473
0.0585407
0.0585672
0.0585503
0.05849
0.0583878
0.0582471
0.0580734
0.0578747
0.0576618
0.0574485
0.0572502
0.0570825
0.0569583
0.0568855
0.0568654
0.056893
0.0569589
0.0570512
0.0571583
0.05727
0.0573785
0.0574788
0.0575679
0.0576452
0.0577112
0.0577676
0.0578162
0.0578593
0.0578983
0.0579345
0.0579683
0.0579998
0.0580284
0.0580536
0.0580744
0.0580901
0.0580999
0.0581034
0.0581004
0.0580908
0.0580752
0.0580541
0.0580287
0.058
0.0579698
0.0579396
0.0579113
0.0578865
0.0578669
0.0578535
0.0578472
0.0578483
0.0578567
0.0578719
0.0578932
0.0579198
0.0579508
0.0579853
0.0580228
0.0580629
0.058105
0.0581491
0.0581948
0.0582421
0.0582907
0.0583402
0.0583901
0.0584395
0.0584873
0.0585322
0.0585724
0.0586057
0.0586298
0.058642
0.0586396
0.0586199
0.0585811
0.0585221
0.0584442
0.058351
0.0582496
0.0581501
0.058064
0.0580026
0.0579746
0.057986
0.0580403
0.0581389
0.0582798
0.0584548
0.0586484
0.0588397
