1.80272
1.80529
1.80775
1.81024
1.8128
1.81539
1.81793
1.82032
1.82248
1.8243
1.82575
1.82676
1.82731
1.82735
1.82685
1.82577
1.82411
1.82188
1.8192
1.81626
1.81335
1.81079
1.80885
1.80764
1.80696
1.80629
1.80483
1.8016
1.7956
1.78601
1.77251
1.75572
1.73763
1.72161
1.71141
1.70942
1.71552
1.72733
1.74167
1.75587
1.76832
1.77838
1.78608
1.79177
1.79586
1.79875
1.80076
1.80214
1.80305
1.80358
1.80377
1.80357
1.80289
1.80164
1.7997
1.79705
1.79371
1.78979
1.78547
1.78101
1.77669
1.7728
1.76955
1.76703
1.76525
1.76411
1.7635
1.76337
1.76372
1.76451
1.76561
1.76672
1.76738
1.76715
1.76574
1.7632
1.76001
1.75695
1.75495
1.75465
1.75616
1.75904
1.76254
1.76598
1.76893
1.77124
1.77296
1.77415
1.77479
1.77473
1.77364
1.77113
1.76678
1.76029
1.75172
1.74172
1.73167
1.72355
1.71923
1.71961
1.72416
1.73134
1.73946
1.74723
1.75402
1.75964
1.76413
1.76765
1.77038
1.77245
1.774
1.77514
1.77594
1.77647
1.77679
1.77696
1.777
1.77696
1.77685
1.77671
1.77654
1.77633
1.77607
1.7757
1.77515
1.77431
1.77303
1.77112
1.76837
1.76453
1.75932
1.75247
1.74375
1.73303
1.72046
1.70675
1.69352
1.68338
1.67931
1.68319
1.69453
1.71067
1.7283
1.74482
1.75881
1.76981
1.77788
1.78326
1.78624
1.78708
1.78602
1.78331
1.77925
1.77428
1.76894
1.76388
1.75962
1.75649
1.75446
1.75319
1.75221
1.75109
1.74965
1.74797
1.74637
1.74525
1.745
1.74586
1.74788
1.75095
1.75485
1.75931
1.76409
1.76898
1.77382
1.77849
1.78289
1.78694
1.79054
1.79359
1.79594
1.79743
1.79786
1.79705
1.7949
1.79142
1.78687
1.78178
1.77694
1.77318
1.77109
1.77075
1.7717
1.77321
1.77454
1.7752
1.77502
1.77406
1.77257
1.77084
1.76917
1.76783
1.76703
1.76692
1.76758
1.76904
1.77123
1.77399
1.77711
1.78032
1.78339
1.78611
1.78831
1.78993
1.79094
1.79135
1.79117
1.79042
1.78906
1.787
1.78404
1.7799
1.77421
1.76677
1.75778
1.74822
1.73976
1.73396
1.73115
1.73008
1.7289
1.72674
1.72444
1.72403
1.72746
1.73541
1.74709
1.76072
1.77439
1.78659
1.79643
1.80351
1.80772
1.80909
1.80772
1.80374
1.79744
1.78948
1.78101
1.77358
1.76877
1.76749
1.76956
1.77387
1.77893
1.78353
1.78694
1.78894
1.7896
1.78923
1.78827
1.78721
1.78653
1.78663
1.7877
1.78969
1.79234
1.79527
1.7981
1.80049
1.80224
1.80325
1.80351
1.80305
1.80194
1.80027
1.79809
1.79544
1.79234
1.78876
1.78463
1.77992
1.77463
1.7689
1.76308
1.75776
1.75364
1.75133
1.75103
1.75239
1.7546
1.75673
1.75799
1.75795
1.75661
1.75427
1.7515
1.74889
1.74694
1.74591
1.74582
1.74647
1.74757
1.7489
1.75031
1.75177
1.75335
1.75515
1.75727
1.75974
1.76252
1.7655
1.7685
1.77134
1.77386
1.77596
1.77759
1.77875
1.77947
1.7798
1.77981
1.77955
1.77909
1.77848
1.77777
1.77698
1.77615
1.7753
1.77445
1.77361
1.77278
1.77195
1.7711
1.77022
1.76927
1.76822
1.76704
1.76569
1.76416
1.76246
1.7606
1.75866
1.75672
1.75487
1.75324
1.75188
1.75082
1.75004
1.74945
1.749
1.74868
1.74859
1.74894
1.74995
1.75177
1.7544
1.75759
1.76099
1.76419
1.76688
1.76885
1.77007
1.77061
1.77066
1.7705
1.77042
1.77069
1.7715
1.77292
1.77488
1.77722
1.77972
1.78218
1.78444
1.78639
1.78798
1.78918
1.78999
1.79039
1.79041
1.7901
1.78953
1.78887
1.7883
1.78804
1.78826
1.78903
1.79036
1.79211
1.79414
1.79627
1.79838
1.80042
1.80237
1.80424
1.80604
1.80775
1.80931
1.81064
1.8116
1.81204
1.81182
1.81079
1.80885
1.80595
1.80213
1.79752
1.79237
1.78702
1.78189
1.77744
1.7741
1.7723
1.77233
1.77431
1.77817
1.78357
1.79001
1.79691
1.80374
1.81007
1.81561
1.82021
1.82382
1.82646
1.82822
1.82922
1.82961
1.82956
1.82922
1.82875
1.82827
1.82784
1.82751
1.82729
1.82719
1.82721
1.82734
1.82756
1.82788
1.82828
1.82878
1.82936
1.83006
1.83085
1.83167
1.83235
1.83259
1.83188
1.82952
1.82466
1.81667
1.80578
1.79401
1.78542
1.78447
1.79274
1.8075
1.8237
1.83721
1.84606
1.85009
1.85009
1.84721
1.84276
1.83802
1.8341
1.83167
1.83085
1.83126
1.83224
1.83312
1.83348
1.83311
1.83206
1.83051
1.82872
1.82694
1.82539
1.82422
1.82352
1.82337
1.8238
1.82485
1.82654
1.82881
1.83152
1.83446
1.83735
1.83992
1.84195
1.84328
1.84385
1.84365
1.84276
1.84133
1.83952
1.83755
1.8356
1.83385
1.83239
1.83124
1.83036
1.82969
1.82911
1.82852
1.82781
1.82687
1.8256
1.82393
1.8218
1.81924
1.81635
1.81331
1.81035
1.80772
1.80559
1.80401
1.80292
1.80213
1.80146
1.80078
1.80002
1.79922
1.79848
1.7979
1.79755
1.79744
1.79754
1.79775
1.79797
1.7981
1.79806
1.79784
1.79742
1.79684
1.79615
1.79538
1.7946
1.79386
1.79318
1.79259
1.79213
1.79182
1.79167
1.7917
1.79192
1.79231
1.79289
1.79361
1.79446
1.79541
1.79641
1.79743
1.79841
1.79929
1.80001
1.80047
1.80055
1.80012
1.79902
1.79711
1.79432
1.79072
1.78664
1.78271
1.77982
1.7789
1.7805
1.7846
1.79057
1.79743
1.80425
1.81034
1.81532
1.81907
1.82161
1.82301
1.82338
1.82281
1.82137
1.81917
1.81629
1.81285
1.809
1.80488
1.80062
1.79632
1.79207
1.78795
1.78413
1.78077
1.778
1.77582
1.77408
1.77259
1.77126
1.77023
1.76987
1.77056
1.77249
1.77554
1.77933
1.78341
1.78742
1.79111
1.79438
1.7972
1.79958
1.80152
1.80303
1.80412
1.80482
1.80516
1.80517
1.80487
1.80427
1.80339
1.80223
1.80079
1.79907
1.79711
1.79494
1.79264
1.79032
1.78808
1.78603
1.78427
1.78286
1.78183
1.78117
1.78084
1.78079
1.78096
1.78132
1.78182
1.78247
1.78325
1.78419
1.78529
1.78655
1.78798
1.78956
1.79125
1.79301
1.7948
1.79655
1.79818
1.7996
1.8007
1.80134
1.80134
1.80048
1.79849
1.7951
1.7901
1.78342
1.77534
1.76666
1.75863
1.75268
1.7498
1.75005
1.75256
1.75605
1.75944
1.76215
1.76414
1.76567
1.76714
1.76889
1.77112
1.77384
1.77687
1.77995
1.78277
1.78504
1.78653
1.7871
1.7867
1.78536
1.78322
1.78054
1.77766
1.77499
1.77294
1.77183
1.77179
1.77277
1.77455
1.77683
1.77929
1.7817
1.78393
1.7859
1.78762
1.78916
1.79056
1.79189
1.79321
1.79454
1.79588
1.79721
1.79851
1.79971
1.80075
1.80158
1.80211
1.80229
1.80207
1.80142
1.80034
1.79887
1.79709
1.79512
1.7931
1.79116
1.78942
1.78789
1.78657
1.78537
1.78422
1.78306
1.78187
1.78067
1.77953
1.77851
1.77766
1.777
1.77657
1.77638
1.77645
1.77683
1.77756
1.77869
1.78024
1.78217
1.78443
1.78689
1.7894
1.79176
1.79382
1.79543
1.79646
1.79684
1.79652
1.7955
1.7938
1.79147
1.7886
1.78526
1.78155
1.77757
1.77343
1.76926
1.76517
1.7613
1.75777
1.75474
1.75238
1.75093
1.75063
1.75173
1.7543
1.75827
1.76334
1.76906
1.77493
1.78048
1.78538
1.78942
1.79251
1.79469
1.79602
1.79664
1.79666
1.79621
1.79538
1.79421
1.79271
1.79086
1.78855
1.78566
1.78203
1.77746
1.77179
1.7649
1.75683
1.7479
1.73876
1.73039
1.72385
1.71981
1.71832
1.7187
1.72003
1.72155
1.72302
1.72463
1.72686
1.73009
1.73441
1.73957
1.74507
1.75039
1.75508
1.75888
1.76168
1.76346
1.76433
1.7644
1.76385
1.76288
1.76173
1.76062
1.7598
1.75944
1.75964
1.7604
1.76164
1.7632
1.7649
1.76653
1.7679
1.76884
1.76918
1.76877
1.76746
1.7651
1.76155
1.75681
1.75099
1.74449
1.73799
1.73244
1.72876
1.72755
1.72883
1.73206
1.73641
1.74107
1.74545
1.74923
1.75232
1.75471
1.75645
1.75756
1.75804
1.75783
1.75686
1.75505
1.75237
1.74885
1.74466
1.74008
1.73536
1.73066
1.72581
1.72038
1.71393
1.70666
1.69987
1.69591
1.69708
1.70403
1.71527
1.7281
1.74011
1.74995
1.75723
1.76213
1.76504
1.76631
1.76623
1.76502
1.76284
1.7599
1.75653
1.75319
1.75052
1.74917
1.7496
1.75199
1.75607
1.76133
1.7671
1.77277
1.77791
1.78225
1.7857
1.78825
1.78993
1.79084
1.79105
1.79064
1.7897
1.78829
1.78653
1.78452
1.78238
1.78025
1.77825
1.77649
1.77501
1.77381
1.77284
1.77199
1.77116
1.77023
1.76916
1.76792
1.76657
1.76519
1.76392
1.76288
1.76219
1.76193
1.76212
1.76274
1.76371
1.76494
1.76634
1.76784
1.76937
1.77091
1.77243
1.77395
1.77546
1.77697
1.7785
1.78003
1.78154
1.78303
1.78446
1.78579
1.78699
1.78803
1.78888
1.78953
1.78999
1.79028
1.79043
1.7905
1.79054
1.7906
1.79071
1.79086
1.79103
1.79117
1.79121
1.79108
1.79072
1.79011
1.78923
1.78815
1.78693
1.7857
1.7846
1.78381
1.78349
1.7838
1.78483
1.78664
1.78916
1.79228
1.79583
1.79961
1.80342
1.80711
1.81053
1.81361
1.81628
1.81851
1.82026
1.82149
1.82216
1.8222
1.82158
1.82025
1.81825
1.81565
1.81264
1.80944
1.80628
1.80331
1.80053
1.79778
1.79477
1.79122
1.78709
1.78287
1.77971
1.7793
1.78315
1.79171
1.80398
1.81804
1.83194
1.84432
1.85454
1.80717
1.81265
1.81616
1.81782
1.81766
1.81567
1.81175
1.80585
1.79812
1.78905
1.77969
1.77165
1.76664
1.76584
1.76925
1.77575
1.78369
1.7916
1.79854
1.80408
1.80815
1.81085
1.81234
1.81277
1.81228
1.81097
1.80892
1.80618
1.8028
1.79886
1.79444
1.7897
1.78483
1.78006
1.77563
1.77173
1.76852
1.76609
1.76452
1.76383
1.76403
1.7651
1.767
1.76962
1.77282
1.7764
1.78013
1.78381
1.7872
1.79016
1.79257
1.79438
1.79562
1.79634
1.79666
1.79669
1.79656
1.79639
1.79624
1.79616
1.79616
1.79622
1.79628
1.79629
1.79621
1.79603
1.79573
1.79534
1.79494
1.79457
1.79433
1.79427
1.7944
1.79471
1.79509
1.79537
1.79533
1.79465
1.79301
1.79011
1.78573
1.77988
1.77291
1.76558
1.75899
1.75423
1.75198
1.75215
1.754
1.75646
1.75862
1.75998
1.76053
1.76063
1.76085
1.76171
1.7635
1.76617
1.76934
1.77247
1.77498
1.77646
1.77662
1.77543
1.773
1.7696
1.76562
1.76156
1.75801
1.75553
1.75461
1.75556
1.75832
1.76254
1.76755
1.77249
1.77652
1.77891
1.77914
1.77697
1.77241
1.76583
1.7579
1.74966
1.74247
1.73782
1.73703
1.74076
1.74866
1.7593
1.77077
1.78134
1.78989
1.79596
1.7996
1.80108
1.80079
1.79908
1.79629
1.79271
1.7886
1.78424
1.77988
1.77579
1.77224
1.76945
1.76754
1.76657
1.76647
1.76707
1.76815
1.76946
1.77075
1.77182
1.77249
1.77265
1.77219
1.77108
1.76932
1.76696
1.76412
1.76102
1.75795
1.75523
1.75321
1.75209
1.75197
1.75272
1.7541
1.75578
1.75746
1.75889
1.7599
1.76041
1.76037
1.75974
1.75854
1.75683
1.75475
1.75255
1.75059
1.74924
1.74876
1.74917
1.75026
1.75166
1.75292
1.75371
1.75386
1.75336
1.75237
1.75109
1.74981
1.74877
1.74815
1.74806
1.74852
1.74946
1.75079
1.75238
1.75412
1.75592
1.75773
1.75956
1.7614
1.76331
1.7653
1.76738
1.76957
1.77183
1.77411
1.77635
1.77847
1.78042
1.78214
1.78359
1.78477
1.78572
1.7865
1.78725
1.78808
1.78915
1.79055
1.79232
1.79443
1.79673
1.79901
1.80098
1.80238
1.80292
1.8024
1.80069
1.79781
1.79396
1.78955
1.78515
1.78137
1.77867
1.77718
1.7767
1.77676
1.77686
1.77663
1.77588
1.77466
1.77314
1.77158
1.7702
1.76917
1.76854
1.76824
1.76806
1.76769
1.7667
1.76458
1.76094
1.7558
1.75023
1.74667
1.74826
1.75697
1.7719
1.78979
1.80702
1.82125
1.83163
1.83831
1.84184
1.84278
1.84161
1.83864
1.83403
1.82782
1.81994
1.81024
1.79857
1.78494
1.76964
1.75351
1.73808
1.72545
1.71779
1.71661
1.7222
1.73348
1.7485
1.76497
1.78092
1.79502
1.80659
1.81549
1.82192
1.82622
1.82878
1.82998
1.83014
1.82953
1.82835
1.82674
1.82478
1.82254
1.82003
1.81727
1.81425
1.81096
1.80736
1.8034
1.79897
1.7939
1.78795
1.78086
1.77247
1.76294
1.75307
1.74437
1.73885
1.73811
1.74244
1.75064
1.76069
1.77074
1.77961
1.78683
1.79234
1.79633
1.79907
1.80078
1.80168
1.80197
1.80181
1.80135
1.8007
1.79997
1.79922
1.79853
1.79792
1.79741
1.79701
1.79673
1.79655
1.79647
1.79646
1.7965
1.79653
1.79652
1.79643
1.79621
1.79584
1.79528
1.79455
1.79362
1.79254
1.79133
1.79003
1.78868
1.78734
1.78605
1.78484
1.78373
1.78274
1.78186
1.78108
1.78039
1.77975
1.77915
1.77857
1.77797
1.77734
1.77666
1.77589
1.775
1.77394
1.77264
1.771
1.76891
1.76622
1.7628
1.75853
1.75343
1.74771
1.74188
1.73677
1.73342
1.73277
1.73524
1.74056
1.74789
1.75613
1.76432
1.77178
1.77819
1.78342
1.78751
1.79056
1.7927
1.79404
1.7947
1.79476
1.79432
1.79347
1.7923
1.79089
1.78933
1.7877
1.78609
1.78453
1.78308
1.78175
1.78054
1.77948
1.7786
1.77796
1.77762
1.77765
1.77809
1.77895
1.78018
1.78167
1.78331
1.78497
1.78651
1.78784
1.78889
1.78965
1.79016
1.79051
1.79087
1.79141
1.7923
1.79366
1.79547
1.79755
1.79961
1.80123
1.80196
1.80137
1.79912
1.79497
1.78889
1.78109
1.77209
1.76275
1.75415
1.74736
1.74314
1.74175
1.74285
1.74573
1.74955
1.75363
1.75757
1.76123
1.76466
1.76804
1.77156
1.77535
1.77948
1.7839
1.78851
1.79313
1.79756
1.8016
1.80504
1.80776
1.80966
1.81069
1.81087
1.81026
1.80897
1.80713
1.8049
1.80241
1.79978
1.79705
1.79426
1.79136
1.78831
1.78505
1.7816
1.77799
1.77436
1.77089
1.7678
1.76527
1.76343
1.76235
1.76197
1.76219
1.76285
1.76383
1.76503
1.7664
1.76793
1.7696
1.77138
1.77312
1.77465
1.7757
1.77602
1.77545
1.77399
1.77193
1.76982
1.76845
1.76854
1.77046
1.77409
1.77882
1.78385
1.78844
1.79205
1.79439
1.79532
1.79481
1.79282
1.78935
1.78442
1.77816
1.77089
1.76325
1.75618
1.75074
1.74774
1.74738
1.74919
1.75223
1.75552
1.75825
1.75998
1.7605
1.75972
1.75762
1.75414
1.74925
1.74298
1.73556
1.72751
1.71966
1.71301
1.70849
1.70667
1.70756
1.71075
1.7156
1.72144
1.72771
1.734
1.73999
1.74546
1.7503
1.75445
1.7579
1.76071
1.76295
1.76468
1.76597
1.76687
1.76742
1.76763
1.76749
1.76699
1.76611
1.76485
1.76319
1.76116
1.75882
1.75626
1.7536
1.75101
1.74866
1.74671
1.74527
1.7444
1.74407
1.74419
1.74461
1.74516
1.74566
1.74596
1.74598
1.74568
1.74511
1.74439
1.74369
1.7432
1.74311
1.74357
1.74461
1.7462
1.74817
1.75032
1.75239
1.75416
1.75547
1.75622
1.75643
1.75616
1.75555
1.75474
1.75386
1.753
1.75217
1.75129
1.75022
1.74874
1.74665
1.7438
1.74013
1.73578
1.73111
1.72664
1.72303
1.72086
1.72055
1.72217
1.72552
1.73014
1.73548
1.74099
1.7462
1.75077
1.7545
1.75734
1.7593
1.76051
1.76111
1.76126
1.76108
1.76068
1.76013
1.75948
1.75876
1.75803
1.75739
1.75693
1.75675
1.75691
1.75741
1.75823
1.75927
1.76044
1.76166
1.76293
1.76425
1.76572
1.76742
1.76945
1.77186
1.77465
1.77772
1.78094
1.78411
1.78704
1.78952
1.79139
1.79249
1.79274
1.79206
1.79046
1.78799
1.78477
1.781
1.77688
1.77262
1.76838
1.76419
1.76001
1.75571
1.75119
1.74645
1.74164
1.73713
1.73342
1.73104
1.7304
1.73168
1.73478
1.73938
1.74506
1.75138
1.75792
1.76433
1.77033
1.77572
1.78037
1.78423
1.78732
1.78973
1.79156
1.79294
1.79403
1.79497
1.79589
1.79691
1.79812
1.79957
1.80128
1.80319
1.80523
1.80724
1.80904
1.8104
1.81109
1.81092
1.80974
1.80755
1.80447
1.8008
1.79693
1.79322
1.7898
1.78653
1.78303
1.77881
1.77356
1.76731
1.76051
1.75403
1.7489
1.74599
1.7457
1.74782
1.75172
1.75665
1.76201
1.76742
1.77273
1.77788
1.78282
1.78751
1.79188
1.79585
1.79938
1.80241
1.80496
1.80703
1.80864
1.80984
1.81066
1.81114
1.8113
1.81118
1.81079
1.81014
1.80926
1.80817
1.80687
1.80541
1.80381
1.80212
1.8004
1.7987
1.79706
1.79552
1.7941
1.7928
1.79165
1.79064
1.78981
1.78921
1.78889
1.7889
1.78927
1.78993
1.79079
1.7917
1.79249
1.793
1.79313
1.7928
1.79198
1.79068
1.78889
1.78663
1.78393
1.78088
1.7776
1.77427
1.7711
1.76828
1.76596
1.76424
1.76318
1.76277
1.763
1.76377
1.76494
1.76631
1.76765
1.76871
1.76926
1.76916
1.76828
1.76662
1.7643
1.76158
1.75888
1.75672
1.75556
1.75571
1.75721
1.75994
1.76362
1.76796
1.7726
1.77721
1.78144
1.78505
1.78786
1.78982
1.79097
1.7914
1.79121
1.79049
1.78926
1.78747
1.78497
1.78152
1.77685
1.7707
1.76306
1.75437
1.74574
1.73881
1.73529
1.73601
1.74048
1.74714
1.75418
1.76024
1.76463
1.76721
1.76815
1.76778
1.76649
1.76467
1.76272
1.76104
1.75992
1.75953
1.75988
1.76078
1.76193
1.763
1.76373
1.76392
1.76355
1.76265
1.76136
1.75987
1.75833
1.75689
1.75565
1.75468
1.75406
1.75387
1.75417
1.75495
1.75612
1.75747
1.75875
1.75967
1.75997
1.75948
1.75805
1.75563
1.7522
1.74785
1.74277
1.73738
1.73227
1.72822
1.72598
1.72604
1.72844
1.7328
1.73843
1.74461
1.75072
1.75635
1.76122
1.76524
1.76836
1.77063
1.77211
1.77287
1.77299
1.77251
1.77147
1.76988
1.76772
1.76498
1.76163
1.75768
1.75321
1.74838
1.74348
1.73894
1.73526
1.73294
1.73229
1.73343
1.73614
1.73998
1.74441
1.74885
1.75282
1.75595
1.75799
1.75879
1.75828
1.75646
1.75338
1.74914
1.74391
1.73792
1.73151
1.72508
1.71911
1.71406
1.71032
1.70813
1.70752
1.70835
1.71034
1.71312
1.71635
1.71971
1.72298
1.726
1.72869
1.73101
1.733
1.7347
1.73617
1.73746
1.73864
1.73973
1.74075
1.74169
1.74256
1.74332
1.74394
1.74441
1.74471
1.74482
1.74472
1.74444
1.74397
1.74333
1.74256
1.7417
1.74079
1.73988
1.73903
1.73828
1.73769
1.73729
1.7371
1.73713
1.73738
1.73784
1.73849
1.73929
1.74022
1.74126
1.74239
1.7436
1.74486
1.74619
1.74757
1.749
1.75046
1.75195
1.75345
1.75494
1.75638
1.75773
1.75894
1.75995
1.76067
1.76104
1.76097
1.76038
1.75921
1.75743
1.75508
1.75227
1.74922
1.74622
1.74363
1.74178
1.74094
1.74128
1.74292
1.74589
1.75013
1.7554
1.76124
1.767
