100 0.9809 0
200 1.00192 0.0210208
300 0.989502 0.0173642
400 0.998534 0.0152426
500 0.998271 0.0118097
600 0.996956 0.00973198
700 0.998019 0.00829346
800 0.997774 0.00718652
900 1.00084 0.00703881
1000 1.00287 0.00661597
1100 1.00207 0.00603763
1200 1.00322 0.0056298
1300 1.00313 0.00517947
1400 1.00329 0.00479791
1500 1.00252 0.00453174
1600 1.00396 0.00447559
1700 1.00406 0.00420544
1800 1.00347 0.00400864
1900 1.0035 0.00379191
2000 1.00252 0.00372847
2100 1.00205 0.00357718
2200 1.00169 0.00343039
2300 1.00132 0.00329844
2400 1.0015 0.00316313
2500 1.002 0.00307465
2600 1.00211 0.00295623
2700 1.00256 0.00287989
2800 1.00272 0.00277961
2900 1.00298 0.00269447
3000 1.00297 0.0026031
3100 1.00263 0.00254056
3200 1.00226 0.00248862
3300 1.00286 0.00248626
3400 1.00215 0.00251333
3500 1.0019 0.00245413
3600 1.00177 0.00238811
3700 1.00223 0.00236754
3800 1.00211 0.00230753
3900 1.00207 0.00224789
4000 1.0017 0.00222204
4100 1.00174 0.00216744
4200 1.00176 0.0021153
4300 1.00177 0.00206554
4400 1.00147 0.00203995
4500 1.00138 0.00199602
4600 1.00129 0.00195458
4700 1.00114 0.00191833
4800 1.00107 0.00187902
4900 1.00118 0.00184355
5000 1.00104 0.0018121
5100 1.00111 0.00177753
5200 1.00088 0.00175824
5300 1.00105 0.00173404
5400 1.00078 0.00172393
5500 1.00062 0.00169942
5600 1.00053 0.00167157
5700 1.00077 0.00166018
5800 1.00053 0.00164916
5900 1.00036 0.00162942
6000 1.00045 0.0016046
6100 1.00002 0.00163767
6200 1.00039 0.00165349
6300 1.00039 0.00162703
6400 1.00048 0.00160384
6500 1.00063 0.00158596
6600 1.00062 0.00156177
6700 1.00104 0.00159471
6800 1.00097 0.00157236
6900 1.00115 0.00155999
7000 1.00166 0.00161767
7100 1.00175 0.00159735
7200 1.00175 0.00157502
7300 1.00185 0.00155629
7400 1.00145 0.00158648
7500 1.00145 0.00156519
7600 1.00165 0.00155718
7700 1.0014 0.00155798
7800 1.00163 0.00155483
7900 1.00181 0.0015457
8000 1.00186 0.00152729
8100 1.00218 0.00154076
8200 1.00232 0.00152875
8300 1.00221 0.00151462
8400 1.00218 0.00149676
8500 1.00191 0.00150301
8600 1.0019 0.00148544
8700 1.00185 0.00146935
8800 1.00163 0.00146949
8900 1.00152 0.00145652
9000 1.00161 0.00144297
9100 1.00124 0.00147534
9200 1.00103 0.00147321
9300 1.00091 0.00146269
9400 1.0009 0.00144705
9500 1.00072 0.00144365
9600 1.00067 0.00142936
9700 1.00072 0.0014153
9800 1.00061 0.00140485
9900 1.0005 0.00139522
10000 1.00054 0.00138189
