0 -6.59918 0.02768
1 -6.58767 0.0160938
2 -6.58396 0.0111889
3 -6.58473 0.0084224
4 -6.58437 0.00675882
5 -6.58393 0.00565152
6 -6.58377 0.00484758
7 -6.58411 0.00426094
8 -6.58435 0.00379483
9 -6.5841 0.00343255
10 -6.58368 0.00315124
11 -6.58411 0.00292332
12 -6.58389 0.00271161
13 -6.58377 0.00252266
14 -6.58365 0.00235963
15 -6.58348 0.00222531
16 -6.58342 0.00210557
17 -6.58355 0.00199393
18 -6.58357 0.00188996
19 -6.58355 0.00179625
20 -6.5839 0.00174755
21 -6.58391 0.00167206
22 -6.58376 0.00160704
23 -6.58382 0.0015414
24 -6.58381 0.00148295
25 -6.58369 0.00143073
26 -6.58369 0.00137883
27 -6.58365 0.0013303
28 -6.58359 0.0012895
29 -6.58356 0.00124999
30 -6.58358 0.00121182
31 -6.58349 0.00117758
32 -6.58342 0.00114443
33 -6.58342 0.00111189
34 -6.58333 0.00108391
35 -6.58332 0.00105502
36 -6.58321 0.00103255
37 -6.58318 0.00100781
38 -6.58323 0.000983555
39 -6.5832 0.000959575
40 -6.58313 0.00094129
41 -6.58297 0.000931406
42 -6.58293 0.000910964
43 -6.5829 0.000891705
44 -6.58289 0.000872412
45 -6.58282 0.00085623
46 -6.58283 0.000838529
47 -6.58283 0.000821404
48 -6.58287 0.000806482
49 -6.58292 0.000793095
50 -6.58295 0.000778686
51 -6.58295 0.000764268
52 -6.58293 0.000750639
53 -6.5829 0.000737949
54 -6.58288 0.000725024
55 -6.58285 0.000714032
56 -6.58279 0.000704004
57 -6.5828 0.000693016
58 -6.58284 0.000683235
59 -6.58283 0.000672354
60 -6.58281 0.000662284
61 -6.58276 0.000653471
62 -6.58273 0.000644524
63 -6.58269 0.000636508
64 -6.58272 0.000627768
65 -6.58274 0.000618998
66 -6.58274 0.00061012
67 -6.58275 0.000601662
68 -6.58275 0.000593393
69 -6.58268 0.000589645
70 -6.58267 0.000582062
71 -6.58262 0.000576283
72 -6.58264 0.000569519
73 -6.58261 0.000562696
74 -6.58258 0.000556027
75 -6.58255 0.000550204
76 -6.58256 0.000543451
77 -6.5826 0.000537978
78 -6.58259 0.000531499
79 -6.58263 0.000526878
80 -6.58265 0.000521257
81 -6.58271 0.000517915
82 -6.58271 0.000512489
83 -6.58269 0.000507078
84 -6.5827 0.000501406
85 -6.58273 0.000496769
86 -6.58272 0.000491298
87 -6.58268 0.000487893
88 -6.58271 0.000483549
89 -6.58271 0.000478499
90 -6.58276 0.000475469
91 -6.58281 0.00047376
92 -6.58283 0.000469193
93 -6.58281 0.000464696
94 -6.5828 0.000460214
95 -6.58281 0.00045574
96 -6.58284 0.000452893
97 -6.58283 0.000448423
98 -6.58285 0.000444857
99 -6.58288 0.00044173
0 -5.98002 0.0038181
1 -5.97991 0.00204544
2 -5.97995 0.00145192
3 -5.98029 0.00115668
4 -5.97964 0.00114143
5 -5.98015 0.00110095
6 -5.98074 0.00109191
7 -5.98093 0.000982719
8 -5.98093 0.00088745
9 -5.9811 0.000831563
10 -5.98104 0.000770249
11 -5.981 0.000713649
12 -5.98105 0.000667048
13 -5.98088 0.000657504
14 -5.98089 0.000662363
15 -5.9811 0.000673898
16 -5.98114 0.000644486
17 -5.98132 0.000638867
18 -5.9813 0.000607259
19 -5.98141 0.000588687
20 -5.98166 0.000620828
21 -5.98161 0.000616832
22 -5.98156 0.000602569
23 -5.98154 0.000584173
24 -5.98157 0.000563689
25 -5.98152 0.000547487
26 -5.98144 0.000538839
27 -5.98146 0.000528386
28 -5.98143 0.000514655
29 -5.98137 0.000507788
30 -5.9814 0.000503074
31 -5.98133 0.000494213
32 -5.98121 0.000494849
33 -5.98124 0.000484051
34 -5.98123 0.000471377
35 -5.98122 0.000460709
36 -5.98109 0.000469512
37 -5.98103 0.000461914
38 -5.98096 0.000456875
39 -5.98097 0.000448366
40 -5.98093 0.000440541
41 -5.98085 0.000438555
42 -5.98075 0.000439343
43 -5.9807 0.000433117
44 -5.9807 0.000426283
45 -5.98076 0.000423036
46 -5.9808 0.00041628
47 -5.98082 0.000409282
48 -5.98083 0.000402945
49 -5.98081 0.000397839
50 -5.98087 0.000396596
51 -5.9809 0.000390856
52 -5.98091 0.000383925
53 -5.98089 0.00037784
54 -5.98091 0.000372788
55 -5.98087 0.00036824
56 -5.98084 0.000363416
57 -5.98091 0.00036533
58 -5.9809 0.000359722
59 -5.98093 0.00035604
60 -5.98091 0.000351121
61 -5.98089 0.000347164
62 -5.98091 0.000345681
63 -5.98089 0.000341188
64 -5.98086 0.000337637
65 -5.98086 0.00033318
66 -5.98085 0.000328773
67 -5.98086 0.000325379
68 -5.98084 0.000322671
69 -5.98081 0.000321071
70 -5.98073 0.000324912
71 -5.98072 0.000321551
72 -5.98076 0.00032053
73 -5.98078 0.00031798
74 -5.98073 0.000318067
75 -5.98071 0.000316137
76 -5.98067 0.000314745
77 -5.98066 0.000311188
78 -5.98064 0.000308296
79 -5.98064 0.000304746
80 -5.98067 0.000303115
81 -5.98069 0.000300889
82 -5.98068 0.000298015
83 -5.9807 0.000296569
84 -5.98069 0.000293861
85 -5.98072 0.000291999
86 -5.98071 0.000289058
87 -5.98069 0.000286354
88 -5.98066 0.000285086
89 -5.98065 0.000282629
90 -5.9807 0.000284922
91 -5.98068 0.000283452
92 -5.9807 0.000281266
93 -5.98067 0.000279694
94 -5.98066 0.000277749
95 -5.98063 0.000276327
96 -5.98062 0.000274987
97 -5.98064 0.000273406
98 -5.9807 0.000278951
99 -5.9807 0.000276241
0 -5.61388 0.00267352
1 -5.61471 0.00177072
2 -5.61437 0.00124748
3 -5.61465 0.000992246
4 -5.61531 0.00100441
5 -5.61551 0.000928408
6 -5.6154 0.000819015
7 -5.61487 0.000893122
8 -5.61506 0.000831585
9 -5.61514 0.000766416
10 -5.61477 0.000785131
11 -5.61445 0.000831092
12 -5.61469 0.000807725
13 -5.61503 0.000821512
14 -5.61515 0.000786846
15 -5.61501 0.000753377
16 -5.61496 0.000737828
17 -5.61506 0.000717795
18 -5.61471 0.000764191
19 -5.61476 0.000731751
20 -5.61467 0.000716367
21 -5.61476 0.000700812
22 -5.61469 0.000674994
23 -5.61469 0.000648712
24 -5.61464 0.000634612
25 -5.61457 0.000617905
26 -5.61449 0.000600938
27 -5.61438 0.00059377
28 -5.61428 0.000584307
29 -5.61421 0.000570186
30 -5.61409 0.000565688
31 -5.61405 0.000550572
32 -5.61396 0.000543047
33 -5.61405 0.00053993
34 -5.61398 0.00054627
35 -5.61398 0.000543203
36 -5.61394 0.000544327
37 -5.61396 0.000535072
38 -5.61391 0.000525438
39 -5.61385 0.00051702
40 -5.6138 0.000507732
41 -5.61371 0.00050411
42 -5.61371 0.000493736
43 -5.61375 0.000485891
44 -5.61373 0.000481108
45 -5.61368 0.000473598
46 -5.6137 0.000464372
47 -5.61378 0.0004619
48 -5.61375 0.000455775
49 -5.61369 0.000454301
50 -5.61367 0.000445962
51 -5.61369 0.000438029
52 -5.6137 0.000432202
53 -5.61366 0.000432426
54 -5.61362 0.000428076
55 -5.61361 0.000421577
56 -5.61357 0.000417147
57 -5.6135 0.0004162
58 -5.61351 0.000410799
59 -5.61352 0.000408606
60 -5.61353 0.000403576
61 -5.61355 0.000398142
62 -5.61358 0.000393596
63 -5.61358 0.000387665
64 -5.61359 0.0003821
65 -5.61356 0.000377927
66 -5.61355 0.000373074
67 -5.61359 0.00037062
68 -5.61367 0.000374954
69 -5.61365 0.000370952
70 -5.61363 0.000366912
71 -5.61366 0.000364226
72 -5.61372 0.00036625
73 -5.61366 0.000369196
74 -5.61366 0.000365512
75 -5.6137 0.000363012
76 -5.61372 0.000359303
77 -5.61372 0.00035559
78 -5.61375 0.000353832
79 -5.61376 0.000349831
80 -5.61379 0.000347351
81 -5.61379 0.000343246
82 -5.61375 0.000343133
83 -5.6137 0.000344028
84 -5.61373 0.0003416
85 -5.61373 0.000337859
86 -5.61371 0.000335235
87 -5.61366 0.000335347
88 -5.6136 0.000338031
89 -5.61358 0.0003362
90 -5.61358 0.000332755
91 -5.61363 0.000331926
92 -5.61361 0.000330392
93 -5.61359 0.000329322
94 -5.61355 0.000328148
95 -5.61355 0.00032492
96 -5.61354 0.000322242
97 -5.61354 0.00031905
98 -5.61356 0.000316737
99 -5.61352 0.000315293
0 -5.53981 0.00598176
1 -5.54416 0.00580717
2 -5.54663 0.0043893
3 -5.54603 0.00358801
4 -5.54516 0.00298438
5 -5.545 0.00250229
6 -5.5436 0.00252149
7 -5.54242 0.0024704
8 -5.54249 0.00224674
9 -5.5425 0.00202764
10 -5.54204 0.00190051
11 -5.54161 0.00179829
12 -5.5414 0.00168169
13 -5.54108 0.00160193
14 -5.54116 0.00150323
15 -5.54083 0.00144909
16 -5.54075 0.00136771
17 -5.5407 0.00129451
18 -5.54059 0.00123416
19 -5.5403 0.00120752
20 -5.54015 0.00116138
21 -5.54005 0.00111303
22 -5.5399 0.00107703
23 -5.53978 0.00104611
24 -5.5398 0.00100596
25 -5.53969 0.000974529
26 -5.53959 0.000947328
27 -5.53945 0.000925341
28 -5.5393 0.00091089
29 -5.53925 0.000890324
30 -5.53934 0.00086697
31 -5.53929 0.000842285
32 -5.53929 0.000817758
33 -5.53919 0.000802883
34 -5.53918 0.00078196
35 -5.53914 0.000761823
36 -5.53913 0.000742004
37 -5.53909 0.000725104
38 -5.53899 0.000713615
39 -5.53888 0.000708205
40 -5.53887 0.000692853
41 -5.53881 0.000678777
42 -5.5387 0.000675119
43 -5.53869 0.000662492
44 -5.53874 0.000651462
45 -5.53863 0.000647301
46 -5.53857 0.000637177
47 -5.53855 0.000624514
48 -5.53858 0.000613727
49 -5.53853 0.000603916
50 -5.53849 0.000593668
51 -5.53851 0.000583381
52 -5.53851 0.000572966
53 -5.53848 0.000568307
54 -5.53849 0.000560345
55 -5.53845 0.000559147
56 -5.53839 0.000556361
57 -5.53837 0.000547506
58 -5.53834 0.000539338
59 -5.53835 0.000531181
60 -5.53836 0.000522794
61 -5.5384 0.000515891
62 -5.53846 0.00051327
63 -5.53844 0.000505734
64 -5.53841 0.000499134
65 -5.5384 0.000492513
66 -5.53839 0.000485845
67 -5.53832 0.000485059
68 -5.53831 0.000478314
69 -5.53829 0.000472225
70 -5.53828 0.000466344
71 -5.53825 0.000460972
72 -5.53825 0.000455851
73 -5.53824 0.000449958
74 -5.53823 0.000444497
75 -5.53826 0.000439862
76 -5.53828 0.000434986
77 -5.53824 0.000430684
78 -5.53824 0.000425523
79 -5.53822 0.000421193
80 -5.53824 0.000417213
81 -5.5382 0.000414053
82 -5.53824 0.000411183
83 -5.53827 0.000408372
84 -5.53828 0.000403944
85 -5.53828 0.00040127
86 -5.53824 0.000399326
87 -5.53819 0.000398329
88 -5.53816 0.000394938
89 -5.5382 0.000392807
90 -5.5382 0.000390115
91 -5.53818 0.000386446
92 -5.53816 0.00038365
93 -5.53821 0.000383387
94 -5.5382 0.000379616
95 -5.53818 0.000376087
96 -5.53817 0.000373068
97 -5.53819 0.000369966
98 -5.5382 0.000366567
99 -5.53817 0.00036678
0 -5.46758 0.0035752
1 -5.46888 0.00213255
2 -5.46959 0.00170438
3 -5.46931 0.00141263
4 -5.46861 0.00130891
5 -5.46866 0.00111863
6 -5.46911 0.00110478
7 -5.46923 0.00102144
8 -5.46931 0.000938189
9 -5.46959 0.000888577
10 -5.46952 0.00082457
11 -5.46966 0.000785279
12 -5.46983 0.000751336
13 -5.46984 0.000701167
14 -5.47009 0.00070329
15 -5.47046 0.000760807
16 -5.47065 0.000740856
17 -5.47088 0.00074749
18 -5.47061 0.000756887
19 -5.47061 0.00074213
20 -5.47063 0.000710634
21 -5.47067 0.0006861
22 -5.47078 0.000695543
23 -5.47063 0.000682573
24 -5.47057 0.000659323
25 -5.47053 0.000637957
26 -5.47057 0.000617182
27 -5.47058 0.000598164
28 -5.47069 0.000591818
29 -5.47064 0.000578394
30 -5.47068 0.000562246
31 -5.47063 0.000550409
32 -5.47071 0.000543636
33 -5.47065 0.000535243
34 -5.47059 0.000529971
35 -5.47063 0.000524677
36 -5.47061 0.000511712
37 -5.47057 0.000501944
38 -5.47057 0.000490799
39 -5.47063 0.000484476
40 -5.47061 0.000474761
41 -5.47059 0.00046503
42 -5.47061 0.000456341
43 -5.47064 0.000447482
44 -5.47066 0.000443472
45 -5.47062 0.000437264
46 -5.47066 0.000431614
47 -5.47074 0.00042987
48 -5.47084 0.000435415
49 -5.47085 0.000429696
50 -5.47079 0.000426523
51 -5.47086 0.000424743
52 -5.47084 0.000419821
53 -5.4709 0.000419122
54 -5.47087 0.000413644
55 -5.47086 0.000408026
56 -5.47079 0.000411066
57 -5.47083 0.000407396
58 -5.4708 0.00040171
59 -5.47081 0.000395362
60 -5.47084 0.000391187
61 -5.47088 0.000388297
62 -5.47092 0.000384404
63 -5.47095 0.000380483
64 -5.47097 0.000375987
65 -5.47101 0.000374142
66 -5.47105 0.000371911
67 -5.47105 0.000368106
68 -5.47103 0.000365088
69 -5.47102 0.000360603
70 -5.47101 0.000356335
71 -5.47102 0.000352925
72 -5.47105 0.00035083
73 -5.47108 0.000348359
74 -5.4711 0.000344582
75 -5.47111 0.000340547
76 -5.47109 0.000336977
77 -5.4711 0.000333108
78 -5.4711 0.000329119
79 -5.47103 0.000332427
80 -5.47102 0.000328689
81 -5.47103 0.000324947
82 -5.47103 0.000321922
83 -5.471 0.000320626
84 -5.47102 0.000319574
85 -5.47106 0.000320536
86 -5.47104 0.000318878
87 -5.47105 0.000317205
88 -5.47104 0.000314198
89 -5.47103 0.000311508
90 -5.47102 0.000309054
91 -5.471 0.000306818
92 -5.47098 0.000304911
93 -5.47098 0.000302068
94 -5.47096 0.000299861
95 -5.47094 0.000297134
96 -5.47094 0.000294527
97 -5.47094 0.000291863
98 -5.47092 0.000289639
99 -5.47091 0.000287467
