0.793197
0.769832
0.730577
0.676746
0.610385
0.534706
0.454249
0.374706
0.302407
0.243354
0.202092
0.180747
0.178701
0.19294
0.218893
0.251419
0.28567
0.317651
0.344453
0.364348
0.376719
0.381907
0.381026
0.375821
0.368314
0.360655
0.354784
0.352225
0.353898
0.360035
0.37024
0.383597
0.398911
0.414903
0.430469
0.444765
0.457268
0.46776
0.476177
0.482499
0.486608
0.488337
0.487449
0.483741
0.477065
0.467441
0.455122
0.44066
0.424819
0.408537
0.392852
0.378841
0.367481
0.359477
0.355244
0.354812
0.357845
0.363755
0.371755
0.380951
0.390419
0.399326
0.407029
0.413112
0.417402
0.419882
0.420644
0.419917
0.418033
0.415398
0.412516
0.40996
0.408262
0.407784
0.408707
0.411073
0.414732
0.41941
0.424764
0.430358
0.435663
0.440144
0.443321
0.444888
0.444762
0.443063
0.440091
0.436234
0.43185
0.427278
0.422717
0.41819
0.413666
0.408953
0.403766
0.397862
0.391098
0.383484
0.375279
0.367004
0.359393
0.353283
0.349453
0.348411
0.350281
0.354805
0.361463
0.369647
0.378868
0.388867
0.399563
0.410972
0.423009
0.435348
0.44738
0.45831
0.467275
0.473613
0.476873
0.476876
0.473752
0.467852
0.459724
0.450014
0.439423
0.428684
0.418405
0.409154
0.401404
0.395489
0.391539
0.389408
0.388796
0.389236
0.390204
0.391208
0.391872
0.391968
0.391434
0.390395
0.389123
0.387981
0.387375
0.387653
0.38905
0.391617
0.395158
0.399246
0.40329
0.406612
0.408583
0.408768
0.407035
0.40357
0.398798
0.393317
0.387756
0.382727
0.378796
0.376464
0.376187
0.378394
0.383386
0.391273
0.401877
0.414617
0.428592
0.442727
0.455886
0.466985
0.475131
0.479731
0.480557
0.477686
0.47151
0.462608
0.45176
0.439777
0.427441
0.415438
0.404295
0.394434
0.386114
0.379501
0.374682
0.371616
0.370158
0.370063
0.370945
0.372279
0.373446
0.37389
0.373224
0.371377
0.368696
0.36586
0.363776
0.36338
0.365539
0.370897
0.379787
0.392147
0.407475
0.424856
0.443106
0.460922
0.477086
0.490632
0.500879
0.507429
0.510123
0.508974
0.504099
0.495683
0.483998
0.469473
0.452692
0.434447
0.415631
0.397103
0.379649
0.363852
0.350161
0.338917
0.33045
0.325084
0.323054
0.324447
0.32913
0.336727
0.346713
0.358495
0.371507
0.385195
0.399012
0.412402
0.424752
0.435416
0.443777
0.449343
0.451835
0.45125
0.447831
0.442021
0.434483
0.426018
0.417415
0.40938
0.402512
0.397233
0.393791
0.392217
0.392388
0.39399
0.396568
0.399601
0.402599
0.40513
0.406882
0.407759
0.407918
0.407716
0.407703
0.408351
0.409936
0.412442
0.4156
0.418951
0.421955
0.424159
0.425389
0.425739
0.425653
0.425677
0.426334
0.428011
0.430847
0.434704
0.43922
0.443881
0.448092
0.451214
0.452573
0.451498
0.447368
0.439694
0.428323
0.413651
0.396743
0.379358
0.363704
0.351926
0.345468
0.344735
0.349158
0.357601
0.368774
0.381446
0.394494
0.406874
0.417648
0.42609
0.43175
0.434418
0.434189
0.431348
0.426408
0.41999
0.412771
0.405373
0.398358
0.392236
0.387456
0.384386
0.383346
0.38452
0.387877
0.393158
0.399815
0.407075
0.414115
0.420167
0.424628
0.427195
0.42782
0.426662
0.424046
0.420376
0.416098
0.41162
0.407378
0.403867
0.401478
0.400443
0.40075
0.402119
0.404133
0.406337
0.40834
0.409935
0.411185
0.412302
0.41355
0.415218
0.417488
0.420379
0.423751
0.427296
0.430585
0.433086
0.434356
0.43408
0.4321
0.428458
0.423387
0.417262
0.410527
0.40372
0.397355
0.391957
0.387898
0.385341
0.384245
0.384313
0.385127
0.386251
0.387339
0.388189
0.388682
0.388796
0.388622
0.388316
0.388143
0.38841
0.389484
0.391723
0.395329
0.400319
0.406502
0.413513
0.420952
0.428435
0.435606
0.442124
0.447636
0.451798
0.454315
0.454874
0.453314
0.449634
0.444043
0.436939
0.42888
0.420457
0.412257
0.404789
0.398468
0.393592
0.390302
0.388567
0.388211
0.388909
0.390207
0.391675
0.392856
0.393399
0.393034
0.391596
0.389
0.385247
0.380518
0.375148
0.369649
0.364698
0.361089
0.359595
0.360874
0.365274
0.372794
0.383066
0.395406
0.408905
0.422572
0.435454
0.446745
0.455863
0.462416
0.466181
0.46715
0.465459
0.461418
0.455434
0.448037
0.439796
0.431323
0.423221
0.416056
0.410299
0.406274
0.404104
0.40367
0.404711
0.406926
0.40998
0.413536
0.417172
0.420473
0.422944
0.424178
0.423806
0.421618
0.417594
0.411879
0.404809
0.396861
0.38862
0.380712
0.373757
0.368292
0.364724
0.363257
0.363825
0.366134
0.369733
0.374127
0.378853
0.383596
0.388192
0.392629
0.396933
0.401057
0.40499
0.408748
0.412454
0.416273
0.420394
0.424847
0.429528
0.434219
0.438603
0.442411
0.445422
0.447502
0.448574
0.448563
0.447395
0.444974
0.441229
0.436223
0.430201
0.423543
0.416813
0.410662
0.405626
0.402151
0.400443
0.400476
0.40203
0.404709
0.408009
0.411367
0.414269
0.416341
0.4174
0.417476
0.416795
0.415719
0.414604
0.413712
0.413116
0.412755
0.412461
0.412122
0.411668
0.411157
0.410637
0.41012
0.40956
0.408852
0.407889
0.406646
0.405161
0.403489
0.401712
0.399841
0.397798
0.395502
0.392878
0.389958
0.386938
0.384132
0.381894
0.380549
0.380338
0.381427
0.383914
0.387819
0.393034
0.399328
0.406328
0.413566
0.420479
0.426509
0.431155
0.433989
0.434726
0.433257
0.429708
0.424505
0.418326
0.412038
0.40652
0.402533
0.400514
0.400455
0.401981
0.404545
0.407507
0.41028
0.412442
0.413778
0.414175
0.413664
0.412344
0.410369
0.407873
0.404953
0.401673
0.398096
0.39436
0.390579
0.386998
0.383908
0.381649
0.380611
0.381175
0.383747
0.388652
0.396043
0.405706
0.417022
0.428966
0.440273
0.449741
0.456481
0.46014
0.46091
0.459356
0.456214
0.452198
0.447828
0.443343
0.438738
0.433853
0.428559
0.422832
0.416826
0.410905
0.405494
0.400982
0.397612
0.395372
0.393991
0.393029
0.391925
0.390172
0.387406
0.383489
0.378545
0.373004
0.367608
0.363276
0.361019
0.361715
0.36594
0.373783
0.384774
0.397921
0.411948
0.425587
0.437816
0.447825
0.455083
0.459235
0.460085
0.457587
0.451909
0.443516
0.433175
0.421856
0.410654
0.400589
0.392464
0.386712
0.383409
0.382309
0.382962
0.384943
0.387945
0.391745
0.396138
0.400849
0.40546
0.40949
0.412478
0.414114
0.414312
0.413265
0.411346
0.40908
0.407014
0.405635
0.405328
0.40628
0.408533
0.411966
0.416322
0.421191
0.426064
0.430379
0.433608
0.43528
0.435023
0.432627
0.428048
0.421329
0.412677
0.402463
0.391226
0.379685
0.368694
0.359217
0.352208
0.348479
0.348603
0.352769
0.36074
0.371894
0.385315
0.399873
0.4144
0.427787
0.439111
0.447669
0.453081
0.455345
0.454732
0.45174
0.446972
0.441042
0.434541
0.427906
0.421429
0.415269
0.409454
0.403916
0.398603
0.393596
0.389212
0.385867
0.384006
0.383896
0.385486
0.38848
0.392407
0.396725
0.400909
0.404522
0.407219
0.408815
0.409252
0.408607
0.407058
0.404923
0.402514
0.400242
0.398544
0.397822
0.398373
0.40034
0.403694
0.408233
0.413599
0.419309
0.424799
0.429483
0.432849
0.434503
0.434195
0.431907
0.427833
0.422392
0.416112
0.409528
0.403174
0.397465
0.392759
0.389383
0.387599
0.387532
0.389152
0.392167
0.396174
0.400678
0.405218
0.40942
0.413038
0.416011
0.418416
0.420346
0.421878
0.423047
0.423784
0.423964
0.423369
0.421788
0.419047
0.415075
0.40989
0.403693
0.396869
0.390051
0.384004
0.379547
0.377431
0.378259
0.382275
0.389367
0.399066
0.410555
0.422833
0.434851
0.44557
0.454068
0.459613
0.46167
0.459953
0.454457
0.445515
0.433779
0.420172
0.405875
0.392204
0.380432
0.371627
0.366506
0.36533
0.367895
0.373582
0.381495
0.390649
0.400079
0.409001
0.416875
0.423406
0.428506
0.43222
0.434667
0.435976
0.436233
0.435535
0.433967
0.431612
0.428539
0.424801
0.420485
0.415727
0.410766
0.405939
0.401667
0.398388
0.396466
0.396157
0.397565
0.400624
0.405133
0.410717
0.416908
0.423117
0.428714
0.433017
0.435443
0.435492
0.432889
0.427625
0.419972
0.410471
0.399851
0.388993
0.378831
0.370224
0.363852
0.360098
0.359062
0.360622
0.364511
0.37042
0.37802
0.386978
0.396921
0.407399
0.417825
0.427534
0.435825
0.442094
0.445903
0.447061
0.445621
0.441906
0.43642
0.429829
0.422903
0.416365
0.41085
0.406743
0.40427
0.403457
0.404141
0.406048
0.408815
0.412072
0.415404
0.418458
0.420932
0.42247
0.422789
0.421685
0.419081
0.414976
0.409482
0.402858
0.395459
0.387776
0.38044
0.374155
0.369663
0.367595
0.368348
0.372015
0.378295
0.386539
0.395915
0.40554
0.414573
0.422332
0.428306
0.432116
0.433529
0.432453
0.428971
0.423356
0.416072
0.407763
0.39924
0.391394
0.385027
0.380733
0.378797
0.379274
0.38201
0.386753
0.393257
0.401208
0.410298
0.420101
0.430124
0.439818
0.448655
0.45618
0.461999
0.465765
0.467157
0.465872
0.461747
0.454772
0.445228
0.433679
0.420977
0.408181
0.396529
0.387221
0.381208
0.37897
0.380298
0.384336
0.389738
0.39504
0.398923
0.400525
0.399629
0.396647
0.3925
0.388405
0.38551
0.384691
0.386387
0.390595
0.396947
0.404789
0.413329
0.421738
0.429193
0.435035
0.438737
0.439983
0.438749
0.435262
0.429976
0.42346
0.416375
0.409323
0.402767
0.39704
0.39229
0.388562
0.385868
0.384276
0.383914
0.384914
0.387344
0.391154
0.396172
0.402143
0.408769
0.415763
0.422779
0.429443
0.435247
0.439697
0.442321
0.442791
0.441016
0.43717
0.43166
0.425049
0.417926
0.410774
0.403978
0.397867
0.392681
0.388632
0.385906
0.384624
0.384838
0.386478
0.389413
0.393461
0.398436
0.404144
0.410287
0.41642
0.422
0.426413
0.429091
0.429648
0.427948
0.424083
0.41838
0.411333
0.403586
0.786504
0.763488
0.733437
0.699063
0.66356
0.630156
0.601753
0.580388
0.567027
0.561478
0.562687
0.568965
0.578281
0.588431
0.597378
0.603676
0.606705
0.606784
0.604985
0.602564
0.60059
0.599584
0.5996
0.600402
0.601794
0.603637
0.605872
0.608489
0.61143
0.614584
0.617958
0.621759
0.626257
0.631635
0.637785
0.644314
0.650507
0.655452
0.658218
0.658001
0.654318
0.646975
0.636136
0.622179
0.605687
0.587458
0.568512
0.550096
0.533659
0.520757
0.512877
0.511229
0.516407
0.528226
0.545631
0.566788
0.589534
0.611959
0.632688
0.650888
0.666038
0.677681
0.685303
0.688481
0.687113
0.681547
0.672562
0.66128
0.649053
0.637259
0.627164
0.619807
0.615914
0.615791
0.619203
0.625307
0.632783
0.640223
0.64643
0.650628
0.652533
0.652172
0.649665
0.645017
0.638297
0.629748
0.619893
0.60946
0.599334
0.590428
0.583442
0.57892
0.577261
0.578616
0.582918
0.589888
0.598961
0.609324
0.619976
0.629885
0.638092
0.643855
0.646807
0.646998
0.64484
0.641019
0.636418
0.632
0.628498
0.626308
0.625471
0.62574
0.626705
0.627911
0.628883
0.629088
0.627974
0.625119
0.620343
0.613825
0.606127
0.59815
0.590924
0.585366
0.58204
0.581005
0.581836
0.583724
0.585758
0.58715
0.587341
0.586152
0.583733
0.580495
0.577035
0.573946
0.571635
0.570243
0.569561
0.569218
0.5689
0.568666
0.568973
0.570504
0.573759
0.578903
0.585709
0.593869
0.603256
0.613829
0.625447
0.637731
0.649949
0.661199
0.670488
0.676854
0.679486
0.677756
0.671507
0.661245
0.648107
0.633812
0.620357
0.609511
0.602518
0.599922
0.601527
0.606459
0.613443
0.621084
0.628145
0.63362
0.636767
0.637041
0.634174
0.628352
0.620174
0.610816
0.60175
0.594303
0.589246
0.586645
0.586072
0.586978
0.588956
0.59172
0.595082
0.598868
0.602986
0.607508
0.612675
0.618701
0.625643
0.633315
0.641225
0.648706
0.655028
0.659623
0.662143
0.662556
0.661267
0.659022
0.656815
0.655626
0.656111
0.658385
0.662088
0.666501
0.670708
0.673831
0.675006
0.673477
0.668754
0.66059
0.64905
0.634427
0.617231
0.5983
0.578892
0.560732
0.545832
0.53602
0.532388
0.534942
0.542671
0.553979
0.567201
0.580992
0.594431
0.606955
0.618125
0.627496
0.634635
0.639295
0.641495
0.641556
0.640086
0.637701
0.634968
0.632191
0.629483
0.62687
0.624437
0.622363
0.620872
0.620071
0.619914
0.620198
0.620684
0.621217
0.621768
0.622426
0.623205
0.624043
0.624728
0.624963
0.624413
0.622787
0.619906
0.615813
0.610913
0.605932
0.601786
0.599221
0.598585
0.599846
0.602668
0.606604
0.611321
0.616639
0.622449
0.628564
0.63467
0.640288
0.644905
0.648139
0.65001
0.650962
0.651747
0.653023
0.655133
0.657794
0.660222
0.661462
0.660651
0.657164
0.6507
0.641333
0.629447
0.615706
0.600907
0.585914
0.571693
0.559334
0.550073
0.545138
0.545516
0.551823
0.564104
0.581797
0.603648
0.627632
0.651101
0.671085
0.684793
0.690096
0.686068
0.673239
0.653666
0.630624
0.607886
0.588774
0.575371
0.568293
0.567044
0.570456
0.577058
0.585344
0.59385
0.601294
0.606567
0.608921
0.608033
0.604133
0.598003
0.590939
0.584597
0.580738
0.580939
0.58629
0.597139
0.613058
0.632928
0.655073
0.677394
0.697724
0.714061
0.724756
0.728801
0.725822
0.716157
0.700886
0.681741
0.660811
0.640237
0.621807
0.606769
0.595759
0.588898
0.586
0.586607
0.590094
0.595755
0.602854
0.610563
0.617955
0.624023
0.627829
0.628638
0.626128
0.620497
0.612454
0.603023
0.593323
0.584301
0.576608
0.5707
0.56699
0.565928
0.567894
0.572985
0.580711
0.589879
0.598932
0.606489
0.611789
0.614893
0.616432
0.617225
0.617896
0.618678
0.61949
0.620087
0.620225
0.619912
0.619545
0.619759
0.621209
0.624317
0.629052
0.634962
0.641339
0.647431
0.652639
0.656541
0.658883
0.659488
0.6583
0.655451
0.651215
0.645866
0.639569
0.632327
0.624098
0.615103
0.606001
0.597981
0.592468
0.590691
0.593195
0.599614
0.608739
0.618989
0.62885
0.637117
0.643054
0.646237
0.646516
0.643894
0.638574
0.630975
0.621778
0.611738
0.601645
0.592232
0.584061
0.577507
0.57257
0.568779
0.565533
0.562642
0.560775
0.561379
0.565945
0.575118
0.588297
0.603933
0.620133
0.63523
0.648054
0.657793
0.66394
0.66634
0.665119
0.660658
0.653518
0.644356
0.633918
0.623025
0.612539
0.603173
0.595383
0.589394
0.585389
0.583569
0.584254
0.587728
0.594035
0.602895
0.613609
0.625208
0.636595
0.646852
0.65534
0.661687
0.665691
0.667264
0.666302
0.662772
0.656817
0.648869
0.639603
0.629849
0.620519
0.612416
0.606086
0.601804
0.599553
0.599141
0.600217
0.602294
0.604787
0.607123
0.608802
0.609481
0.608927
0.607029
0.603765
0.599206
0.59356
0.587189
0.580812
0.575488
0.572498
0.573009
0.577559
0.585625
0.595585
0.605377
0.613296
0.618644
0.621775
0.623743
0.625856
0.629197
0.634278
0.640882
0.648104
0.654674
0.659329
0.661165
0.659848
0.655647
0.649302
0.641872
0.63444
0.627877
0.622724
0.619186
0.617176
0.616549
0.617031
0.618268
0.619857
0.621517
0.623157
0.624816
0.626501
0.628097
0.629251
0.629518
0.628532
0.626162
0.622646
0.618563
0.614673
0.611734
0.610365
0.610902
0.613458
0.617921
0.623958
0.63114
0.638843
0.646261
0.652399
0.656131
0.65645
0.652777
0.645252
0.634702
0.622422
0.609926
0.598646
0.589738
0.584074
0.582102
0.583689
0.58806
0.593805
0.59922
0.602685
0.603076
0.599889
0.59356
0.585322
0.576869
0.569883
0.565552
0.564362
0.566167
0.57047
0.576749
0.584566
0.593562
0.603465
0.613806
0.62395
0.633113
0.640576
0.645824
0.648705
0.649469
0.648728
0.647199
0.645532
0.644109
0.642919
0.641634
0.639829
0.63727
0.634097
0.630778
0.627911
0.626052
0.625542
0.626439
0.628534
0.631414
0.634535
0.637288
0.639092
0.639505
0.638335
0.635647
0.631747
0.627113
0.622326
0.6178
0.613754
0.610204
0.606977
0.603781
0.600271
0.59617
0.591364
0.58607
0.580916
0.576808
0.574765
0.575664
0.579849
0.587009
0.59614
0.605756
0.61431
0.620475
0.623417
0.622903
0.619222
0.613124
0.605683
0.598045
0.591194
0.585871
0.582518
0.58141
0.582845
0.587063
0.594232
0.604185
0.616259
0.629299
0.641812
0.652221
0.659178
0.661834
0.659942
0.6541
0.645567
0.636067
0.627502
0.621476
0.618793
0.61925
0.621637
0.624237
0.62524
0.623313
0.617927
0.609424
0.598836
0.587679
0.577677
0.570418
0.567116
0.568411
0.574277
0.584138
0.597053
0.611946
0.627722
0.643308
0.657587
0.669365
0.677355
0.680358
0.677547
0.668762
0.654623
0.63652
0.616419
0.596492
0.578948
0.56585
0.558926
0.559099
0.56618
0.578798
0.594859
0.612018
0.628207
0.641805
0.651711
0.657331
0.658547
0.655652
0.649385
0.640835
0.63124
0.621801
0.613484
0.60683
0.601883
0.598266
0.595271
0.592202
0.588543
0.584329
0.580253
0.577571
0.577504
0.580645
0.586751
0.594873
0.603777
0.612368
0.619878
0.625929
0.630375
0.633225
0.634611
0.634887
0.63456
0.63422
0.634468
0.635774
0.638448
0.642494
0.647618
0.653225
0.658544
0.662778
0.665384
0.666035
0.664566
0.660874
0.654885
0.646678
0.636564
0.625123
0.613131
0.601434
0.590842
0.581915
0.574864
0.5696
0.565911
0.56362
0.562797
0.563776
0.567045
0.572916
0.581319
0.591682
0.602923
0.613781
0.623075
0.630024
0.634458
0.636854
0.638141
0.639241
0.64082
0.642983
0.645255
0.646894
0.647137
0.64544
0.64152
0.635359
0.62723
0.617765
0.607932
0.598971
0.592163
0.588485
0.588252
0.591085
0.596052
0.601795
0.606743
0.609398
0.608689
0.604356
0.597089
0.588457
0.580486
0.575205
0.57423
0.578316
0.587269
0.600038
0.615173
0.631179
0.646725
0.660682
0.6722
0.680664
0.685693
0.687083
0.684788
0.678902
0.66969
0.65771
0.643923
0.629752
0.616842
0.606504
0.599342
0.59523
0.59367
0.594217
0.596662
0.600969
0.607018
0.614384
0.622432
0.630513
0.638021
0.644543
0.649724
0.653258
0.654788
0.654027
0.65081
0.645179
0.637324
0.627532
0.616245
0.604097
0.592159
0.581981
0.575248
0.573246
0.576273
0.583401
0.592752
0.602044
0.609182
0.612627
0.611691
0.606517
0.59807
0.587925
0.578006
0.570245
0.566188
0.56683
0.57245
0.582616
0.596173
0.611424
0.626326
0.638847
0.647409
0.651214
0.650329
0.645661
0.63864
0.630916
0.624015
0.619014
0.61646
0.616254
0.617711
0.619871
0.62168
0.622323
0.621504
0.619499
0.61701
0.614748
0.613186
0.612365
0.611871
0.611174
0.609829
0.607617
0.604527
0.600684
0.596173
0.591024
0.585208
0.578803
0.572238
0.566284
0.562095
0.560944
0.563945
0.571537
0.5832
0.59746
0.612218
0.625423
0.635632
0.642266
0.645593
0.646544
0.64627
0.645865
0.646186
0.647759
0.650839
0.655566
0.661949
0.669738
0.678281
0.686402
0.692598
0.695309
0.693317
0.686027
0.673668
0.657241
0.638301
0.618621
0.599827
0.583263
0.569904
0.560416
0.55515
0.55425
0.557566
0.564591
0.574449
0.586018
0.597987
0.609149
0.618668
0.62609
0.631398
0.634856
0.636892
0.637905
0.638249
0.638134
0.63768
0.63697
0.63603
0.634818
0.633238
0.631102
0.62813
0.623983
0.618497
0.611812
0.604447
0.597263
0.591157
0.58695
0.585168
0.586007
0.589223
0.594142
0.599821
0.605261
0.609627
0.612317
0.613
0.611754
0.60893
0.605208
0.601418
0.598362
0.596686
0.596741
0.59861
0.602081
0.606718
0.611897
0.616754
0.620338
0.621875
0.621107
0.618545
0.61568
0.614671
0.617665
0.62608
0.639921
0.657864
0.677607
0.696467
0.711906
0.722006
0.725575
0.722294
0.71254
0.697461
0.678686
0.658132
0.637634
0.618757
0.602532
0.589383
0.579115
0.570967
0.563961
0.557419
0.791168
0.775605
0.756632
0.738215
0.724093
0.716823
0.717151
0.723805
0.734105
0.744822
0.753079
0.756956
0.755765
0.750108
0.741674
0.732724
0.725555
0.721891
0.722519
0.726995
0.733879
0.741175
0.746999
0.750265
0.751069
0.750228
0.748591
0.746577
0.744185
0.741353
0.738254
0.735407
0.733411
0.732754
0.73347
0.735077
0.736837
0.738158
0.738886
0.739351
0.740048
0.741174
0.742349
0.742743
0.741478
0.738229
0.733707
0.729756
0.728762
0.732556
0.741524
0.754438
0.769167
0.783429
0.795285
0.803512
0.807668
0.808011
0.80535
0.800792
0.795346
0.789782
0.784703
0.780616
0.777783
0.775921
0.773973
0.770357
0.763503
0.752249
0.736351
0.71661
0.694772
0.673038
0.653621
0.638628
0.630045
0.629562
0.638169
0.655758
0.680929
0.711384
0.744185
0.776159
0.804323
0.826147
0.839961
0.845205
0.842504
0.833586
0.821106
0.807952
0.796367
0.787333
0.780698
0.775696
0.771676
0.768334
0.765801
0.764376
0.76434
0.765908
0.769076
0.773459
0.778327
0.782459
0.784322
0.782302
0.775182
0.762695
0.745972
0.72742
0.710049
0.696209
0.68684
0.681492
0.679173
0.679078
0.680864
0.684523
0.690093
0.69742
0.706085
0.715463
0.724934
0.734091
0.742774
0.751014
0.758691
0.765462
0.770647
0.773476
0.773342
0.770093
0.764295
0.757391
0.751447
0.748296
0.748526
0.751358
0.75556
0.760183
0.764689
0.768678
0.771637
0.772969
0.772115
0.76876
0.763142
0.756294
0.749876
0.745764
0.745288
0.748689
0.754968
0.76221
0.768222
0.771192
0.770133
0.764997
0.756549
0.746131
0.735114
0.724565
0.71521
0.707682
0.703054
0.702633
0.707286
0.716736
0.729738
0.744845
0.760919
0.777004
0.792134
0.805178
0.81499
0.820586
0.821426
0.817257
0.808034
0.793763
0.774694
0.7518
0.726893
0.702474
0.681331
0.666006
0.658303
0.659026
0.667982
0.684151
0.706019
0.731686
0.75879
0.784677
0.806572
0.822011
0.829251
0.827484
0.816951
0.798931
0.775875
0.751347
0.729374
0.713195
0.704227
0.702133
0.705718
0.713584
0.724273
0.736318
0.748165
0.758263
0.765202
0.768016
0.766299
0.760335
0.751168
0.740197
0.72885
0.718242
0.709169
0.702189
0.697872
0.69678
0.69944
0.706029
0.71603
0.728195
0.740706
0.751687
0.759503
0.763146
0.762396
0.75791
0.751126
0.743984
0.738589
0.736678
0.738967
0.744838
0.752414
0.759093
0.762497
0.76117
0.754948
0.744928
0.733006
0.721394
0.712099
0.706508
0.705354
0.708728
0.716112
0.726545
0.738563
0.750388
0.760189
0.7665
0.768517
0.766571
0.762144
0.757572
0.755211
0.756419
0.761118
0.767987
0.775259
0.781482
0.785805
0.787871
0.787577
0.784996
0.780314
0.773831
0.765915
0.757078
0.747968
0.739233
0.731419
0.724917
0.719911
0.71631
0.713712
0.711461
0.708835
0.705261
0.70045
0.694443
0.687573
0.68055
0.674625
0.671589
0.67342
0.68161
0.696275
0.715595
0.736175
0.754134
0.7665
0.772062
0.7715
0.766927
0.761063
0.756451
0.754783
0.756606
0.76144
0.768218
0.775708
0.782826
0.78879
0.793185
0.795818
0.796734
0.796037
0.793891
0.790526
0.786067
0.780623
0.7743
0.767268
0.759731
0.751806
0.743495
0.73459
0.724762
0.713867
0.702047
0.690065
0.679581
0.672897
0.672291
0.678923
0.69213
0.709676
0.728908
0.747676
0.764729
0.779404
0.791204
0.799576
0.803861
0.803438
0.797904
0.787073
0.77131
0.751657
0.730156
0.709826
0.694076
0.68559
0.685489
0.693065
0.706337
0.722781
0.740067
0.756459
0.770888
0.782775
0.791747
0.797513
0.799649
0.797709
0.791396
0.780936
0.767442
0.752902
0.739692
0.730037
0.72528
0.725462
0.729545
0.735998
0.743505
0.751177
0.758517
0.76511
0.770356
0.773555
0.774196
0.772242
0.768345
0.763703
0.759613
0.756982
0.756058
0.756374
0.757054
0.75713
0.755861
0.753033
0.748999
0.74458
0.740727
0.738028
0.736401
0.735058
0.732953
0.729466
0.724735
0.719612
0.715273
0.712702
0.712511
0.714979
0.720145
0.727761
0.73701
0.746627
0.755267
0.761942
0.766121
0.767573
0.766157
0.762019
0.755759
0.748439
0.741322
0.735665
0.732431
0.732123
0.734648
0.739304
0.744894
0.749967
0.753183
0.753749
0.75169
0.747877
0.743763
0.741059
0.741168
0.744662
0.75114
0.759384
0.767843
0.774941
0.779503
0.780883
0.779009
0.774236
0.767338
0.759382
0.751485
0.744815
0.740354
0.738668
0.739742
0.742924
0.747105
0.750949
0.75311
0.752542
0.748939
0.742887
0.735753
0.729053
0.723921
0.720905
0.720073
0.721235
0.724081
0.728204
0.733045
0.738061
0.742856
0.747262
0.751349
0.755089
0.758218
0.760403
0.761681
0.76311
0.766418
0.772675
0.781238
0.790151
0.797546
0.802572
0.805281
0.806162
0.805555
0.803425
0.79949
0.793415
0.784991
0.774216
0.761226
0.74619
0.72919
0.71044
0.690568
0.670681
0.652237
0.636831
0.625932
0.620636
0.621539
0.628632
0.641289
0.658313
0.678066
0.698603
0.71802
0.734763
0.747951
0.757513
0.764169
0.769166
0.773837
0.779126
0.78524
0.791711
0.797683
0.802143
0.80426
0.803496
0.799647
0.792941
0.784044
0.774032
0.764478
0.757371
0.754756
0.75808
0.767425
0.78118
0.796418
0.809797
0.818485
0.82072
0.815781
0.803928
0.786261
0.764519
0.741011
0.71841
0.699346
0.685974
0.679435
0.679653
0.68545
0.694826
0.705342
0.714691
0.721182
0.724177
0.724357
0.723649
0.724732
0.730265
0.741853
0.759169
0.780041
0.801305
0.819948
0.833927
0.84245
0.845671
0.844042
0.837924
0.827675
0.813853
0.79748
0.780017
0.762834
0.746819
0.732188
0.71858
0.705339
0.691783
0.677653
0.663441
0.650513
0.640805
0.636165
0.637641
0.645002
0.656724
0.670559
0.684325
0.696632
0.707272
0.716929
0.726594
0.736768
0.74709
0.756512
0.76375
0.767818
0.768232
0.76503
0.758719
0.750147
0.740309
0.730389
0.721736
0.715909
0.714458
0.718401
0.727629
0.740727
0.755218
0.768233
0.777353
0.781052
0.779013
0.77198
0.761558
0.749735
0.738362
0.728815
0.721839
0.717804
0.716951
0.719475
0.725395
0.73425
0.74516
0.756973
0.768582
0.779065
0.787728
0.794162
0.798193
0.799864
0.799135
0.795794
0.789464
0.77981
0.767094
0.752552
0.738178
0.726199
0.718372
0.715402
0.716831
0.721413
0.727707
0.734578
0.741353
0.747748
0.75362
0.758793
0.763028
0.766015
0.767462
0.767136
0.765033
0.761224
0.755923
0.749598
0.743022
0.737192
0.73304
0.730972
0.730683
0.731034
0.730616
0.728252
0.723313
0.715771
0.706258
0.695912
0.686306
0.679218
0.676147
0.677667
0.683127
0.690904
0.698955
0.705707
0.710639
0.714386
0.718486
0.724788
0.735065
0.750473
0.771074
0.795796
0.822615
0.848915
0.871929
0.889248
0.899055
0.90029
0.892792
0.877452
0.85643
0.832939
0.810461
0.79198
0.779265
0.772477
0.770177
0.769969
0.769246
0.765982
0.759065
0.748253
0.733975
0.717216
0.699318
0.68197
0.666897
0.655494
0.648468
0.645695
0.646403
0.64953
0.654173
0.659767
0.666053
0.673134
0.681228
0.690542
0.7012
0.71331
0.727052
0.74262
0.760066
0.778911
0.798097
0.815908
0.830341
0.839522
0.842028
0.837038
0.824338
0.804299
0.777949
0.747023
0.714007
0.681693
0.652823
0.629748
0.614364
0.60773
0.609654
0.618588
0.632473
0.649732
0.669785
0.692582
0.717797
0.744437
0.770795
0.794721
0.814058
0.82711
0.833019
0.831902
0.824926
0.814113
0.801842
0.790434
0.781714
0.776733
0.775689
0.777921
0.782013
0.786376
0.789675
0.791026
0.789919
0.786331
0.780661
0.773839
0.767053
0.761448
0.757659
0.755532
0.754092
0.751904
0.747579
0.740278
0.730187
0.718718
0.708193
0.701095
0.698912
0.70153
0.707438
0.714534
0.720881
0.724987
0.726062
0.724344
0.7214
0.719875
0.722346
0.729807
0.740882
0.752512
0.761532
0.766029
0.766067
0.763358
0.760225
0.758512
0.758945
0.761396
0.765526
0.770918
0.777056
0.783145
0.788117
0.791088
0.791912
0.791303
0.79035
0.789791
0.789469
0.788626
0.786447
0.782346
0.775996
0.767381
0.75679
0.744931
0.732896
0.721944
0.713185
0.707282
0.70428
0.703686
0.70471
0.70643
0.707925
0.708475
0.707752
0.705975
0.703971
0.702885
0.703816
0.707535
0.714194
0.723262
0.733516
0.743336
0.751171
0.755907
0.757035
0.754802
0.749876
0.743114
0.735377
0.727572
0.720558
0.71524
0.712376
0.712338
0.715065
0.719914
0.725931
0.73217
0.737849
0.742619
0.746767
0.751116
0.756635
0.763793
0.771946
0.779402
0.783915
0.783743
0.778378
0.769051
0.758485
0.749763
0.74479
0.743551
0.744751
0.746988
0.749511
0.752277
0.755524
0.759326
0.763327
0.766742
0.768552
0.767932
0.764368
0.757836
0.748561
0.736875
0.7232
0.708271
0.69327
0.67993
0.67043
0.66696
0.670945
0.682572
0.700499
0.722146
0.744453
0.764719
0.781195
0.793189
0.80082
0.804423
0.804201
0.800082
0.792127
0.780835
0.767346
0.75338
0.74089
0.731514
0.726032
0.724326
0.725863
0.730228
0.737411
0.747413
0.759656
0.772657
0.784441
0.79325
0.798021
0.7984
0.794422
0.786294
0.774228
0.758578
0.739948
0.719315
0.698055
0.677988
0.661483
0.651203
0.649584
0.657954
0.675867
0.701014
0.729712
0.757783
0.781408
0.797694
0.804989
0.803001
0.792853
0.776722
0.757319
0.737425
0.71937
0.704756
0.694421
0.688563
0.686934
0.689076
0.694494
0.702665
0.712933
0.724445
0.736151
0.746867
0.755492
0.761189
0.763508
0.762548
0.758968
0.753934
0.748805
0.744693
0.742147
0.741111
0.741104
0.741624
0.742534
0.744142
0.747127
0.751986
0.758662
0.76647
0.77452
0.782283
0.789671
0.796751
0.803175
0.807988
0.80983
0.807344
0.799841
0.787673
0.77234
0.756094
0.741179
0.729159
0.720837
0.716462
0.715946
0.7189
0.72459
0.732017
0.740134
0.747951
0.799706
0.78818
0.75842
0.728065
0.736559
0.780615
0.825027
0.864357
0.909341
0.946673
0.957062
0.938863
0.905755
0.873004
0.844075
0.819908
0.809956
0.818461
0.835423
0.848121
0.849236
0.836209
0.811931
0.785863
0.768269
0.761371
0.759905
0.758037
0.752952
0.744613
0.734521
0.724378
0.715055
0.706065
0.696059
0.683821
0.66916
0.653273
0.638443
0.62739
0.622465
0.625083
0.635461
0.652628
0.674563
0.698596
0.721906
0.742226
0.758435
0.771124
0.782516
0.795346
0.811098
0.829179
0.847742
0.864866
0.87934
0.89074
0.899071
0.904312
0.906157
0.904123
0.89771
0.886823
0.871971
0.85419
0.835127
0.816861
0.801492
0.790486
0.784265
0.781982
0.781886
0.781804
0.779686
0.774096
0.764493
0.751267
0.735547
0.718962
0.703373
0.690581
0.682134
0.679152
0.68207
0.690614
0.703983
0.720933
0.739893
0.759133
0.776874
0.7916
0.802354
0.808911
0.811817
0.812109
0.810935
0.809189
0.80728
0.805174
0.802595
0.799254
0.79514
0.790576
0.786169
0.782473
0.779863
0.778224
0.776839
0.774623
0.770633
0.764561
0.75701
0.749192
0.742359
0.73725
0.733977
0.732227
0.731624
0.73189
0.733101
0.736004
0.742063
0.752681
0.767909
0.785968
0.804058
0.819779
0.831819
0.840026
0.844941
0.847176
0.846687
0.842751
0.834393
0.821295
0.80436
0.785736
0.768424
0.755848
0.751145
0.75625
0.771
0.792852
0.817682
0.841036
0.85935
0.870263
0.8728
0.867071
0.854112
0.835651
0.813717
0.790371
0.767449
0.74638
0.728281
0.71405
0.70439
0.699599
0.69955
0.703695
0.711036
0.720327
0.73029
0.739797
0.748136
0.755079
0.760822
0.765937
0.770977
0.776256
0.781624
0.78653
0.790426
0.793208
0.795501
0.798412
0.802877
0.808874
0.815235
0.820186
0.822177
0.820533
0.815726
0.809051
0.801907
0.794981
0.787945
0.779932
0.770227
0.758825
0.746689
0.735691
0.727749
0.723659
0.722679
0.723338
0.724747
0.726937
0.730622
0.736652
0.745836
0.758723
0.775288
0.794611
0.814916
0.834135
0.850592
0.863343
0.872048
0.8765
0.876172
0.870369
0.85888
0.842468
0.82311
0.803493
0.786247
0.773271
0.765322
0.762193
0.762968
0.766244
0.770513
0.774409
0.777101
0.778338
0.778065
0.776113
0.771924
0.764695
0.754046
0.740512
0.725643
0.711737
0.70115
0.695552
0.695533
0.700472
0.708805
0.71856
0.727934
0.735717
0.741498
0.745606
0.748881
0.7523
0.75654
0.761782
0.767703
0.773799
0.779672
0.785203
0.790351
0.794886
0.798385
0.800599
0.801829
0.803092
0.805736
0.810767
0.818318
0.827439
0.836307
0.842688
0.844727
0.84153
0.833365
0.82165
0.808527
0.79638
0.787144
0.781805
0.78008
0.780719
0.782081
0.782942
0.782702
0.781279
0.778774
0.775254
0.770813
0.765737
0.760696
0.75643
0.753375
0.751273
0.749094
0.745558
0.739689
0.731224
0.720715
0.709444
0.69908
0.691347
0.687843
0.689656
0.69724
0.710399
0.728292
0.749412
0.771746
0.793327
0.812595
0.8288
0.841711
0.851269
0.857221
0.859247
0.857314
0.85183
0.843466
0.832884
0.820536
0.806496
0.79064
0.773036
0.7543
0.735987
0.720556
0.710684
0.707984
0.712085
0.72129
0.733703
0.747701
0.761686
0.773829
0.782232
0.785594
0.783526
0.776443
0.765355
0.751644
0.736927
0.723098
0.712134
0.70601
0.706238
0.713571
0.727758
0.747477
0.770519
0.794248
0.816101
0.833935
0.846478
0.853383
0.854983
0.852106
0.845651
0.83638
0.824897
0.811691
0.797305
0.782422
0.767842
0.754473
0.743371
0.735808
0.732815
0.734694
0.741029
0.750903
0.763254
0.77685
0.790133
0.801656
0.81041
0.816033
0.818782
0.819281
0.818076
0.815457
0.811399
0.805663
0.798027
0.788614
0.778205
0.768167
0.760285
0.756237
0.757082
0.762937
0.772823
0.78481
0.796417
0.805235
0.809472
0.808305
0.802052
0.791958
0.779866
0.767764
0.757418
0.750135
0.746816
0.7481
0.754487
0.766032
0.781854
0.799948
0.817503
0.831864
0.841245
0.845075
0.8438
0.838385
0.82988
0.819243
0.807222
0.79437
0.781062
0.767589
0.754492
0.742595
0.732959
0.726599
0.724121
0.72523
0.728679
0.73257
0.734883
0.733972
0.729067
0.720403
0.709252
0.697591
0.687595
0.681256
0.68
0.684501
0.694685
0.709844
0.728952
0.75082
0.774143
0.797444
0.818985
0.837036
0.850218
0.858162
0.861534
0.861735
0.860297
0.858426
0.856571
0.854499
0.851527
0.846869
0.839819
0.830015
0.817684
0.803565
0.788822
0.774905
0.763382
0.755562
0.752086
0.752593
0.755766
0.759651
0.762242
0.762042
0.758325
0.751253
0.741855
0.731812
0.723422
0.719094
0.720489
0.727406
0.737624
0.747993
0.75611
0.76117
0.763856
0.765594
0.767936
0.772284
0.779471
0.789371
0.800631
0.811115
0.818712
0.822181
0.821318
0.81676
0.809457
0.800279
0.790101
0.78016
0.772234
0.768188
0.768948
0.773677
0.780081
0.785688
0.788721
0.788472
0.785076
0.779233
0.771732
0.763283
0.754463
0.745795
0.737986
0.731924
0.728504
0.72843
0.731868
0.738448
0.747315
0.757494
0.768042
0.778134
0.786965
0.793667
0.79752
0.798326
0.796747
0.794259
0.792719
0.793504
0.797081
0.802925
0.809966
0.817179
0.823776
0.828977
0.831643
0.83053
0.824761
0.814419
0.800688
0.785611
0.771401
0.759579
0.750507
0.74384
0.739443
0.737994
0.740686
0.748469
0.761511
0.778787
0.798318
0.817781
0.835094
0.848903
0.858515
0.863724
0.864389
0.860425
0.85169
0.838229
0.820385
0.798766
0.774345
0.748477
0.723082
0.700555
0.683649
0.674878
0.675858
0.6865
0.704814
0.727338
0.750224
0.770163
0.784894
0.793254
0.795171
0.791613
0.784368
0.775731
0.76792
0.762711
0.760964
0.762609
0.766746
0.771757
0.775617
0.776309
0.77221
0.762586
0.74806
0.731069
0.715805
0.706838
0.706964
0.715825
0.730588
0.747779
0.764714
0.779962
0.793203
0.804766
0.815089
0.824082
0.830736
0.833149
0.829363
0.818419
0.801135
0.780216
0.759421
0.742048
0.729837
0.723237
0.722226
0.726586
0.735527
0.747643
0.761237
0.774763
0.787197
0.798066
0.807345
0.815554
0.823589
0.832455
0.842744
0.854268
0.865909
0.875887
0.882308
0.88364
0.879144
0.869142
0.854759
0.837574
0.819315
0.801705
0.786229
0.77385
0.764844
0.758756
0.754664
0.751548
0.748422
0.744676
0.740181
0.735428
0.73147
0.729584
0.730796
0.735422
0.742759
0.751418
0.759707
0.766138
0.76988
0.770881
0.769863
0.768
0.766599
0.766718
0.76878
0.772482
0.777048
0.781538
0.785097
0.787019
0.786765
0.784083
0.779104
0.77241
0.764759
0.756694
0.748223
0.738869
0.728001
0.715591
0.702586
0.690955
0.683252
0.681965
0.688757
0.703784
0.725474
0.75105
0.777421
0.802121
0.82379
0.841911
0.85634
0.866896
0.873219
0.875008
0.87233
0.86579
0.856591
0.846152
0.835608
0.825483
0.815786
0.806173
0.796319
0.786239
0.776346
0.767461
0.760739
0.757423
0.758478
0.764311
0.774458
0.787613
0.801958
0.815543
0.826689
0.834083
0.836719
0.833852
0.825028
0.810353
0.790515
0.767069
0.742436
0.71964
0.701725
0.690834
0.687713
0.691796
0.701629
0.715456
0.731636
0.748549
0.764498
0.777771
0.787012
0.791749
0.792688
0.791493
0.790191
0.790399
0.792927
0.797549
0.803176
0.808081
0.810297
0.808179
0.800812
0.788416
0.772404
0.754884
0.738122
0.723958
0.713688
0.708132
0.707652
0.711935
0.720002
0.730309
0.741081
0.750636
0.757693
0.761831
0.763709
0.764961
0.767742
0.773768
0.783507
0.795947
0.808813
0.819477
0.825842
0.827055
0.823746
0.817682
0.811172
0.806158
0.803584
0.803275
0.804292
0.805486
0.805884
0.804948
0.802566
0.799098
0.795209
0.791655
0.788969
0.787121
0.785459
0.782949
0.778847
0.773231
0.767217
0.762415
0.759824
0.758892
0.757802
0.754735
0.749
0.741448
0.73412
0.729587
0.730308
0.737812
0.752106
0.771661
0.793915
0.815825
0.834411
0.847183
0.852383
0.849251
0.838289
0.82126
0.800861
0.780213
0.762126
0.748623
0.740471
0.737161
0.737387
0.739611
0.742753
0.746314
0.750174
0.75438
0.758761
0.762792
0.765626
0.76636
0.764388
0.759812
0.753519
0.74715
0.742859
0.742578
0.747601
0.758023
0.772614
0.789218
0.805426
0.819027
0.828331
0.8323
0.83052
0.823192
0.811157
0.795971
0.779766
0.76494
0.753785
0.747956
0.748044
0.753399
0.762269
0.772301
0.781283
0.787654
0.790752
0.790791
0.788772
0.786275
0.78492
0.785593
0.787962
0.790905
0.793403
0.795015
0.795872
0.796343
0.796641
0.796547
0.795407
0.792354
0.786419
0.776949
0.763995
0.748653
0.733127
0.72024
0.712374
0.710529
0.714112
0.721561
0.731071
0.741086
0.750378
0.757923
0.762942
0.765098
0.764759
0.762992
0.761352
0.76138
0.763978
0.769247
0.776477
0.784472
0.791917
0.79774
0.801524
0.8035
0.804236
0.804393
0.804372
0.804118
0.803186
0.800952
0.796773
0.790238
0.781378
0.770786
0.759536
0.749188
0.741479
0.737881
0.739208
0.745324
0.755158
0.766995
0.778626
0.787618
0.79167
0.789338
0.780801
0.767997
0.753777
0.740784
0.730779
0.724755
0.723212
0.726242
0.733508
0.744236
0.757466
0.772282
0.787894
0.803526
0.818191
0.830547
0.839204
0.843125
0.841946
0.836156
0.826954
0.815944
0.804758
0.794699
0.786379
0.779766
0.774311
0.769294
0.764255
0.759111
0.754055
0.749605
0.746409
0.745052
0.745833
0.748553
0.752459
0.75632
0.758851
0.759123
0.756739
0.751764
0.74453
0.735573
0.725661
0.715846
0.707432
0.70178
0.699985
0.702765
0.710333
0.722364
0.737916
0.755526
0.773306
0.789351
0.802146
0.810924
0.815804
0.817656
0.817626
0.816634
0.815131
0.813069
0.810327
0.806882
0.802957
0.798923
0.795206
0.792208
0.790085
0.788725
0.787819
0.786777
0.784879
0.781389
0.775666
0.767415
0.757128
0.789727
0.779119
0.770713
0.766121
0.766023
0.770044
0.776919
0.78498
0.792769
0.799431
0.804744
0.808949
0.812429
0.815608
0.818937
0.822826
0.827343
0.831958
0.835599
0.836969
0.834992
0.829409
0.821015
0.811417
0.802711
0.796948
0.795602
0.799194
0.807206
0.818001
0.829266
0.838446
0.843433
0.843053
0.837464
0.828188
0.817651
0.808264
0.80139
0.796871
0.793441
0.789555
0.784125
0.77697
0.768669
0.760286
0.753214
0.748871
0.748365
0.752192
0.75993
0.770196
0.781029
0.790314
0.796212
0.797635
0.794476
0.787494
0.777921
0.767131
0.756429
0.747017
0.739965
0.73619
0.73634
0.740584
0.748594
0.759599
0.77267
0.786947
0.801791
0.816728
0.83134
0.845142
0.85737
0.86697
0.872684
0.873339
0.868145
0.857021
0.840691
0.820763
0.799541
0.779628
0.763214
0.751479
0.744647
0.74247
0.744864
0.751957
0.763512
0.77833
0.794481
0.81008
0.823818
0.835004
0.843227
0.848116
0.849323
0.84666
0.840178
0.830181
0.817144
0.801807
0.785217
0.768818
0.754196
0.742762
0.735512
0.732995
0.735336
0.742159
0.752582
0.765389
0.779203
0.792719
0.804742
0.814205
0.820385
0.823023
0.822375
0.81921
0.81456
0.809496
0.804804
0.800823
0.797484
0.794569
0.79192
0.789668
0.788296
0.788303
0.789741
0.791946
0.79374
0.794047
0.792315
0.788905
0.785171
0.782897
0.783747
0.7886
0.797399
0.809328
0.823114
0.837267
0.850298
0.860756
0.867447
0.869557
0.866771
0.859395
0.848282
0.834709
0.820232
0.806425
0.794488
0.785001
0.77796
0.77308
0.770165
0.7691
0.769856
0.772329
0.776325
0.78158
0.787868
0.795004
0.802835
0.811144
0.819655
0.82798
0.835622
0.84204
0.846699
0.849067
0.848759
0.84578
0.840645
0.834291
0.827772
0.821815
0.816499
0.811469
0.806106
0.799834
0.792278
0.783274
0.773035
0.762136
0.75149
0.742052
0.734632
0.729813
0.727984
0.729545
0.734856
0.744063
0.756553
0.770891
0.785223
0.797794
0.807665
0.814742
0.819405
0.821954
0.82238
0.820476
0.816107
0.809405
0.801001
0.79197
0.783761
0.777877
0.775456
0.777036
0.782564
0.791637
0.803771
0.818532
0.835332
0.853237
0.870842
0.886527
0.898746
0.9062
0.908003
0.903851
0.894017
0.879388
0.861274
0.841121
0.820263
0.79981
0.780596
0.763404
0.74921
0.739352
0.735463
0.739126
0.750976
0.769824
0.792576
0.81516
0.833792
0.845938
0.850562
0.847917
0.839154
0.82608
0.810858
0.795693
0.782358
0.771846
0.764439
0.760089
0.758696
0.760276
0.764862
0.772385
0.782497
0.794357
0.806674
0.817991
0.82705
0.833078
0.835904
0.835626
0.832461
0.826616
0.818469
0.808624
0.797598
0.785571
0.772665
0.759571
0.747846
0.739642
0.736932
0.740675
0.750722
0.766024
0.784984
0.805723
0.826287
0.844762
0.859429
0.868927
0.872178
0.868514
0.857897
0.841163
0.820196
0.797615
0.776295
0.758696
0.746353
0.739704
0.738254
0.741017
0.746894
0.755083
0.765077
0.776419
0.78851
0.800466
0.811227
0.819755
0.825377
0.827966
0.827712
0.82488
0.819625
0.811976
0.801792
0.78898
0.773717
0.757065
0.741191
0.729399
0.72538
0.731886
0.749549
0.77635
0.808155
0.840086
0.867945
0.888978
0.90205
0.907265
0.905862
0.899797
0.89131
0.882292
0.873658
0.865274
0.856445
0.846646
0.835824
0.824495
0.813424
0.803145
0.793666
0.784471
0.77508
0.76547
0.756395
0.749285
0.745864
0.747385
0.754008
0.764371
0.775994
0.786173
0.792929
0.795611
0.795005
0.792834
0.790988
0.790794
0.792695
0.796364
0.80116
0.806203
0.810686
0.81392
0.815389
0.814714
0.811607
0.805949
0.797894
0.788088
0.77774
0.768495
0.7621
0.760194
0.764008
0.774113
0.790097
0.810293
0.831842
0.851259
0.865254
0.871714
0.870177
0.861913
0.849394
0.835316
0.821661
0.809251
0.798312
0.789287
0.783363
0.782083
0.786306
0.7954
0.807203
0.818787
0.827504
0.831854
0.831916
0.829068
0.825391
0.822793
0.822312
0.823944
0.826874
0.829674
0.830809
0.828847
0.822779
0.812279
0.797725
0.780183
0.761282
0.742889
0.726693
0.713818
0.704736
0.699443
0.697956
0.700564
0.707732
0.719797
0.736648
0.757594
0.781361
0.806343
0.83068
0.852555
0.870524
0.883679
0.891572
0.893954
0.890785
0.882405
0.869796
0.854639
0.838923
0.824435
0.812402
0.803391
0.797323
0.793604
0.791296
0.789296
0.786853
0.784045
0.781866
0.781831
0.785117
0.791799
0.800554
0.809107
0.815024
0.816371
0.812114
0.802444
0.78875
0.773547
0.759927
0.750756
0.747737
0.750947
0.758962
0.769457
0.780178
0.789558
0.79712
0.803505
0.810105
0.81823
0.82815
0.838765
0.847866
0.853124
0.853071
0.847633
0.837991
0.826253
0.814938
0.806417
0.802357
0.80325
0.808311
0.815765
0.823423
0.829378
0.832463
0.832433
0.82972
0.824982
0.818599
0.81061
0.801008
0.790421
0.78029
0.772511
0.768683
0.769317
0.773481
0.779249
0.784445
0.78732
0.786893
0.783077
0.776566
0.768682
0.760959
0.75488
0.751593
0.75187
0.756229
0.764916
0.777664
0.793394
0.810211
0.825755
0.837779
0.844422
0.844401
0.837072
0.822603
0.802157
0.778213
0.754353
0.734189
0.720163
0.713378
0.714134
0.722211
0.736798
0.756124
0.777607
0.798349
0.815728
0.827805
0.83372
0.833756
0.829297
0.822526
0.815864
0.811342
0.810087
0.812149
0.816681
0.822424
0.828465
0.834578
0.841107
0.848456
0.85677
0.865695
0.874448
0.881884
0.886623
0.887285
0.882809
0.872669
0.856952
0.836275
0.811627
0.784333
0.756223
0.729908
0.708995
0.697363
0.697477
0.708655
0.7273
0.748818
0.769388
0.786644
0.799559
0.808116
0.812924
0.814812
0.814524
0.812387
0.808305
0.801981
0.793237
0.782373
0.770174
0.757864
0.746869
0.738642
0.734534
0.735629
0.742558
0.755252
0.772716
0.793054
0.813813
0.832296
0.846317
0.854482
0.856279
0.852008
0.842748
0.830237
0.816825
0.805148
0.797502
0.795148
0.797912
0.804355
0.812555
0.820788
0.827812
0.832972
0.835976
0.836765
0.835393
0.832003
0.826726
0.819719
0.811163
0.801219
0.789982
0.777574
0.764525
0.752056
0.741874
0.735669
0.734446
0.738232
0.74619
0.756924
0.768851
0.780458
0.790775
0.799573
0.807264
0.814511
0.821471
0.827578
0.831793
0.833411
0.832719
0.830988
0.829931
0.830771
0.833788
0.838116
0.842242
0.844586
0.844111
0.840497
0.834207
0.826318
0.818244
0.811405
0.806862
0.804953
0.805081
0.805912
0.806046
0.804901
0.802929
0.801059
0.799667
0.798265
0.795718
0.790891
0.783119
0.772368
0.759558
0.746777
0.737168
0.733863
0.738342
0.749508
0.764426
0.779847
0.793325
0.803588
0.810325
0.813893
0.814897
0.813838
0.810931
0.80619
0.799893
0.793075
0.787388
0.784468
0.785118
0.789104
0.795614
0.803562
0.811703
0.818781
0.823756
0.825964
0.825152
0.821485
0.815688
0.808728
0.801519
0.794521
0.787881
0.781755
0.776733
0.773846
0.773711
0.775683
0.777993
0.778881
0.777742
0.77533
0.77318
0.772719
0.774842
0.779697
0.786782
0.795125
0.803621
0.811492
0.818514
0.825063
0.831608
0.838264
0.844516
0.849487
0.852318
0.852545
0.850261
0.845883
0.839953
0.832676
0.823961
0.813451
0.801034
0.787329
0.773879
0.762854
0.756091
0.754096
0.755909
0.759857
0.764449
0.76878
0.772421
0.775119
0.776821
0.777745
0.778504
0.779994
0.783006
0.7878
0.794045
0.801105
0.808314
0.815235
0.82158
0.827
0.831216
0.834207
0.836482
0.839164
0.843336
0.849092
0.855179
0.859556
0.860493
0.857347
0.850681
0.841873
0.832343
0.822918
0.813617
0.803971
0.793566
0.782204
0.770153
0.758097
0.746983
0.737902
0.731921
0.730082
0.73332
0.742129
0.756108
0.773688
0.792315
0.809294
0.822605
0.831322
0.835531
0.835936
0.833408
0.828676
0.822272
0.814624
0.806115
0.797058
0.787833
0.778987
0.771231
0.765444
0.762349
0.762404
0.765563
0.771158
0.777987
0.784383
0.788652
0.789572
0.78684
0.781271
0.774467
0.768259
0.764267
0.763711
0.767214
0.774728
0.785445
0.797928
0.810712
0.822791
0.833837
0.843976
0.853443
0.862036
0.868842
0.872412
0.87126
0.864462
0.852335
0.836565
0.819942
0.805583
0.795742
0.791165
0.790947
0.793098
0.795597
0.797127
0.797074
0.795249
0.791564
0.785827
0.777804
0.767531
0.755723
0.744298
0.736585
0.73668
0.747448
0.768441
0.796021
0.825429
0.852788
0.875651
0.892573
0.902531
0.90475
0.898844
0.885067
0.864584
0.839386
0.812186
0.786043
0.763941
0.748342
0.740732
0.741416
0.749307
0.762095
0.776686
0.789875
0.799169
0.80345
0.803082
0.799603
0.794996
0.790889
0.788206
0.787281
0.787812
0.788794
0.788811
0.786742
0.782565
0.777421
0.773172
0.77149
0.773186
0.778063
0.785321
0.794021
0.80331
0.812462
0.820741
0.827333
0.831498
0.832708
0.830996
0.826929
0.821462
0.81557
0.810102
0.805778
0.803249
0.803084
0.805512
0.810234
0.816469
0.823182
0.829261
0.833684
0.835661
0.834659
0.830381
0.822964
0.813025
0.801619
0.789978
0.779203
0.770123
0.763478
0.760056
0.760474
0.765002
0.773308
0.784331
0.796541
0.808258
0.818034
0.824893
0.828594
0.829457
0.82823
0.825945
0.823788
0.822889
0.824054
0.827485
0.832545
0.837921
0.842006
0.843469
0.841526
0.836156
0.827894
0.81765
0.806416
0.795156
0.784859
0.776727
0.772007
0.771606
0.775655
0.783331
0.79297
0.802583
0.810279
0.814693
0.815087
0.811209
0.803041
0.790849
0.775488
0.758568
0.742469
0.729866
0.722967
0.722837
0.729178
0.740809
0.756213
0.773847
0.792247
0.810114
0.826326
0.839883
0.849981
0.856037
0.857774
0.855319
0.84931
0.840867
0.831312
0.821909
0.813623
0.806865
0.801483
0.796901
0.792371
0.787198
0.781
0.773877
0.766402
0.759626
0.754795
0.753001
0.75469
0.75939
0.765823
