-7.83786
-7.79583
-7.72041
-7.62014
-7.50891
-7.38591
-7.25912
-7.13689
-7.02616
-6.93578
-6.87485
-6.84552
-6.84385
-6.86601
-6.90628
-6.95597
-7.00789
-7.05364
-7.0916
-7.1213
-7.14101
-7.14713
-7.14536
-7.13706
-7.12725
-7.11655
-7.10815
-7.10814
-7.11035
-7.12247
-7.14092
-7.16166
-7.18481
-7.20913
-7.23331
-7.25451
-7.27298
-7.291
-7.30234
-7.30956
-7.3157
-7.31857
-7.31715
-7.30921
-7.29713
-7.28356
-7.26342
-7.24243
-7.21757
-7.19446
-7.17111
-7.14913
-7.13255
-7.11915
-7.11273
-7.11296
-7.11928
-7.12819
-7.14076
-7.15595
-7.16915
-7.1814
-7.19241
-7.20192
-7.20938
-7.21153
-7.21341
-7.21341
-7.21012
-7.20706
-7.20275
-7.19804
-7.1963
-7.1987
-7.20095
-7.20471
-7.2094
-7.21719
-7.22594
-7.2327
-7.23928
-7.24616
-7.25135
-7.25442
-7.25398
-7.25056
-7.24724
-7.24103
-7.23376
-7.22527
-7.21941
-7.21295
-7.20259
-7.19611
-7.18954
-7.17861
-7.16801
-7.15357
-7.14153
-7.12948
-7.11727
-7.1071
-7.10207
-7.10062
-7.1032
-7.11164
-7.12255
-7.13468
-7.15091
-7.16666
-7.18314
-7.20294
-7.22432
-7.24218
-7.26077
-7.27854
-7.29261
-7.30135
-7.30317
-7.30237
-7.29659
-7.28574
-7.27197
-7.25658
-7.239
-7.22228
-7.20665
-7.19426
-7.18322
-7.17237
-7.16835
-7.16606
-7.16663
-7.1674
-7.16824
-7.17069
-7.17129
-7.1694
-7.16722
-7.1656
-7.16498
-7.16623
-7.16673
-7.16374
-7.16601
-7.16874
-7.17319
-7.17936
-7.18504
-7.19245
-7.19614
-7.19774
-7.19325
-7.18782
-7.18181
-7.17191
-7.16037
-7.15328
-7.14468
-7.14113
-7.14139
-7.14542
-7.15237
-7.16884
-7.18673
-7.20512
-7.22943
-7.24894
-7.26779
-7.28729
-7.29933
-7.30729
-7.30796
-7.30216
-7.29147
-7.27777
-7.26257
-7.24643
-7.22696
-7.20873
-7.19251
-7.17696
-7.16343
-7.15281
-7.14649
-7.14118
-7.13922
-7.13828
-7.13874
-7.14108
-7.14276
-7.14263
-7.14274
-7.14014
-7.13442
-7.13248
-7.1289
-7.12863
-7.13199
-7.14119
-7.15538
-7.177
-7.20232
-7.2299
-7.2573
-7.28418
-7.30615
-7.32828
-7.34312
-7.35204
-7.35388
-7.35094
-7.34179
-7.32833
-7.30872
-7.2872
-7.26305
-7.23423
-7.20503
-7.17572
-7.14911
-7.12667
-7.10454
-7.08742
-7.07516
-7.06825
-7.0641
-7.06734
-7.07581
-7.0889
-7.10548
-7.12273
-7.14238
-7.16297
-7.18432
-7.20397
-7.22261
-7.23895
-7.25077
-7.25835
-7.26259
-7.26353
-7.25736
-7.24834
-7.23619
-7.22374
-7.20829
-7.1954
-7.18434
-7.17474
-7.1718
-7.16907
-7.16892
-7.17118
-7.17677
-7.18102
-7.18515
-7.18755
-7.19038
-7.19221
-7.19496
-7.19594
-7.19308
-7.19353
-7.19833
-7.20123
-7.20798
-7.21364
-7.21837
-7.22121
-7.22
-7.22171
-7.22059
-7.22101
-7.22181
-7.22385
-7.22859
-7.23548
-7.24263
-7.25025
-7.25515
-7.26124
-7.26425
-7.2606
-7.25488
-7.24378
-7.2236
-7.19986
-7.173
-7.14573
-7.12334
-7.10705
-7.09854
-7.09892
-7.10722
-7.1207
-7.13777
-7.15593
-7.17774
-7.19581
-7.21263
-7.22587
-7.23263
-7.23845
-7.23542
-7.23016
-7.22443
-7.21236
-7.2005
-7.18812
-7.17608
-7.16902
-7.16176
-7.15679
-7.1562
-7.15668
-7.16235
-7.17085
-7.1826
-7.19351
-7.2043
-7.21317
-7.21668
-7.22153
-7.22316
-7.22085
-7.21707
-7.21144
-7.20496
-7.1976
-7.19099
-7.18684
-7.18637
-7.18534
-7.18696
-7.18752
-7.18931
-7.19261
-7.19589
-7.19692
-7.19617
-7.19946
-7.19976
-7.20234
-7.20584
-7.20962
-7.2157
-7.22295
-7.2278
-7.23205
-7.2318
-7.23437
-7.23243
-7.22803
-7.21927
-7.20898
-7.20013
-7.18995
-7.17824
-7.16741
-7.16122
-7.15632
-7.15585
-7.15512
-7.15901
-7.15909
-7.15908
-7.16192
-7.16195
-7.16208
-7.16275
-7.16197
-7.16305
-7.16354
-7.16498
-7.16886
-7.17351
-7.1854
-7.19547
-7.2064
-7.21759
-7.22944
-7.23948
-7.24913
-7.25657
-7.26291
-7.26414
-7.26694
-7.26363
-7.25748
-7.24754
-7.23735
-7.22516
-7.21155
-7.20095
-7.1886
-7.17964
-7.17256
-7.16819
-7.16581
-7.16675
-7.1663
-7.16766
-7.16985
-7.1709
-7.16932
-7.16959
-7.16468
-7.15964
-7.15417
-7.14792
-7.13981
-7.13159
-7.12367
-7.11755
-7.116
-7.11643
-7.12448
-7.13621
-7.1523
-7.1717
-7.19625
-7.21475
-7.23551
-7.25086
-7.26612
-7.27522
-7.28076
-7.28245
-7.27857
-7.27186
-7.26231
-7.25234
-7.24055
-7.23077
-7.21581
-7.2046
-7.19847
-7.19303
-7.18714
-7.18899
-7.19107
-7.19551
-7.19728
-7.20266
-7.20712
-7.21295
-7.21456
-7.21846
-7.21796
-7.21343
-7.2068
-7.19832
-7.18755
-7.17457
-7.16124
-7.14949
-7.13989
-7.13228
-7.12788
-7.12535
-7.12843
-7.13244
-7.13962
-7.14596
-7.15242
-7.15887
-7.16542
-7.17141
-7.17978
-7.18594
-7.19116
-7.19354
-7.2004
-7.20648
-7.21304
-7.21912
-7.22713
-7.23317
-7.2413
-7.24626
-7.24999
-7.25491
-7.25733
-7.25779
-7.25683
-7.25333
-7.24719
-7.2421
-7.23197
-7.22225
-7.21285
-7.20343
-7.19608
-7.1908
-7.18559
-7.18363
-7.18551
-7.18966
-7.19531
-7.20128
-7.20844
-7.21043
-7.21122
-7.20991
-7.20815
-7.20586
-7.20583
-7.2068
-7.20368
-7.2051
-7.20272
-7.20284
-7.20215
-7.19944
-7.19833
-7.19594
-7.19638
-7.19528
-7.19477
-7.18995
-7.18833
-7.18645
-7.18507
-7.18159
-7.18174
-7.17728
-7.17167
-7.16596
-7.16112
-7.15535
-7.15211
-7.15057
-7.1527
-7.15324
-7.15719
-7.16228
-7.17093
-7.18148
-7.19237
-7.20225
-7.21349
-7.22075
-7.22973
-7.23207
-7.23446
-7.23193
-7.226
-7.2167
-7.20897
-7.19733
-7.18891
-7.18256
-7.17984
-7.1797
-7.18315
-7.19002
-7.19479
-7.19985
-7.20363
-7.20161
-7.20175
-7.19955
-7.19681
-7.19377
-7.19093
-7.18681
-7.18217
-7.17806
-7.17115
-7.16516
-7.16017
-7.15725
-7.15693
-7.15397
-7.15574
-7.15993
-7.1683
-7.17976
-7.19423
-7.21267
-7.22993
-7.24766
-7.26151
-7.26857
-7.27619
-7.27598
-7.27239
-7.26977
-7.26301
-7.25611
-7.2484
-7.24114
-7.23408
-7.22639
-7.21451
-7.20581
-7.19859
-7.18961
-7.18171
-7.17813
-7.17557
-7.17359
-7.17184
-7.17012
-7.16542
-7.16078
-7.1557
-7.14784
-7.13852
-7.13019
-7.12297
-7.12126
-7.12151
-7.12743
-7.14133
-7.15854
-7.17881
-7.19987
-7.21889
-7.2376
-7.25352
-7.26623
-7.27003
-7.27113
-7.26721
-7.25857
-7.24595
-7.2286
-7.20962
-7.19228
-7.1784
-7.16719
-7.16023
-7.1566
-7.15428
-7.15484
-7.15895
-7.16488
-7.17198
-7.17896
-7.1854
-7.19291
-7.20044
-7.20506
-7.20827
-7.2048
-7.20242
-7.19946
-7.19605
-7.19432
-7.19368
-7.19308
-7.19406
-7.19892
-7.20326
-7.20893
-7.21562
-7.22288
-7.22858
-7.2329
-7.23514
-7.2338
-7.23052
-7.22559
-7.21682
-7.20326
-7.1871
-7.16852
-7.14961
-7.13393
-7.121
-7.11125
-7.1062
-7.10667
-7.11481
-7.12697
-7.14249
-7.1619
-7.18284
-7.20324
-7.22501
-7.2413
-7.25303
-7.26067
-7.26264
-7.26391
-7.26203
-7.25563
-7.24467
-7.23196
-7.22137
-7.20943
-7.19895
-7.18994
-7.18135
-7.17568
-7.16792
-7.16179
-7.15891
-7.15669
-7.15712
-7.15909
-7.16602
-7.17234
-7.18012
-7.18504
-7.18743
-7.19035
-7.19257
-7.19306
-7.19291
-7.18853
-7.18429
-7.18099
-7.17958
-7.17716
-7.17657
-7.1789
-7.18174
-7.18729
-7.19911
-7.20692
-7.21679
-7.22203
-7.22856
-7.23176
-7.23364
-7.23352
-7.23077
-7.22442
-7.21513
-7.20498
-7.1951
-7.1837
-7.17655
-7.16903
-7.16419
-7.16241
-7.16063
-7.16362
-7.16897
-7.17444
-7.18026
-7.18898
-7.19456
-7.20022
-7.20361
-7.20844
-7.21192
-7.2161
-7.21715
-7.21656
-7.21576
-7.21409
-7.21123
-7.20694
-7.20144
-7.19317
-7.18569
-7.17605
-7.16815
-7.16024
-7.15159
-7.15011
-7.15086
-7.15736
-7.16843
-7.18396
-7.20008
-7.21853
-7.23838
-7.25483
-7.26912
-7.27436
-7.27819
-7.27633
-7.26527
-7.25236
-7.23538
-7.21446
-7.19204
-7.17109
-7.15186
-7.13853
-7.12981
-7.1296
-7.13268
-7.14096
-7.15438
-7.16886
-7.18492
-7.19883
-7.21142
-7.22262
-7.23071
-7.23672
-7.2386
-7.23813
-7.23966
-7.23912
-7.2373
-7.23397
-7.22894
-7.2213
-7.21475
-7.20788
-7.19882
-7.1913
-7.18664
-7.18255
-7.17989
-7.17904
-7.18432
-7.18882
-7.1948
-7.20427
-7.21425
-7.22384
-7.22853
-7.23668
-7.24032
-7.23774
-7.23278
-7.22353
-7.21108
-7.19661
-7.18123
-7.16466
-7.14894
-7.13503
-7.12585
-7.12063
-7.11883
-7.12024
-7.12737
-7.13813
-7.1504
-7.16499
-7.17969
-7.19577
-7.21135
-7.22607
-7.23662
-7.24632
-7.25068
-7.25104
-7.25045
-7.24393
-7.23678
-7.22841
-7.21965
-7.2119
-7.20349
-7.19595
-7.19282
-7.19054
-7.19112
-7.19252
-7.19742
-7.20105
-7.20603
-7.20828
-7.21252
-7.21596
-7.21817
-7.21727
-7.21087
-7.20417
-7.19509
-7.18339
-7.17253
-7.1594
-7.14915
-7.13832
-7.13256
-7.12921
-7.13111
-7.13897
-7.151
-7.16328
-7.17938
-7.19411
-7.20751
-7.22053
-7.23048
-7.23294
-7.235
-7.23043
-7.2281
-7.21972
-7.20762
-7.19539
-7.18135
-7.16878
-7.15853
-7.15243
-7.14957
-7.1542
-7.15798
-7.16408
-7.17569
-7.18845
-7.20223
-7.21733
-7.233
-7.24712
-7.25956
-7.27094
-7.28165
-7.28988
-7.29094
-7.2873
-7.281
-7.27078
-7.25579
-7.23629
-7.21682
-7.19771
-7.17921
-7.16406
-7.15754
-7.1541
-7.1556
-7.16196
-7.1695
-7.1757
-7.1835
-7.18552
-7.18285
-7.17684
-7.17054
-7.16288
-7.1588
-7.15858
-7.16086
-7.16688
-7.17636
-7.18601
-7.20243
-7.21527
-7.22528
-7.23214
-7.23766
-7.24045
-7.24018
-7.23626
-7.22843
-7.21982
-7.20625
-7.19701
-7.18631
-7.17753
-7.17121
-7.16642
-7.16254
-7.16
-7.1603
-7.16363
-7.16684
-7.17437
-7.18335
-7.19211
-7.2018
-7.21037
-7.21925
-7.22819
-7.2364
-7.2438
-7.24614
-7.24586
-7.24222
-7.23746
-7.22964
-7.21928
-7.20986
-7.19884
-7.18905
-7.17871
-7.17012
-7.16229
-7.16068
-7.15962
-7.15952
-7.1638
-7.16806
-7.17558
-7.18576
-7.19344
-7.20203
-7.21216
-7.22105
-7.22712
-7.23116
-7.23134
-7.22683
-7.21944
-7.21162
-7.19992
-7.18987
-7.16623
-7.13147
-7.0836
-7.02938
-6.97331
-6.92344
-6.88049
-6.84799
-6.82592
-6.8187
-6.82172
-6.83368
-6.84664
-6.86181
-6.87556
-6.88713
-6.89086
-6.88803
-6.88676
-6.88638
-6.88322
-6.88122
-6.88008
-6.88106
-6.88323
-6.88475
-6.88655
-6.89053
-6.89595
-6.90265
-6.90776
-6.91387
-6.92074
-6.92926
-6.94052
-6.94838
-6.95592
-6.96437
-6.9678
-6.96763
-6.96091
-6.94935
-6.93001
-6.908
-6.88359
-6.858
-6.8286
-6.80182
-6.77856
-6.76019
-6.74923
-6.74743
-6.7572
-6.7736
-6.79976
-6.83317
-6.86996
-6.90245
-6.93321
-6.96041
-6.98425
-7.00115
-7.01097
-7.01667
-7.01525
-7.00729
-6.99307
-6.97558
-6.95851
-6.93905
-6.92231
-6.91078
-6.9055
-6.90619
-6.91179
-6.91931
-6.93028
-6.94295
-6.95394
-6.95991
-6.96209
-6.9609
-6.95649
-6.9492
-6.93882
-6.9248
-6.90922
-6.89323
-6.87914
-6.86505
-6.85685
-6.84886
-6.84552
-6.84963
-6.85748
-6.86926
-6.88183
-6.89749
-6.91245
-6.93036
-6.94138
-6.948
-6.9507
-6.94963
-6.94642
-6.94115
-6.93454
-6.92768
-6.92261
-6.91986
-6.91911
-6.91998
-6.92181
-6.92297
-6.92371
-6.9245
-6.92
-6.91641
-6.91123
-6.9022
-6.89054
-6.87959
-6.867
-6.85735
-6.85401
-6.8531
-6.85586
-6.85845
-6.86178
-6.86275
-6.86315
-6.85988
-6.85641
-6.85051
-6.84339
-6.83691
-6.8352
-6.83356
-6.831
-6.83018
-6.83035
-6.82874
-6.82966
-6.83381
-6.84157
-6.85117
-6.8629
-6.87662
-6.88991
-6.90497
-6.92383
-6.9423
-6.96184
-6.97914
-6.99302
-6.9998
-7.00151
-6.99823
-6.98917
-6.97163
-6.95292
-6.93017
-6.91091
-6.89386
-6.88433
-6.8824
-6.88376
-6.89318
-6.90547
-6.9153
-6.92636
-6.93589
-6.93892
-6.94113
-6.93831
-6.9282
-6.91469
-6.89898
-6.88586
-6.87307
-6.86425
-6.86037
-6.85912
-6.86163
-6.8657
-6.86995
-6.87345
-6.87788
-6.88605
-6.89227
-6.89981
-6.91093
-6.92277
-6.93403
-6.94556
-6.95568
-6.96591
-6.97445
-6.97726
-6.97726
-6.97578
-6.97267
-6.97203
-6.97112
-6.96953
-6.97189
-6.98052
-6.98847
-6.9963
-6.99946
-7.00086
-6.99488
-6.98502
-6.97193
-6.95413
-6.93242
-6.90435
-6.87481
-6.84512
-6.81693
-6.79426
-6.78107
-6.77754
-6.78224
-6.79384
-6.81411
-6.83411
-6.85318
-6.87291
-6.89379
-6.91225
-6.92438
-6.93311
-6.94004
-6.9417
-6.94087
-6.93881
-6.93709
-6.93329
-6.93237
-6.92799
-6.92118
-6.91757
-6.91647
-6.91499
-6.91356
-6.91309
-6.91226
-6.91301
-6.91219
-6.91432
-6.91435
-6.91554
-6.91744
-6.91874
-6.91673
-6.91738
-6.91185
-6.90831
-6.90233
-6.89427
-6.88653
-6.88148
-6.87824
-6.87531
-6.87714
-6.88319
-6.89085
-6.89835
-6.90997
-6.91907
-6.92697
-6.93674
-6.94472
-6.95049
-6.95351
-6.95354
-6.95521
-6.95707
-6.95813
-6.96109
-6.96608
-6.9722
-6.97283
-6.97416
-6.9685
-6.95835
-6.94259
-6.92411
-6.90102
-6.87808
-6.85564
-6.83516
-6.81829
-6.8027
-6.79733
-6.79941
-6.8088
-6.82841
-6.85762
-6.89217
-6.92794
-6.96186
-6.9901
-7.01082
-7.01676
-7.00932
-6.98759
-6.95811
-6.92528
-6.88957
-6.86133
-6.84022
-6.82956
-6.8301
-6.83645
-6.8467
-6.85732
-6.87097
-6.88253
-6.88972
-6.8918
-6.89031
-6.88406
-6.87365
-6.86434
-6.85443
-6.84689
-6.84596
-6.85707
-6.8748
-6.89904
-6.92996
-6.96595
-6.99928
-7.02995
-7.05662
-7.06945
-7.07545
-7.07026
-7.05548
-7.03218
-7.00305
-6.96995
-6.94027
-6.91339
-6.89237
-6.87648
-6.86486
-6.85946
-6.85858
-6.86484
-6.87327
-6.88569
-6.89824
-6.9105
-6.91705
-6.92559
-6.92405
-6.91849
-6.91092
-6.89728
-6.88431
-6.86625
-6.85255
-6.83963
-6.83043
-6.82425
-6.82439
-6.82716
-6.83654
-6.84942
-6.86326
-6.87605
-6.88773
-6.89629
-6.90196
-6.90475
-6.90718
-6.90626
-6.90647
-6.90671
-6.90722
-6.908
-6.90976
-6.90795
-6.90647
-6.91049
-6.91412
-6.92176
-6.93107
-6.94064
-6.95131
-6.96089
-6.96847
-6.97335
-6.97237
-6.96903
-6.96355
-6.95799
-6.95046
-6.93958
-6.92663
-6.91544
-6.90155
-6.88796
-6.87686
-6.8681
-6.86347
-6.86754
-6.87865
-6.89391
-6.90738
-6.92071
-6.93345
-6.94293
-6.94566
-6.94499
-6.94128
-6.93519
-6.92318
-6.90888
-6.89278
-6.87867
-6.86438
-6.85397
-6.84407
-6.83623
-6.83034
-6.82455
-6.82062
-6.8184
-6.82046
-6.82701
-6.84177
-6.86203
-6.88667
-6.90863
-6.9323
-6.94951
-6.96361
-6.97356
-6.97823
-6.97749
-6.97165
-6.96092
-6.94855
-6.93374
-6.9174
-6.90245
-6.88958
-6.87816
-6.87042
-6.86084
-6.85685
-6.85892
-6.86489
-6.87573
-6.88806
-6.90207
-6.91854
-6.9355
-6.95293
-6.96633
-6.97551
-6.98051
-6.98411
-6.98228
-6.97629
-6.96961
-6.95809
-6.94244
-6.92587
-6.91103
-6.90041
-6.88895
-6.8838
-6.88104
-6.881
-6.88345
-6.88829
-6.89172
-6.89321
-6.89463
-6.89451
-6.89315
-6.89172
-6.885
-6.87831
-6.87067
-6.85782
-6.84768
-6.84125
-6.83819
-6.83825
-6.84761
-6.85883
-6.87325
-6.88969
-6.90379
-6.91111
-6.91685
-6.91714
-6.92043
-6.92633
-6.93454
-6.94493
-6.95868
-6.96962
-6.97461
-6.97593
-6.97284
-6.96615
-6.95704
-6.94615
-6.93443
-6.92445
-6.91598
-6.90832
-6.90585
-6.90575
-6.90661
-6.91049
-6.91095
-6.9128
-6.9159
-6.91872
-6.92189
-6.92457
-6.92426
-6.92352
-6.92249
-6.9197
-6.91559
-6.90944
-6.90338
-6.89917
-6.89447
-6.8946
-6.89874
-6.90569
-6.91657
-6.9278
-6.94228
-6.95232
-6.96156
-6.96865
-6.96629
-6.95856
-6.94707
-6.93089
-6.91136
-6.89335
-6.87736
-6.8625
-6.85389
-6.85246
-6.855
-6.86187
-6.87024
-6.87817
-6.88297
-6.88336
-6.8787
-6.87012
-6.85793
-6.84471
-6.83198
-6.82691
-6.82624
-6.83066
-6.83874
-6.84906
-6.86196
-6.87528
-6.89186
-6.90804
-6.92219
-6.93605
-6.94564
-6.94895
-6.95358
-6.95412
-6.95091
-6.95081
-6.94963
-6.94851
-6.94512
-6.94282
-6.94098
-6.93638
-6.93286
-6.93082
-6.92566
-6.92468
-6.92219
-6.92211
-6.92476
-6.92915
-6.9335
-6.93623
-6.93746
-6.93914
-6.93553
-6.93421
-6.92853
-6.92185
-6.91339
-6.90569
-6.89937
-6.89444
-6.88865
-6.88189
-6.87947
-6.87483
-6.8672
-6.85858
-6.85062
-6.84405
-6.84299
-6.84547
-6.85385
-6.86594
-6.87982
-6.89548
-6.90513
-6.91166
-6.91427
-6.91267
-6.90801
-6.89956
-6.88829
-6.87786
-6.86745
-6.85877
-6.85341
-6.84984
-6.85337
-6.85883
-6.87197
-6.8876
-6.904
-6.92327
-6.9428
-6.95571
-6.96619
-6.97047
-6.96827
-6.96062
-6.9482
-6.93493
-6.92237
-6.91283
-6.91158
-6.91104
-6.91284
-6.91629
-6.91743
-6.91307
-6.90707
-6.89456
-6.87783
-6.8605
-6.84678
-6.83415
-6.82986
-6.8338
-6.84293
-6.85825
-6.87734
-6.90021
-6.92489
-6.94556
-6.96766
-6.98679
-7.00005
-7.0021
-6.99731
-6.98132
-6.95908
-6.93116
-6.90218
-6.87283
-6.84769
-6.82595
-6.81788
-6.81987
-6.83047
-6.85007
-6.87513
-6.89988
-6.92452
-6.94346
-6.95641
-6.96417
-6.96567
-6.96141
-6.95255
-6.9382
-6.92116
-6.90808
-6.89615
-6.88579
-6.87796
-6.87333
-6.86854
-6.86356
-6.85926
-6.85128
-6.84625
-6.84416
-6.84388
-6.8481
-6.85893
-6.87261
-6.88664
-6.90038
-6.91112
-6.91834
-6.92671
-6.93107
-6.93522
-6.93681
-6.93659
-6.93775
-6.93761
-6.9362
-6.94042
-6.94701
-6.95449
-6.96194
-6.97207
-6.97788
-6.98152
-6.98348
-6.98063
-6.97054
-6.96381
-6.94989
-6.93317
-6.91652
-6.89852
-6.88174
-6.8651
-6.85069
-6.83909
-6.83048
-6.82549
-6.82031
-6.81835
-6.81916
-6.82638
-6.83914
-6.8521
-6.86915
-6.88475
-6.90185
-6.91547
-6.92487
-6.93084
-6.93129
-6.93313
-6.93481
-6.93955
-6.9435
-6.94622
-6.94755
-6.95057
-6.94737
-6.94083
-6.93288
-6.92238
-6.90644
-6.89076
-6.87691
-6.86711
-6.86211
-6.86226
-6.86755
-6.87328
-6.88091
-6.88873
-6.89421
-6.89195
-6.88559
-6.87274
-6.86007
-6.85065
-6.8436
-6.84125
-6.84653
-6.86127
-6.88023
-6.90414
-6.92687
-6.9497
-6.97129
-6.98976
-7.00391
-7.01027
-7.01148
-7.00781
-6.99781
-6.98871
-6.9691
-6.95052
-6.92837
-6.91061
-6.89394
-6.88238
-6.87598
-6.8714
-6.87381
-6.87775
-6.88772
-6.89412
-6.90402
-6.91582
-6.92692
-6.93838
-6.94766
-6.95585
-6.95894
-6.96155
-6.96069
-6.95485
-6.94638
-6.93558
-6.91966
-6.90191
-6.88525
-6.86749
-6.85295
-6.84381
-6.8419
-6.84747
-6.85961
-6.87476
-6.88851
-6.8981
-6.90264
-6.8996
-6.88899
-6.87498
-6.86095
-6.84595
-6.83703
-6.82966
-6.83007
-6.8415
-6.85703
-6.8771
-6.90006
-6.92122
-6.94112
-6.95587
-6.96117
-6.96017
-6.94979
-6.93807
-6.92651
-6.91509
-6.90696
-6.90415
-6.9035
-6.90651
-6.90945
-6.91268
-6.9144
-6.9149
-6.90917
-6.90414
-6.90147
-6.89893
-6.89681
-6.89802
-6.89658
-6.89379
-6.89034
-6.88558
-6.87809
-6.87026
-6.86276
-6.85556
-6.84686
-6.83736
-6.82829
-6.82108
-6.81958
-6.82606
-6.8378
-6.85451
-6.87451
-6.89848
-6.91727
-6.93272
-6.94278
-6.94701
-6.94656
-6.9493
-6.95101
-6.9523
-6.95649
-6.96297
-6.97064
-6.98078
-6.99069
-7.0045
-7.01456
-7.02214
-7.02621
-7.02051
-7.01104
-6.98987
-6.96376
-6.93382
-6.90595
-6.87607
-6.85229
-6.83344
-6.8208
-6.81355
-6.81253
-6.81842
-6.8301
-6.84587
-6.86338
-6.87967
-6.89622
-6.90858
-6.92003
-6.92381
-6.93005
-6.93195
-6.93497
-6.93572
-6.93485
-6.93445
-6.93627
-6.93514
-6.93425
-6.93116
-6.92559
-6.92065
-6.91521
-6.90743
-6.89693
-6.88358
-6.87355
-6.86398
-6.85801
-6.8554
-6.85704
-6.8638
-6.87103
-6.88023
-6.88601
-6.89202
-6.89447
-6.89682
-6.89468
-6.88896
-6.88363
-6.88027
-6.87748
-6.87715
-6.87654
-6.88057
-6.88534
-6.89113
-6.89762
-6.90542
-6.91281
-6.91477
-6.91361
-6.90992
-6.90575
-6.90631
-6.9109
-6.9247
-6.94685
-6.97679
-7.00646
-7.03408
-7.05525
-7.06981
-7.07446
-7.0682
-7.05397
-7.0297
-6.99985
-6.96858
-6.93701
-6.90806
-6.88385
-6.86524
-6.84827
-6.83694
-6.82685
-6.81645
-6.79951
-6.77606
-6.74708
-6.71824
-6.69795
-6.68754
-6.68846
-6.70244
-6.71914
-6.736
-6.7488
-6.75322
-6.75037
-6.74165
-6.72844
-6.71222
-6.70351
-6.69766
-6.69762
-6.70288
-6.71437
-6.72554
-6.73394
-6.74005
-6.73868
-6.73855
-6.73699
-6.73392
-6.72897
-6.72725
-6.7226
-6.71809
-6.71398
-6.71645
-6.71478
-6.71857
-6.72117
-6.72306
-6.72343
-6.7251
-6.72751
-6.7286
-6.7303
-6.73265
-6.73142
-6.72563
-6.71814
-6.71249
-6.71097
-6.7181
-6.73129
-6.75239
-6.77132
-6.7928
-6.80946
-6.82087
-6.82618
-6.82617
-6.82149
-6.81673
-6.80623
-6.79986
-6.79171
-6.78479
-6.78332
-6.77963
-6.77689
-6.77109
-6.75924
-6.74133
-6.71553
-6.68514
-6.65289
-6.61693
-6.59092
-6.5699
-6.55846
-6.55712
-6.56915
-6.59549
-6.63519
-6.68273
-6.73461
-6.7822
-6.823
-6.85786
-6.8773
-6.8852
-6.8791
-6.86531
-6.84565
-6.82538
-6.80964
-6.79584
-6.78716
-6.78114
-6.77457
-6.77031
-6.76601
-6.76179
-6.75873
-6.76036
-6.76436
-6.77269
-6.77771
-6.78464
-6.78794
-6.78356
-6.77433
-6.75356
-6.72639
-6.69821
-6.67158
-6.65179
-6.64099
-6.63413
-6.63395
-6.63248
-6.63511
-6.64153
-6.65211
-6.66204
-6.67746
-6.69223
-6.70544
-6.71781
-6.73044
-6.74403
-6.75641
-6.76768
-6.7745
-6.78028
-6.77928
-6.773
-6.76369
-6.75592
-6.7457
-6.74375
-6.74456
-6.74618
-6.75389
-6.7589
-6.76464
-6.7705
-6.77474
-6.77515
-6.7748
-6.76972
-6.76037
-6.74712
-6.73642
-6.73073
-6.73126
-6.73559
-6.74498
-6.75775
-6.76544
-6.76837
-6.76777
-6.76209
-6.74643
-6.72998
-6.71217
-6.69907
-6.68623
-6.67594
-6.66889
-6.6706
-6.67868
-6.6964
-6.71631
-6.73757
-6.75915
-6.78256
-6.80534
-6.82353
-6.83768
-6.84668
-6.8459
-6.83889
-6.823
-6.79955
-6.77061
-6.73679
-6.69673
-6.65943
-6.62778
-6.6081
-6.59746
-6.59917
-6.61604
-6.64158
-6.67639
-6.71366
-6.75594
-6.79501
-6.82542
-6.84841
-6.85698
-6.85524
-6.83723
-6.80925
-6.77256
-6.73684
-6.70522
-6.68166
-6.67059
-6.66807
-6.67613
-6.68813
-6.70609
-6.72455
-6.7412
-6.75563
-6.76483
-6.77
-6.76578
-6.754
-6.73859
-6.7236
-6.70662
-6.68992
-6.67594
-6.66712
-6.6598
-6.65869
-6.66295
-6.67113
-6.68624
-6.70629
-6.72527
-6.74266
-6.75414
-6.75958
-6.75686
-6.74968
-6.7406
-6.73227
-6.72331
-6.7217
-6.72413
-6.73529
-6.74444
-6.75411
-6.75923
-6.75421
-6.74291
-6.7281
-6.70914
-6.69291
-6.67913
-6.6717
-6.66936
-6.67378
-6.68539
-6.70397
-6.72048
-6.73965
-6.75619
-6.76407
-6.7658
-6.76238
-6.75489
-6.74692
-6.74418
-6.74688
-6.75502
-6.76518
-6.77569
-6.7864
-6.7903
-6.79402
-6.79484
-6.79193
-6.78397
-6.77206
-6.76001
-6.74537
-6.73075
-6.71678
-6.70588
-6.6957
-6.69101
-6.68838
-6.68296
-6.67926
-6.67424
-6.66967
-6.66356
-6.65504
-6.644
-6.63483
-6.62462
-6.61872
-6.62267
-6.63402
-6.65591
-6.68567
-6.71673
-6.74137
-6.75958
-6.76724
-6.76757
-6.76
-6.75091
-6.74434
-6.743
-6.74592
-6.75548
-6.76422
-6.7745
-6.78699
-6.79605
-6.80206
-6.80736
-6.80881
-6.80818
-6.80379
-6.79728
-6.79108
-6.78148
-6.77285
-6.76156
-6.74922
-6.73793
-6.72475
-6.71257
-6.69767
-6.68408
-6.66658
-6.64837
-6.63273
-6.62412
-6.62361
-6.6356
-6.65657
-6.68494
-6.71352
-6.74083
-6.76544
-6.78868
-6.80493
-6.81498
-6.81912
-6.81677
-6.80703
-6.78903
-6.76212
-6.73414
-6.70216
-6.67277
-6.64943
-6.63858
-6.64031
-6.65464
-6.67552
-6.7024
-6.7296
-6.752
-6.77459
-6.79233
-6.80695
-6.81411
-6.81382
-6.808
-6.79788
-6.78066
-6.75881
-6.73574
-6.71762
-6.7051
-6.69938
-6.70292
-6.71113
-6.72105
-6.73303
-6.74484
-6.75286
-6.76032
-6.76761
-6.77237
-6.77163
-6.76868
-6.7623
-6.75631
-6.75067
-6.74925
-6.74745
-6.74836
-6.75033
-6.74963
-6.74588
-6.73882
-6.73362
-6.72605
-6.72139
-6.71947
-6.71811
-6.71507
-6.71303
-6.70726
-6.69939
-6.69174
-6.68447
-6.68223
-6.67974
-6.68255
-6.69264
-6.70243
-6.71581
-6.73147
-6.74355
-6.75321
-6.75811
-6.76019
-6.75925
-6.75235
-6.74239
-6.7333
-6.72309
-6.71523
-6.7108
-6.71014
-6.7156
-6.72605
-6.73058
-6.73896
-6.74342
-6.74547
-6.74269
-6.73649
-6.72782
-6.72541
-6.72671
-6.73277
-6.7422
-6.75374
-6.76859
-6.78087
-6.78727
-6.79013
-6.78491
-6.77769
-6.76387
-6.75122
-6.73786
-6.7291
-6.72085
-6.71617
-6.71913
-6.72478
-6.73304
-6.73896
-6.74023
-6.7399
-6.73406
-6.72568
-6.71462
-6.70539
-6.69799
-6.69574
-6.69513
-6.69716
-6.701
-6.70766
-6.71368
-6.72184
-6.72898
-6.73618
-6.74259
-6.74878
-6.75562
-6.75874
-6.75928
-6.76159
-6.76858
-6.77775
-6.78918
-6.80275
-6.81287
-6.81972
-6.82282
-6.82358
-6.82083
-6.81901
-6.81184
-6.80173
-6.78615
-6.77061
-6.75211
-6.7312
-6.70509
-6.67479
-6.64328
-6.61421
-6.58592
-6.56436
-6.54912
-6.54499
-6.54664
-6.55623
-6.57596
-6.60041
-6.62932
-6.66106
-6.68826
-6.71385
-6.73566
-6.75015
-6.76011
-6.76748
-6.77485
-6.78388
-6.79218
-6.80188
-6.811
-6.81965
-6.82178
-6.81921
-6.81233
-6.80448
-6.79055
-6.77354
-6.75782
-6.7477
-6.74556
-6.75311
-6.76664
-6.78901
-6.81311
-6.83394
-6.84383
-6.84452
-6.83765
-6.81826
-6.78972
-6.75472
-6.71876
-6.68457
-6.6567
-6.63924
-6.62919
-6.63175
-6.64211
-6.65489
-6.6687
-6.68368
-6.69323
-6.6956
-6.69494
-6.69622
-6.69834
-6.70619
-6.72483
-6.75217
-6.7857
-6.81675
-6.8438
-6.86462
-6.87788
-6.88228
-6.88141
-6.87029
-6.85368
-6.83313
-6.80766
-6.78045
-6.75286
-6.73067
-6.70697
-6.68666
-6.66582
-6.64702
-6.62706
-6.60484
-6.58256
-6.5722
-6.56417
-6.56765
-6.5785
-6.59591
-6.61841
-6.63826
-6.65808
-6.67415
-6.68793
-6.70443
-6.72202
-6.73778
-6.75134
-6.76308
-6.76962
-6.76904
-6.76372
-6.75483
-6.73977
-6.72297
-6.70462
-6.69033
-6.68312
-6.68235
-6.69039
-6.70786
-6.7279
-6.74961
-6.76837
-6.78131
-6.78567
-6.7834
-6.77125
-6.75333
-6.73684
-6.72159
-6.70795
-6.69887
-6.69264
-6.69153
-6.69421
-6.7026
-6.71594
-6.73317
-6.74964
-6.76888
-6.78437
-6.79835
-6.80959
-6.81236
-6.81451
-6.81337
-6.80892
-6.79861
-6.78396
-6.76417
-6.74159
-6.71992
-6.70215
-6.69014
-6.68705
-6.69041
-6.69602
-6.70529
-6.71626
-6.72541
-6.73525
-6.74527
-6.75323
-6.76006
-6.76336
-6.76463
-6.76225
-6.75786
-6.75158
-6.74473
-6.73579
-6.72726
-6.71807
-6.71019
-6.70805
-6.70943
-6.7109
-6.71168
-6.7068
-6.69737
-6.68538
-6.67025
-6.6557
-6.64089
-6.63142
-6.62718
-6.62979
-6.63878
-6.6516
-6.66519
-6.67699
-6.68285
-6.68905
-6.69346
-6.7021
-6.72082
-6.74279
-6.77441
-6.81261
-6.85554
-6.89404
-6.92882
-6.95475
-6.96694
-6.96811
-6.95787
-6.9335
-6.90006
-6.86183
-6.82659
-6.79835
-6.7802
-6.77244
-6.76722
-6.76733
-6.76533
-6.75929
-6.75027
-6.73414
-6.71259
-6.68556
-6.66062
-6.6345
-6.61204
-6.59621
-6.58763
-6.58049
-6.58232
-6.58794
-6.59475
-6.60325
-6.61538
-6.62646
-6.64039
-6.65391
-6.66914
-6.68753
-6.71035
-6.73366
-6.76139
-6.78915
-6.81591
-6.84258
-6.86194
-6.87674
-6.87974
-6.87207
-6.84961
-6.81884
-6.77655
-6.72998
-6.6794
-6.62965
-6.58641
-6.55057
-6.52811
-6.51788
-6.52357
-6.54109
-6.56186
-6.58915
-6.62126
-6.65327
-6.69075
-6.73209
-6.77336
-6.80773
-6.83622
-6.85541
-6.86577
-6.86538
-6.85257
-6.83953
-6.82013
-6.80428
-6.7888
-6.78063
-6.77736
-6.78206
-6.78738
-6.79352
-6.79952
-6.80218
-6.80207
-6.79699
-6.78758
-6.77468
-6.76299
-6.75515
-6.75299
-6.74966
-6.74555
-6.74204
-6.73384
-6.72243
-6.70534
-6.69005
-6.67526
-6.66496
-6.66149
-6.66895
-6.68008
-6.69009
-6.69968
-6.70671
-6.70592
-6.70172
-6.69505
-6.69353
-6.69701
-6.70954
-6.72744
-6.7434
-6.75925
-6.76333
-6.76282
-6.75919
-6.75622
-6.75363
-6.75622
-6.75985
-6.76529
-6.77223
-6.78117
-6.79086
-6.79936
-6.80316
-6.80314
-6.80048
-6.79908
-6.79798
-6.79845
-6.79704
-6.79384
-6.78802
-6.7762
-6.76489
-6.7494
-6.73118
-6.71256
-6.69509
-6.67976
-6.66876
-6.66402
-6.66408
-6.66611
-6.66645
-6.66826
-6.66988
-6.66861
-6.66681
-6.66645
-6.66344
-6.66456
-6.67318
-6.68423
-6.70038
-6.71743
-6.73228
-6.74395
-6.74989
-6.75234
-6.75015
-6.74145
-6.72949
-6.71652
-6.70422
-6.6926
-6.68462
-6.68235
-6.68305
-6.68687
-6.69342
-6.70156
-6.71251
-6.71992
-6.72663
-6.73119
-6.73815
-6.74796
-6.75827
-6.77248
-6.78532
-6.78922
-6.78786
-6.77682
-6.76275
-6.74634
-6.7334
-6.72688
-6.72549
-6.72429
-6.72966
-6.73444
-6.73833
-6.74231
-6.74905
-6.756
-6.76063
-6.76271
-6.76071
-6.75491
-6.74501
-6.72812
-6.71025
-6.69241
-6.66894
-6.6472
-6.62826
-6.61542
-6.61062
-6.61744
-6.6366
-6.66555
-6.69832
-6.73067
-6.76124
-6.78498
-6.80424
-6.81474
-6.8228
-6.82189
-6.81448
-6.80297
-6.78496
-6.76485
-6.74366
-6.72821
-6.71406
-6.70481
-6.70439
-6.70714
-6.7141
-6.72401
-6.73974
-6.75704
-6.77455
-6.79189
-6.8039
-6.81203
-6.81097
-6.80436
-6.79318
-6.77322
-6.74698
-6.71704
-6.68589
-6.65275
-6.62333
-6.60191
-6.58829
-6.58633
-6.60007
-6.62823
-6.66546
-6.70968
-6.75103
-6.78586
-6.80967
-6.81888
-6.81392
-6.79504
-6.77372
-6.74695
-6.7166
-6.69026
-6.6683
-6.65412
-6.64372
-6.64285
-6.64691
-6.65614
-6.66746
-6.68311
-6.70081
-6.71863
-6.73381
-6.74636
-6.7528
-6.75511
-6.75354
-6.75078
-6.74312
-6.73616
-6.73086
-6.72728
-6.72657
-6.72634
-6.72653
-6.72764
-6.72924
-6.73333
-6.74124
-6.75083
-6.76458
-6.77599
-6.78757
-6.79925
-6.81176
-6.81961
-6.82778
-6.83159
-6.82778
-6.81481
-6.79628
-6.77103
-6.74413
-6.72243
-6.70459
-6.6914
-6.68672
-6.68359
-6.68784
-6.69574
-6.70867
-6.72055
-6.73279
-6.73418
-6.71441
-6.66783
-6.62631
-6.64655
-6.7168
-6.78042
-6.8418
-6.91063
-6.96455
-6.97548
-6.94572
-6.89754
-6.85229
-6.81421
-6.78126
-6.76918
-6.78674
-6.81101
-6.82771
-6.82668
-6.80605
-6.76762
-6.7292
-6.70387
-6.69576
-6.69352
-6.68872
-6.67959
-6.66733
-6.65306
-6.63891
-6.6218
-6.60665
-6.58942
-6.56745
-6.54321
-6.51904
-6.49621
-6.47878
-6.47343
-6.47854
-6.49489
-6.52022
-6.55331
-6.59009
-6.62571
-6.65626
-6.68126
-6.69667
-6.71542
-6.737
-6.763
-6.78937
-6.81582
-6.84117
-6.86341
-6.88166
-6.89305
-6.89849
-6.89877
-6.89412
-6.88188
-6.86328
-6.8434
-6.81641
-6.78584
-6.76036
-6.73594
-6.7195
-6.70956
-6.70627
-6.70758
-6.7076
-6.70269
-6.69501
-6.68001
-6.66003
-6.63912
-6.6149
-6.59215
-6.57351
-6.56192
-6.55994
-6.56552
-6.5788
-6.60208
-6.63018
-6.65879
-6.6856
-6.70958
-6.73242
-6.74792
-6.75683
-6.7591
-6.76054
-6.75734
-6.75566
-6.75213
-6.7486
-6.74334
-6.7382
-6.73129
-6.72215
-6.71594
-6.70989
-6.70517
-6.70638
-6.70167
-6.69845
-6.69183
-6.68373
-6.67389
-6.66353
-6.65156
-6.64451
-6.63888
-6.63386
-6.63019
-6.63265
-6.6353
-6.64001
-6.65035
-6.66605
-6.6898
-6.71806
-6.7466
-6.77098
-6.79007
-6.80184
-6.80975
-6.81077
-6.80797
-6.80146
-6.78821
-6.76627
-6.73947
-6.71346
-6.68893
-6.67073
-6.66667
-6.67617
-6.69829
-6.73409
-6.77011
-6.80622
-6.83271
-6.84851
-6.85071
-6.83867
-6.81925
-6.79122
-6.75538
-6.72095
-6.68547
-6.65456
-6.62567
-6.60724
-6.59347
-6.58572
-6.58761
-6.59569
-6.60676
-6.62121
-6.6368
-6.64865
-6.66258
-6.67181
-6.67867
-6.68727
-6.69453
-6.70281
-6.71148
-6.71873
-6.72504
-6.7307
-6.7335
-6.73805
-6.74599
-6.75546
-6.76459
-6.76843
-6.76992
-6.76919
-6.76159
-6.75369
-6.74298
-6.73003
-6.71907
-6.70716
-6.68974
-6.67146
-6.65231
-6.63648
-6.6261
-6.62246
-6.62069
-6.62086
-6.62274
-6.62684
-6.63201
-6.6418
-6.65513
-6.67407
-6.69942
-6.72739
-6.75976
-6.79054
-6.81472
-6.8326
-6.84666
-6.85363
-6.85171
-6.8441
-6.82637
-6.80114
-6.77253
-6.74296
-6.71763
-6.69695
-6.68546
-6.68208
-6.68243
-6.68824
-6.69371
-6.69649
-6.69935
-6.70357
-6.70293
-6.69907
-6.69206
-6.68071
-6.66521
-6.6449
-6.62452
-6.60465
-6.58943
-6.58316
-6.58492
-6.59198
-6.60483
-6.61952
-6.63405
-6.64446
-6.65382
-6.65817
-6.66239
-6.66728
-6.67347
-6.68114
-6.69138
-6.69792
-6.70668
-6.71331
-6.7216
-6.72893
-6.73497
-6.73616
-6.73922
-6.7422
-6.74874
-6.75636
-6.76801
-6.77823
-6.78937
-6.80002
-6.80362
-6.79673
-6.78513
-6.76751
-6.74748
-6.72764
-6.71434
-6.70725
-6.70641
-6.70726
-6.70897
-6.71207
-6.7112
-6.70987
-6.70466
-6.70118
-6.69536
-6.68641
-6.67762
-6.67139
-6.66343
-6.65873
-6.65372
-6.65006
-6.64152
-6.63007
-6.61636
-6.60109
-6.58517
-6.57443
-6.57023
-6.57542
-6.58864
-6.60916
-6.63401
-6.66473
-6.69824
-6.73197
-6.76174
-6.78589
-6.80638
-6.81923
-6.82823
-6.83132
-6.82558
-6.81526
-6.80363
-6.78552
-6.76772
-6.74867
-6.72493
-6.69797
-6.6685
-6.63934
-6.61718
-6.6037
-6.6014
-6.6078
-6.62285
-6.64149
-6.66131
-6.68246
-6.70024
-6.71313
-6.71865
-6.71249
-6.70085
-6.68373
-6.66257
-6.63953
-6.61875
-6.60226
-6.59393
-6.59337
-6.60609
-6.62702
-6.65856
-6.69503
-6.73181
-6.76379
-6.79208
-6.8094
-6.82087
-6.82221
-6.81633
-6.80617
-6.7919
-6.77276
-6.75371
-6.7346
-6.7129
-6.69148
-6.67039
-6.65321
-6.64249
-6.63744
-6.64064
-6.6501
-6.66568
-6.68611
-6.70527
-6.72308
-6.73903
-6.75396
-6.76097
-6.76697
-6.76808
-6.76476
-6.76192
-6.75592
-6.74575
-6.734
-6.71869
-6.70109
-6.68493
-6.67325
-6.66819
-6.67249
-6.67971
-6.69565
-6.71342
-6.73187
-6.74451
-6.75105
-6.74979
-6.73843
-6.72221
-6.70264
-6.68238
-6.66627
-6.65815
-6.65479
-6.65875
-6.67042
-6.68846
-6.71205
-6.74061
-6.76825
-6.78751
-6.80076
-6.80537
-6.80244
-6.79281
-6.78032
-6.76573
-6.74624
-6.72979
-6.70945
-6.68829
-6.66811
-6.65053
-6.63553
-6.62557
-6.62212
-6.62424
-6.62929
-6.63373
-6.63746
-6.63455
-6.62756
-6.61505
-6.59487
-6.57651
-6.56258
-6.55602
-6.55562
-6.56195
-6.57901
-6.60338
-6.63287
-6.66598
-6.70204
-6.73847
-6.7694
-6.79777
-6.81805
-6.82953
-6.83498
-6.83494
-6.83265
-6.82821
-6.82543
-6.81932
-6.81337
-6.8051
-6.7938
-6.77965
-6.75824
-6.73785
-6.7151
-6.69448
-6.67865
-6.66949
-6.66363
-6.6649
-6.67023
-6.67503
-6.68117
-6.68005
-6.67361
-6.66159
-6.64662
-6.63293
-6.61885
-6.61476
-6.61872
-6.62978
-6.64535
-6.65875
-6.67048
-6.68023
-6.68303
-6.68595
-6.69
-6.69724
-6.70846
-6.72622
-6.74315
-6.75923
-6.76942
-6.77428
-6.76978
-6.76409
-6.75215
-6.7372
-6.7209
-6.70648
-6.69279
-6.68709
-6.68861
-6.69742
-6.70836
-6.71584
-6.7183
-6.71872
-6.7145
-6.70381
-6.69399
-6.6809
-6.66863
-6.6557
-6.64289
-6.63414
-6.63076
-6.63216
-6.63847
-6.64939
-6.66328
-6.67543
-6.68897
-6.70463
-6.71891
-6.72987
-6.73487
-6.735
-6.73173
-6.72931
-6.72792
-6.72854
-6.73463
-6.74398
-6.75463
-6.76508
-6.77742
-6.78428
-6.79038
-6.78676
-6.77545
-6.75899
-6.73383
-6.70894
-6.68952
-6.67318
-6.66125
-6.65126
-6.64375
-6.64373
-6.64945
-6.66387
-6.68385
-6.70993
-6.74002
-6.76805
-6.79195
-6.81401
-6.83036
-6.83847
-6.83717
-6.82922
-6.81216
-6.78837
-6.76164
-6.72839
-6.69176
-6.6532
-6.6131
-6.58191
-6.55858
-6.54908
-6.55108
-6.56676
-6.59609
-6.63084
-6.66364
-6.69256
-6.71538
-6.72822
-6.72889
-6.72319
-6.71357
-6.69994
-6.68851
-6.68151
-6.67781
-6.68138
-6.68816
-6.69598
-6.70143
-6.69957
-6.69262
-6.6793
-6.65985
-6.633
-6.61108
-6.59823
-6.59724
-6.61295
-6.63212
-6.65932
-6.68615
-6.71164
-6.73057
-6.7477
-6.76204
-6.77624
-6.78444
-6.78887
-6.78311
-6.76726
-6.74024
-6.70829
-6.67645
-6.65238
-6.63522
-6.62487
-6.62224
-6.62825
-6.64353
-6.66172
-6.68188
-6.70239
-6.72212
-6.74011
-6.75317
-6.76734
-6.7788
-6.79164
-6.80826
-6.82696
-6.84398
-6.85659
-6.86328
-6.86411
-6.85747
-6.84139
-6.81863
-6.79225
-6.76678
-6.73963
-6.71618
-6.6978
-6.68477
-6.67698
-6.66944
-6.66418
-6.66007
-6.65401
-6.64686
-6.63945
-6.63276
-6.62937
-6.63105
-6.64008
-6.65139
-6.66704
-6.67831
-6.68921
-6.69472
-6.69456
-6.69055
-6.68838
-6.68418
-6.68626
-6.6919
-6.69862
-6.7052
-6.7112
-6.71569
-6.71924
-6.71916
-6.71444
-6.7057
-6.69417
-6.68163
-6.66884
-6.65669
-6.64118
-6.6243
-6.60551
-6.58507
-6.56933
-6.55858
-6.55648
-6.56762
-6.59227
-6.62722
-6.66623
-6.70504
-6.74234
-6.77272
-6.79935
-6.8227
-6.83793
-6.84707
-6.84777
-6.84732
-6.83767
-6.82326
-6.80656
-6.78981
-6.77502
-6.75987
-6.74446
-6.73093
-6.7158
-6.70266
-6.69022
-6.68186
-6.67522
-6.67524
-6.68308
-6.69724
-6.71793
-6.73784
-6.75796
-6.77517
-6.78723
-6.79234
-6.78878
-6.77498
-6.75083
-6.72267
-6.68649
-6.64928
-6.61368
-6.5871
-6.57256
-6.5687
-6.57645
-6.59095
-6.61279
-6.63826
-6.66296
-6.68821
-6.70662
-6.71787
-6.72562
-6.72593
-6.72561
-6.72217
-6.72344
-6.72694
-6.73282
-6.74161
-6.74934
-6.75341
-6.74948
-6.7399
-6.7174
-6.69397
-6.66992
-6.64409
-6.6227
-6.60861
-6.60005
-6.60041
-6.60813
-6.6223
-6.63439
-6.65242
-6.66742
-6.6779
-6.68369
-6.68628
-6.68921
-6.69248
-6.70014
-6.71461
-6.73254
-6.75331
-6.77072
-6.77952
-6.77896
-6.77279
-6.7625
-6.75155
-6.7463
-6.7412
-6.73971
-6.74167
-6.74372
-6.74414
-6.74381
-6.74102
-6.73602
-6.73149
-6.72626
-6.72205
-6.71905
-6.71617
-6.71285
-6.70612
-6.69559
-6.68632
-6.68071
-6.6765
-6.67651
-6.67469
-6.66872
-6.65782
-6.64636
-6.63658
-6.63041
-6.63535
-6.64637
-6.67004
-6.70094
-6.73156
-6.76316
-6.79356
-6.80908
-6.81631
-6.81102
-6.79448
-6.76661
-6.73609
-6.70273
-6.67779
-6.65897
-6.64624
-6.64061
-6.6407
-6.64715
-6.65227
-6.65862
-6.66803
-6.67471
-6.68127
-6.68784
-6.68925
-6.68932
-6.68498
-6.68037
-6.67079
-6.6601
-6.65447
-6.65316
-6.66218
-6.67952
-6.70122
-6.72786
-6.75127
-6.76983
-6.78336
-6.78815
-6.78332
-6.77188
-6.75517
-6.73272
-6.70555
-6.68565
-6.6706
-6.66209
-6.66276
-6.67211
-6.68705
-6.70078
-6.71298
-6.72077
-6.72492
-6.72426
-6.71877
-6.71316
-6.71075
-6.71271
-6.71806
-6.72117
-6.72642
-6.72643
-6.72764
-6.72928
-6.7284
-6.72783
-6.72655
-6.72225
-6.71447
-6.70166
-6.67917
-6.65531
-6.6319
-6.61286
-6.60096
-6.60071
-6.60646
-6.61677
-6.63023
-6.64555
-6.66123
-6.67384
-6.68224
-6.68505
-6.68489
-6.68117
-6.67822
-6.67958
-6.68486
-6.69571
-6.70806
-6.7194
-6.73104
-6.7398
-6.74421
-6.74694
-6.74694
-6.74713
-6.74514
-6.74599
-6.74736
-6.74246
-6.73359
-6.72181
-6.70723
-6.68857
-6.67268
-6.65874
-6.64737
-6.64236
-6.64575
-6.65525
-6.66849
-6.68767
-6.70618
-6.7207
-6.72556
-6.71881
-6.70584
-6.68589
-6.66426
-6.64577
-6.63163
-6.62454
-6.62129
-6.62781
-6.64025
-6.65679
-6.67758
-6.70224
-6.72766
-6.75136
-6.77278
-6.78729
-6.8006
-6.80572
-6.8032
-6.79358
-6.77972
-6.76048
-6.74444
-6.72894
-6.71771
-6.70737
-6.69897
-6.68952
-6.68292
-6.67455
-6.66831
-6.66145
-6.65592
-6.65355
-6.6544
-6.65872
-6.66725
-6.67196
-6.67546
-6.67678
-6.67248
-6.66303
-6.65124
-6.63825
-6.62331
-6.60838
-6.59803
-6.59103
-6.58931
-6.59452
-6.60723
-6.62588
-6.64737
-6.67297
-6.69951
-6.72382
-6.74277
-6.75564
-6.76211
-6.76518
-6.76461
-6.76206
-6.76329
-6.75881
-6.75523
-6.749
-6.74469
-6.73898
-6.73284
-6.72944
-6.72606
-6.72347
-6.72181
-6.71887
-6.71325
-6.70286
-6.69358
-6.68214
-6.66487
-6.64975
-6.63048
-6.61899
-6.6147
-6.61522
-6.62373
-6.63596
-6.64972
-6.66062
-6.67041
-6.67658
-6.68404
-6.68887
-6.69459
-6.69932
-6.70461
-6.71372
-6.71863
-6.72093
-6.72351
-6.72194
-6.71274
-6.69952
-6.68576
-6.67398
-6.66721
-6.66592
-6.67171
-6.68461
-6.70136
-6.71617
-6.72912
-6.73617
-6.7338
-6.72375
-6.70915
-6.69272
-6.67863
-6.66905
-6.66221
-6.65548
-6.65076
-6.64332
-6.63107
-6.61787
-6.6041
-6.5951
-6.58942
-6.58898
-6.59536
-6.60616
-6.62309
-6.63957
-6.65569
-6.66425
-6.66567
-6.66321
-6.65128
-6.63568
-6.61844
-6.60251
-6.58867
-6.57885
-6.57472
-6.57717
-6.58511
-6.59731
-6.6129
-6.63209
-6.65493
-6.67788
-6.69897
-6.71724
-6.73906
-6.75515
-6.76905
-6.77694
-6.77806
-6.77066
-6.75344
-6.72828
-6.69867
-6.66621
-6.63868
-6.616
-6.59784
-6.58766
-6.5867
-6.58872
-6.59974
-6.61703
-6.63959
-6.66515
-6.68802
-6.70828
-6.72431
-6.73682
-6.74297
-6.74583
-6.74222
-6.73227
-6.71516
-6.69618
-6.6729
-6.646
-6.61994
-6.59839
-6.58246
-6.57195
-6.56632
-6.57216
-6.58106
-6.59779
-6.61789
-6.63995
-6.66235
-6.68039
-6.69478
-6.70384
-6.70598
-6.70554
-6.69888
-6.69307
-6.68581
-6.68146
-6.67559
-6.66937
-6.66213
-6.65819
-6.65556
-6.65174
-6.65327
-6.65366
-6.65667
-6.66244
-6.66067
-6.65777
-6.65379
-6.64893
-6.64394
-6.6474
-6.65498
-6.66871
-6.68762
-6.70879
-6.72898
-6.74824
-6.76602
-6.77606
-6.78044
-6.77748
-6.76352
-6.74639
-6.72675
-6.70471
-6.68389
-6.66956
-6.65603
-6.64485
-6.63719
-6.6305
-6.62627
-6.62832
-6.63324
-6.63814
-6.64393
-6.65447
-6.66626
-6.67842
-6.69094
-6.70532
-6.72001
-6.73133
-6.73943
-6.74579
-6.74863
-6.74646
-6.7426
-6.73335
-6.72113
-6.70979
-6.69869
-6.68853
-6.68324
-6.67413
-6.66519
-6.65494
-6.63993
-6.62572
-6.60902
-6.59284
-6.57926
-6.56719
-6.56363
-6.56298
-6.56651
-6.57571
-6.59072
-6.60953
-6.63084
-6.65153
-6.6697
-6.68376
-6.69333
-6.69935
-6.70319
-6.70414
-6.70124
-6.6927
-6.68363
-6.6715
-6.65797
-6.64655
-6.63494
-6.63384
-6.63616
-6.64696
-6.65944
-6.67904
-6.7038
-6.73022
-6.75811
-6.78433
-6.80841
-6.82287
-6.83228
-6.83183
-6.82504
-6.80788
-6.78467
-6.75774
-6.72861
-6.69732
-6.66645
-6.63885
-6.61376
-6.59237
-6.57641
-6.56968
-6.57607
-6.59406
-6.62414
-6.65917
-6.69269
-6.72013
-6.7379
-6.74499
-6.74163
-6.72803
-6.706
-6.684
-6.66013
-6.6418
-6.62746
-6.61682
-6.60912
-6.6078
-6.61126
-6.61795
-6.6303
-6.64354
-6.66311
-6.68154
-6.69825
-6.71142
-6.71998
-6.72504
-6.72579
-6.72289
-6.71278
-6.70026
-6.68529
-6.66827
-6.64717
-6.62836
-6.60815
-6.59223
-6.58064
-6.57718
-6.58474
-6.60037
-6.62366
-6.65283
-6.68404
-6.71632
-6.74196
-6.76165
-6.77632
-6.77889
-6.77266
-6.75541
-6.72953
-6.69828
-6.66409
-6.6309
-6.60618
-6.58884
-6.58035
-6.5792
-6.58518
-6.59439
-6.60535
-6.61831
-6.63517
-6.65464
-6.6728
-6.68997
-6.70009
-6.71001
-6.7128
-6.71169
-6.70805
-6.7011
-6.68958
-6.67262
-6.65204
-6.62819
-6.6012
-6.57808
-6.56293
-6.55769
-6.56785
-6.59624
-6.63654
-6.68783
-6.7344
-6.77693
-6.8083
-6.82766
-6.83633
-6.83208
-6.82085
-6.80696
-6.79022
-6.77895
-6.76636
-6.75073
-6.73781
-6.72081
-6.70315
-6.68793
-6.67136
-6.65593
-6.64246
-6.628
-6.61553
-6.60372
-6.59609
-6.59098
-6.5947
-6.60792
-6.62352
-6.63994
-6.65318
-6.6598
-6.66324
-6.66164
-6.65831
-6.65637
-6.65541
-6.65791
-6.66266
-6.67093
-6.68041
-6.68537
-6.69096
-6.69222
-6.69182
-6.68775
-6.68019
-6.66746
-6.65063
-6.63515
-6.62062
-6.60965
-6.60758
-6.6152
-6.63097
-6.6554
-6.68871
-6.72096
-6.74947
-6.77009
-6.77792
-6.77448
-6.7619
-6.74336
-6.72188
-6.70123
-6.68444
-6.66795
-6.65704
-6.64713
-6.64634
-6.65445
-6.66965
-6.68494
-6.70108
-6.71324
-6.71973
-6.71894
-6.71439
-6.70601
-6.70077
-6.70136
-6.70537
-6.7105
-6.71585
-6.71718
-6.714
-6.70521
-6.6901
-6.66806
-6.64077
-6.61139
-6.58306
-6.55855
-6.5385
-6.52578
-6.51808
-6.51676
-6.51938
-6.53117
-6.54969
-6.57694
-6.6092
-6.6445
-6.68265
-6.71988
-6.7509
-6.7788
-6.79776
-6.80911
-6.81346
-6.80951
-6.79557
-6.77583
-6.75255
-6.73034
-6.70859
-6.69324
-6.68018
-6.67051
-6.66554
-6.6609
-6.65496
-6.65024
-6.64409
-6.64006
-6.6411
-6.64818
-6.65799
-6.67094
-6.68386
-6.69152
-6.69274
-6.68388
-6.67059
-6.65028
-6.62911
-6.6082
-6.59626
-6.59368
-6.60128
-6.61352
-6.62718
-6.64282
-6.65726
-6.66804
-6.67851
-6.68954
-6.70169
-6.71743
-6.73459
-6.74651
-6.75367
-6.75469
-6.74515
-6.73021
-6.71087
-6.69546
-6.68358
-6.67759
-6.67996
-6.68967
-6.70038
-6.71335
-6.72159
-6.72509
-6.7259
-6.72084
-6.71152
-6.70204
-6.68721
-6.67195
-6.65634
-6.63878
-6.62728
-6.62286
-6.62411
-6.62816
-6.6346
-6.64409
-6.64892
-6.64744
-6.64124
-6.63182
-6.62056
-6.61042
-6.60198
-6.60045
-6.6008
-6.60798
-6.62036
-6.64164
-6.66522
-6.69237
-6.71465
-6.73102
-6.74039
-6.73735
-6.72492
-6.70092
-6.67114
-6.63433
-6.59919
-6.57038
-6.55103
-6.54392
-6.54521
-6.55999
-6.58176
-6.60996
-6.64066
-6.67338
-6.69941
-6.71695
-6.72036
-6.72124
-6.71469
-6.70147
-6.69135
-6.68533
-6.68527
-6.69042
-6.69782
-6.70458
-6.7117
-6.72058
-6.72918
-6.7397
-6.75197
-6.76864
-6.78263
-6.79542
-6.80233
-6.80294
-6.79637
-6.77836
-6.75463
-6.72068
-6.68256
-6.64039
-6.59861
-6.55871
-6.52784
-6.51301
-6.51401
-6.53478
-6.56478
-6.59715
-6.62925
-6.6555
-6.67452
-6.68642
-6.69249
-6.69463
-6.69293
-6.69042
-6.68172
-6.67317
-6.66003
-6.64379
-6.62376
-6.60507
-6.58792
-6.57644
-6.57164
-6.57218
-6.58444
-6.60364
-6.63139
-6.66278
-6.69181
-6.71933
-6.74117
-6.75216
-6.75552
-6.74795
-6.73506
-6.71566
-6.69562
-6.67954
-6.66655
-6.6648
-6.67059
-6.68098
-6.69372
-6.70628
-6.71527
-6.72399
-6.7272
-6.72449
-6.72471
-6.72063
-6.71342
-6.70492
-6.69123
-6.67741
-6.65972
-6.64095
-6.62007
-6.60289
-6.58551
-6.57594
-6.57649
-6.57931
-6.59177
-6.60881
-6.6261
-6.64433
-6.66152
-6.67289
-6.68529
-6.69645
-6.70423
-6.71189
-6.71817
-6.71923
-6.71955
-6.71694
-6.71784
-6.71976
-6.72457
-6.73179
-6.73619
-6.73966
-6.73816
-6.73131
-6.72091
-6.71024
-6.69855
-6.6889
-6.68151
-6.67966
-6.68168
-6.68355
-6.68519
-6.68298
-6.68257
-6.68015
-6.67455
-6.67269
-6.66665
-6.66029
-6.64688
-6.63068
-6.61064
-6.59301
-6.57806
-6.57293
-6.58014
-6.59866
-6.62197
-6.64171
-6.66053
-6.6754
-6.68726
-6.68959
-6.68946
-6.68662
-6.68328
-6.67753
-6.66758
-6.65805
-6.65017
-6.64888
-6.64975
-6.65649
-6.66558
-6.67568
-6.68878
-6.69753
-6.70396
-6.70683
-6.70678
-6.70349
-6.69455
-6.68305
-6.67386
-6.66374
-6.6506
-6.64379
-6.6365
-6.63321
-6.63082
-6.63137
-6.63537
-6.6377
-6.63669
-6.63397
-6.62962
-6.6283
-6.63255
-6.64215
-6.65434
-6.6676
-6.67964
-6.69035
-6.70175
-6.71284
-6.723
-6.73265
-6.74222
-6.74812
-6.75166
-6.74773
-6.74428
-6.73777
-6.73093
-6.71949
-6.71071
-6.69465
-6.6748
-6.65415
-6.63515
-6.61721
-6.60714
-6.60514
-6.60992
-6.61473
-6.62097
-6.62545
-6.63143
-6.63371
-6.63709
-6.63807
-6.63893
-6.64103
-6.64743
-6.65455
-6.66279
-6.67409
-6.68392
-6.6965
-6.70461
-6.70998
-6.7174
-6.7227
-6.72771
-6.73125
-6.73454
-6.74527
-6.75397
-6.76044
-6.75995
-6.75463
-6.74421
-6.7308
-6.71843
-6.70498
-6.69198
-6.67839
-6.66168
-6.64353
-6.62507
-6.609
-6.59386
-6.57998
-6.57091
-6.56659
-6.57097
-6.58469
-6.60568
-6.63111
-6.65865
-6.68401
-6.70364
-6.71602
-6.72365
-6.72343
-6.71926
-6.71123
-6.69817
-6.6872
-6.67368
-6.65972
-6.64395
-6.63274
-6.6249
-6.61755
-6.61336
-6.61393
-6.61974
-6.62744
-6.63903
-6.64777
-6.65406
-6.65295
-6.64931
-6.64324
-6.63235
-6.62359
-6.61708
-6.61521
-6.62173
-6.63291
-6.65033
-6.66919
-6.68961
-6.70694
-6.72238
-6.73748
-6.75417
-6.76752
-6.77638
-6.7795
-6.77502
-6.76624
-6.74897
-6.72433
-6.69856
-6.67563
-6.66133
-6.65554
-6.65345
-6.65654
-6.66085
-6.66229
-6.66325
-6.66186
-6.65895
-6.64937
-6.63828
-6.62192
-6.60572
-6.59018
-6.58079
-6.58079
-6.60022
-6.63105
-6.67238
-6.71576
-6.75529
-6.78942
-6.81253
-6.82667
-6.8288
-6.81742
-6.7963
-6.76536
-6.72642
-6.68588
-6.64708
-6.61346
-6.58989
-6.5807
-6.58227
-6.59729
-6.61891
-6.64145
-6.66079
-6.67434
-6.67774
-6.67594
-6.66816
-6.66122
-6.65556
-6.65114
-6.6513
-6.65193
-6.65077
-6.65183
-6.65032
-6.64348
-6.63674
-6.6313
-6.62925
-6.63295
-6.63745
-6.64926
-6.66148
-6.67447
-6.68651
-6.69873
-6.70992
-6.71899
-6.72164
-6.71996
-6.71293
-6.70558
-6.69545
-6.68544
-6.67691
-6.67279
-6.67228
-6.67727
-6.68432
-6.69414
-6.7042
-6.71281
-6.72009
-6.72232
-6.72163
-6.71343
-6.70187
-6.68828
-6.67267
-6.65559
-6.63575
-6.62244
-6.61258
-6.60863
-6.6089
-6.61436
-6.62796
-6.64737
-6.6667
-6.68472
-6.69997
-6.70881
-6.7152
-6.71677
-6.71372
-6.70926
-6.70776
-6.70344
-6.70521
-6.70937
-6.7197
-6.72606
-6.73446
-6.73456
-6.73176
-6.72291
-6.71015
-6.69521
-6.677
-6.66051
-6.64627
-6.6358
-6.6277
-6.62648
-6.63447
-6.64544
-6.65939
-6.67429
-6.68444
-6.69114
-6.69078
-6.68626
-6.6737
-6.65389
-6.63275
-6.60958
-6.58513
-6.565
-6.55466
-6.55484
-6.56686
-6.58336
-6.6069
-6.63324
-6.65955
-6.68423
-6.70789
-6.7297
-6.74525
-6.75531
-6.75857
-6.75591
-6.74224
-6.72931
-6.71752
-6.70126
-6.68872
-6.67914
-6.67155
-6.66636
-6.66048
-6.65323
-6.64151
-6.62846
-6.61856
-6.60764
-6.60046
-6.60022
-6.60294
-6.60776
-6.61754
