0 -7.4227 0.308344
1 -7.1897 0.231109
2 -7.16858 0.155112
3 -7.18544 0.118109
4 -7.20354 0.0962388
5 -7.19198 0.0809503
6 -7.19326 0.0694268
7 -7.19519 0.0607934
8 -7.20065 0.0542922
9 -7.1985 0.0489909
10 -7.19151 0.045074
11 -7.19715 0.0418144
12 -7.1999 0.0388209
13 -7.19763 0.0361146
14 -7.19596 0.033751
15 -7.19451 0.0316986
16 -7.19503 0.0299841
17 -7.19937 0.0286913
18 -7.19693 0.0273006
19 -7.19391 0.0261032
20 -7.19723 0.0252714
21 -7.20121 0.0245872
22 -7.19641 0.024011
23 -7.19611 0.0231129
24 -7.19729 0.022254
25 -7.1966 0.0214112
26 -7.19687 0.0206233
27 -7.198 0.0199211
28 -7.19904 0.0193101
29 -7.19682 0.0188249
30 -7.19757 0.0182394
31 -7.19666 0.0176958
32 -7.19716 0.0171683
33 -7.19694 0.0166651
34 -7.19735 0.0161976
35 -7.19768 0.0157639
36 -7.19663 0.0153723
37 -7.19605 0.0149839
38 -7.19746 0.0146708
39 -7.19751 0.0143214
40 -7.19674 0.0139934
41 -7.19517 0.0137517
42 -7.19633 0.0135091
43 -7.197 0.0132346
44 -7.19717 0.0129438
45 -7.19656 0.0126934
46 -7.19557 0.0124677
47 -7.19589 0.0122179
48 -7.19699 0.012019
49 -7.19698 0.0117811
50 -7.19718 0.0115519
51 -7.19722 0.01133
52 -7.19688 0.0111229
53 -7.19625 0.0109377
54 -7.19671 0.0107502
55 -7.19659 0.0105599
56 -7.19648 0.0103767
57 -7.19594 0.010214
58 -7.19698 0.0101003
59 -7.19736 0.00994725
60 -7.19681 0.00980151
61 -7.19609 0.00968531
62 -7.19696 0.00957542
63 -7.19647 0.00943975
64 -7.19649 0.00929552
65 -7.19662 0.00915758
66 -7.1968 0.00903286
67 -7.19583 0.00895896
68 -7.19657 0.00886416
69 -7.19647 0.00874475
70 -7.19617 0.00862907
71 -7.19599 0.00851143
72 -7.1963 0.00840335
73 -7.19616 0.00829634
74 -7.19607 0.00818903
75 -7.19623 0.00808391
76 -7.19584 0.00799054
77 -7.19662 0.00792936
78 -7.1961 0.00785359
79 -7.19636 0.00776556
80 -7.1966 0.00767679
81 -7.19662 0.00758625
82 -7.19675 0.00750545
83 -7.19605 0.00745218
84 -7.19651 0.00738144
85 -7.19658 0.0072974
86 -7.19672 0.00721537
87 -7.19617 0.00715684
88 -7.19635 0.00708382
89 -7.19611 0.00701427
90 -7.19641 0.00695702
91 -7.197 0.00691918
92 -7.1967 0.00685243
93 -7.19644 0.00678602
94 -7.19677 0.00672379
95 -7.19651 0.00666014
96 -7.19668 0.00659847
97 -7.19684 0.00653831
98 -7.1966 0.00647837
99 -7.19681 0.00641815
0 -6.96805 0.122354
1 -6.91795 0.0717196
2 -6.90761 0.0486091
3 -6.91611 0.0375806
4 -6.90607 0.0342162
5 -6.89383 0.0331159
6 -6.9076 0.031312
7 -6.90993 0.0275855
8 -6.91149 0.0248483
9 -6.90783 0.0228037
10 -6.91059 0.0209202
11 -6.91123 0.019194
12 -6.9076 0.0180791
13 -6.90306 0.0173695
14 -6.89985 0.0165964
15 -6.90461 0.0163032
16 -6.90465 0.0153974
17 -6.9054 0.0146163
18 -6.90359 0.0139697
19 -6.90573 0.0135016
20 -6.90926 0.0133206
21 -6.91011 0.0130489
22 -6.90618 0.0131731
23 -6.90731 0.012678
24 -6.90767 0.0121773
25 -6.9079 0.0117126
26 -6.90715 0.0113096
27 -6.90852 0.0109982
28 -6.91009 0.0107602
29 -6.90736 0.0107791
30 -6.90932 0.0106861
31 -6.9076 0.010508
32 -6.90646 0.0102653
33 -6.90912 0.0105172
34 -6.91003 0.0104363
35 -6.90968 0.0101741
36 -6.90822 0.0100373
37 -6.90756 0.00981598
38 -6.90762 0.00956518
39 -6.9089 0.00941736
40 -6.90868 0.00921987
41 -6.90905 0.00902377
42 -6.90804 0.00890196
43 -6.9071 0.00881408
44 -6.90812 0.00869459
45 -6.90739 0.00854178
46 -6.9086 0.00845662
47 -6.90853 0.00829907
48 -6.90812 0.00814161
49 -6.90715 0.00804771
50 -6.90774 0.00792361
51 -6.90838 0.00781172
52 -6.9085 0.0076664
53 -6.9085 0.00752716
54 -6.90916 0.00742831
55 -6.90858 0.00733203
56 -6.90769 0.00726742
57 -6.90732 0.0071834
58 -6.90802 0.00709589
59 -6.90835 0.00698606
60 -6.90863 0.00688059
61 -6.90798 0.00680623
62 -6.90768 0.00671619
63 -6.90706 0.0066444
64 -6.90761 0.00657812
65 -6.90773 0.00648064
66 -6.90696 0.006438
67 -6.90783 0.00642046
68 -6.9071 0.00639012
69 -6.90761 0.00632598
70 -6.90712 0.00626107
71 -6.90676 0.00619883
72 -6.90721 0.00613056
73 -6.90802 0.00610504
74 -6.90731 0.00608079
75 -6.9069 0.00603646
76 -6.90735 0.00597532
77 -6.90708 0.00591328
78 -6.90662 0.00586123
79 -6.90697 0.00584149
80 -6.90755 0.00582557
81 -6.90742 0.00576265
82 -6.90786 0.00571481
83 -6.90736 0.005673
84 -6.90682 0.00564125
85 -6.90704 0.00559476
86 -6.90709 0.00553118
87 -6.90699 0.00546989
88 -6.90628 0.00545789
89 -6.90633 0.0054152
90 -6.90714 0.00542379
91 -6.90751 0.00542818
92 -6.90688 0.00541866
93 -6.90715 0.00536775
94 -6.90713 0.00531703
95 -6.9068 0.00527435
96 -6.90656 0.00522578
97 -6.9066 0.00517305
98 -6.90786 0.00528851
99 -6.90767 0.0052726
0 -6.72724 0.0357439
1 -6.72544 0.0210533
2 -6.72757 0.0143644
3 -6.72561 0.0109454
4 -6.7252 0.00889411
5 -6.73715 0.0142382
6 -6.74318 0.0136693
7 -6.72668 0.0206173
8 -6.73508 0.0221081
9 -6.74074 0.0207757
10 -6.74357 0.0191058
11 -6.73632 0.0190098
12 -6.73434 0.0178862
13 -6.73622 0.0167392
14 -6.73814 0.0157446
15 -6.73888 0.0148077
16 -6.73639 0.0142205
17 -6.73988 0.0140825
18 -6.73736 0.0142311
19 -6.73841 0.0142392
20 -6.73775 0.01386
21 -6.73806 0.0132652
22 -6.73547 0.0129603
23 -6.73568 0.012435
24 -6.73563 0.011965
25 -6.73451 0.0116338
26 -6.73546 0.0112522
27 -6.73662 0.010953
28 -6.73469 0.0107564
29 -6.73213 0.0107831
30 -6.73289 0.0104663
31 -6.73492 0.0103379
32 -6.73473 0.0100874
33 -6.73291 0.0100573
34 -6.73436 0.00993236
35 -6.7331 0.00981987
36 -6.73444 0.00968489
37 -6.73432 0.00945211
38 -6.73492 0.00923207
39 -6.73475 0.00900821
40 -6.73375 0.00884806
41 -6.73403 0.00864698
42 -6.73389 0.0084529
43 -6.73422 0.00828216
44 -6.73455 0.00812696
45 -6.73435 0.00795867
46 -6.73392 0.00780916
47 -6.73474 0.00770173
48 -6.73613 0.0076843
49 -6.73373 0.00800646
50 -6.73242 0.00807381
51 -6.73373 0.00803185
52 -6.73449 0.00792814
53 -6.7353 0.00792003
54 -6.73399 0.0078973
55 -6.73476 0.00788453
56 -6.73607 0.00792879
57 -6.73389 0.00811873
58 -6.73296 0.0080773
59 -6.73301 0.00796054
60 -6.73321 0.00785686
61 -6.73286 0.00774431
62 -6.73375 0.00768584
63 -6.73365 0.00759198
64 -6.7338 0.00748315
65 -6.7337 0.00737544
66 -6.73269 0.00734996
67 -6.73201 0.00728629
68 -6.73451 0.00765689
69 -6.73544 0.00763194
70 -6.73431 0.00765331
71 -6.73281 0.00770768
72 -6.73393 0.00772564
73 -6.73302 0.00783401
74 -6.73191 0.00790874
75 -6.73321 0.00792067
76 -6.73395 0.00785345
77 -6.73398 0.00775804
78 -6.73336 0.00768696
79 -6.73333 0.00759929
80 -6.73383 0.00752507
81 -6.73454 0.00746791
82 -6.734 0.00740603
83 -6.73327 0.007355
84 -6.73328 0.00727084
85 -6.73287 0.00719983
86 -6.73324 0.00713018
87 -6.73326 0.00704981
88 -6.73327 0.00697952
89 -6.73247 0.00696974
90 -6.73316 0.00693334
91 -6.73309 0.00686269
92 -6.73353 0.00681742
93 -6.73255 0.00683842
94 -6.73286 0.00679483
95 -6.73225 0.00675877
96 -6.73235 0.00669078
97 -6.7325 0.00662761
98 -6.73322 0.0066058
99 -6.73292 0.00654849
0 -6.76035 0.107465
1 -6.80323 0.0703285
2 -6.77743 0.054315
3 -6.72594 0.0620901
4 -6.69616 0.0586228
5 -6.71677 0.0533931
6 -6.73151 0.0486008
7 -6.72536 0.0430967
8 -6.71152 0.0407285
9 -6.71517 0.0368491
10 -6.71536 0.0335275
11 -6.71028 0.031166
12 -6.71033 0.0291399
13 -6.71386 0.0275087
14 -6.71775 0.0263605
15 -6.71563 0.0252989
16 -6.71117 0.0242839
17 -6.71197 0.0229701
18 -6.7139 0.0218719
19 -6.71016 0.0211283
20 -6.71075 0.0204036
21 -6.7146 0.0199991
22 -6.71368 0.0191539
23 -6.71003 0.0187727
24 -6.70762 0.0181985
25 -6.70815 0.0175185
26 -6.71079 0.0170799
27 -6.71095 0.0164764
28 -6.70975 0.015965
29 -6.70606 0.0158715
30 -6.70768 0.0155941
31 -6.70893 0.0152743
32 -6.707 0.0149812
33 -6.7054 0.0146911
34 -6.70618 0.0144631
35 -6.70713 0.0141734
36 -6.70651 0.013849
37 -6.7076 0.0135392
38 -6.70744 0.0132151
39 -6.70702 0.0129191
40 -6.7085 0.0127241
41 -6.70792 0.0124896
42 -6.70573 0.0124041
43 -6.70415 0.0123398
44 -6.7068 0.0123494
45 -6.7073 0.0121401
46 -6.7063 0.0119301
47 -6.70529 0.0117382
48 -6.70613 0.0115406
49 -6.70615 0.011314
50 -6.70553 0.0111261
51 -6.70511 0.0109418
52 -6.70582 0.010763
53 -6.70638 0.0106146
54 -6.70617 0.010467
55 -6.70772 0.0104299
56 -6.70577 0.0104517
57 -6.70576 0.0102764
58 -6.70522 0.0101279
59 -6.7047 0.0100217
60 -6.70513 0.00990924
61 -6.7047 0.00978823
62 -6.70662 0.00983565
63 -6.70715 0.00973914
64 -6.70619 0.00963792
65 -6.70589 0.00949727
66 -6.7059 0.00935711
67 -6.70439 0.0093587
68 -6.70493 0.00932171
69 -6.70623 0.00929763
70 -6.70611 0.00917168
71 -6.7067 0.00908546
72 -6.70539 0.00907014
73 -6.70566 0.00895214
74 -6.70551 0.00886182
75 -6.70469 0.00879359
76 -6.70513 0.0087023
77 -6.70565 0.00860656
78 -6.70577 0.00850053
79 -6.70518 0.00841811
80 -6.70578 0.00836773
81 -6.70543 0.00828889
82 -6.7051 0.00819621
83 -6.70509 0.00811853
84 -6.70529 0.00804535
85 -6.70533 0.00795415
86 -6.70555 0.00786598
87 -6.70494 0.0078172
88 -6.70448 0.00774745
89 -6.70465 0.00766815
90 -6.70488 0.00759246
91 -6.70456 0.0075237
92 -6.70405 0.00746922
93 -6.70452 0.00742541
94 -6.70479 0.00736212
95 -6.70437 0.00729806
96 -6.70361 0.00726925
97 -6.7034 0.00722351
98 -6.70391 0.00716908
99 -6.70395 0.00710039
0 -6.63696 0.0187465
1 -6.66972 0.0261833
2 -6.67597 0.0192178
3 -6.68325 0.0170364
4 -6.67003 0.0187153
5 -6.66541 0.0164984
6 -6.65612 0.0169251
7 -6.66706 0.0184699
8 -6.66304 0.0176823
9 -6.66684 0.0169076
10 -6.66441 0.0164211
11 -6.66285 0.0156594
12 -6.66406 0.0145567
13 -6.66336 0.0135387
14 -6.66692 0.0134797
15 -6.66905 0.0131513
16 -6.66787 0.0124945
17 -6.67151 0.0123419
18 -6.67117 0.0118094
19 -6.6668 0.0120444
20 -6.66783 0.0115391
21 -6.66733 0.0110677
22 -6.67304 0.0120492
23 -6.67173 0.0119251
24 -6.67266 0.0116559
25 -6.67105 0.0113552
26 -6.67213 0.0110328
27 -6.67053 0.010866
28 -6.67192 0.0108035
29 -6.67092 0.0106965
30 -6.67054 0.0104461
31 -6.66992 0.0102699
32 -6.67092 0.0104837
33 -6.67386 0.0106465
34 -6.67257 0.0104621
35 -6.67188 0.0102055
36 -6.6721 0.00993712
37 -6.67121 0.00973891
38 -6.67299 0.00968216
39 -6.67307 0.00946242
40 -6.67398 0.0092767
41 -6.67231 0.00933732
42 -6.67086 0.00942362
43 -6.67328 0.00954559
44 -6.67299 0.00934533
45 -6.67288 0.00915316
46 -6.67194 0.00902851
47 -6.67311 0.00892808
48 -6.67369 0.008772
49 -6.67354 0.00862755
50 -6.6727 0.00850388
51 -6.67249 0.00840317
52 -6.67165 0.0083989
53 -6.6715 0.00831546
54 -6.67205 0.00818651
55 -6.67393 0.00826221
56 -6.67238 0.00835097
57 -6.67233 0.00822461
58 -6.67127 0.00817602
59 -6.67182 0.00810387
60 -6.6721 0.0079815
61 -6.67266 0.00788044
62 -6.67152 0.00784501
63 -6.67186 0.00773986
64 -6.67272 0.0076694
65 -6.67294 0.00755773
66 -6.67247 0.00747754
67 -6.67202 0.00740883
68 -6.67191 0.00730486
69 -6.67222 0.00720899
70 -6.67176 0.00712305
71 -6.67154 0.00703661
72 -6.67244 0.00699916
73 -6.67218 0.00693309
74 -6.67165 0.00686156
75 -6.67196 0.00678592
76 -6.67289 0.00676308
77 -6.67242 0.00671796
78 -6.67206 0.00668235
79 -6.67213 0.00661304
80 -6.67166 0.00655153
81 -6.67126 0.0064894
82 -6.67225 0.00649241
83 -6.67224 0.00642034
84 -6.67161 0.00638528
85 -6.67269 0.00644762
86 -6.67233 0.00642283
87 -6.67221 0.00635231
88 -6.67186 0.00629099
89 -6.67212 0.00623264
90 -6.67228 0.00616761
91 -6.67253 0.00611338
92 -6.67217 0.00606774
93 -6.67258 0.00601741
94 -6.67291 0.00597195
95 -6.67275 0.00591777
96 -6.67208 0.00591458
97 -6.67223 0.00588817
98 -6.67252 0.00584483
99 -6.67197 0.00581446
