0.848642
0.823069
0.780118
0.72121
0.648551
0.565679
0.477563
0.390437
0.311245
0.246563
0.20136
0.17797
0.175724
0.19132
0.219745
0.255373
0.29289
0.32793
0.357297
0.379091
0.39264
0.398327
0.397364
0.391663
0.383436
0.375043
0.36861
0.365796
0.367629
0.374343
0.385513
0.400142
0.416917
0.434434
0.451483
0.467145
0.480841
0.492327
0.501551
0.508484
0.512985
0.514878
0.513905
0.509851
0.502544
0.492
0.478509
0.462665
0.445316
0.427476
0.410294
0.394949
0.382503
0.37374
0.369103
0.368627
0.371943
0.378418
0.38718
0.397249
0.407624
0.417383
0.425824
0.432486
0.437182
0.439903
0.440736
0.439937
0.437874
0.434985
0.431827
0.42903
0.427168
0.426635
0.427643
0.430234
0.434245
0.439367
0.44523
0.451362
0.457178
0.462086
0.465565
0.46728
0.467142
0.465284
0.462024
0.457801
0.453001
0.447997
0.442998
0.438038
0.433093
0.427929
0.422243
0.415782
0.408374
0.400043
0.391054
0.381988
0.373653
0.366962
0.362765
0.361623
0.363672
0.368623
0.375914
0.384879
0.394973
0.405924
0.41764
0.430128
0.443305
0.456822
0.470001
0.48197
0.491789
0.498734
0.502315
0.50232
0.498901
0.492444
0.483545
0.472912
0.461315
0.449553
0.438293
0.428155
0.419664
0.41319
0.408857
0.406521
0.405846
0.406328
0.40739
0.408487
0.409216
0.409327
0.408746
0.407608
0.40621
0.40495
0.404282
0.404598
0.406127
0.408943
0.412824
0.417302
0.421733
0.425365
0.427522
0.42772
0.425828
0.422033
0.416802
0.410803
0.404721
0.39921
0.394913
0.392359
0.392053
0.394468
0.399938
0.408564
0.420173
0.434131
0.449431
0.464919
0.479336
0.491486
0.50041
0.505445
0.506352
0.503212
0.49645
0.4867
0.474814
0.461682
0.448171
0.435024
0.422816
0.412016
0.402905
0.395664
0.390382
0.387026
0.385427
0.385325
0.386295
0.387755
0.389033
0.389522
0.38879
0.386766
0.383834
0.38072
0.378438
0.378004
0.380368
0.386235
0.39597
0.4095
0.426283
0.445319
0.465311
0.484827
0.502539
0.517373
0.528599
0.535778
0.538735
0.537481
0.532145
0.522929
0.510135
0.494223
0.475838
0.455855
0.435248
0.414956
0.395837
0.378529
0.363536
0.35122
0.341944
0.336063
0.333841
0.335364
0.340489
0.348807
0.359741
0.372648
0.386901
0.401896
0.41703
0.431699
0.445227
0.456908
0.466069
0.472168
0.474896
0.47425
0.470507
0.464145
0.455889
0.446616
0.4372
0.428401
0.420879
0.415102
0.411324
0.409602
0.40979
0.411545
0.414364
0.417687
0.420972
0.42375
0.425668
0.426627
0.426794
0.426568
0.426563
0.427275
0.429004
0.431751
0.435204
0.438873
0.442163
0.444579
0.445936
0.446315
0.446224
0.44625
0.44697
0.448807
0.451913
0.456135
0.461081
0.466184
0.470801
0.474217
0.475703
0.474531
0.470006
0.461599
0.449152
0.433085
0.414568
0.395527
0.378376
0.36547
0.358392
0.357585
0.362425
0.371671
0.38391
0.397793
0.41208
0.425642
0.437443
0.446689
0.452894
0.455811
0.455568
0.452459
0.447043
0.44002
0.432115
0.424015
0.416335
0.409622
0.404386
0.401025
0.399882
0.401172
0.404848
0.410632
0.417919
0.425871
0.433582
0.440212
0.445108
0.447917
0.4486
0.447333
0.444467
0.440447
0.435762
0.430858
0.426212
0.422362
0.419735
0.4186
0.418933
0.420437
0.422647
0.425061
0.427255
0.429006
0.430384
0.431602
0.432974
0.434801
0.437287
0.440457
0.444147
0.448024
0.451627
0.454366
0.455763
0.455451
0.45328
0.449287
0.443735
0.437029
0.429648
0.422191
0.415225
0.40932
0.404874
0.402077
0.400873
0.400949
0.401833
0.40307
0.404266
0.405192
0.405735
0.40586
0.405666
0.405332
0.405138
0.405431
0.406608
0.409059
0.413011
0.418464
0.425235
0.432914
0.441063
0.449258
0.457115
0.464255
0.470295
0.474855
0.477619
0.478226
0.476521
0.472491
0.466371
0.458588
0.44976
0.440536
0.431549
0.423371
0.416445
0.411104
0.407498
0.405597
0.405202
0.405971
0.407394
0.409003
0.410299
0.410901
0.410498
0.408931
0.406092
0.40198
0.396797
0.390915
0.384891
0.379469
0.375517
0.373879
0.375285
0.380099
0.388336
0.399586
0.413101
0.427875
0.442853
0.45696
0.469333
0.479317
0.486497
0.490621
0.491682
0.489834
0.48541
0.478856
0.470749
0.46172
0.45243
0.443563
0.435717
0.429402
0.424991
0.422622
0.422139
0.423278
0.4257
0.429055
0.43295
0.436936
0.440549
0.443263
0.444608
0.444201
0.441807
0.437401
0.431141
0.423396
0.414693
0.405669
0.397006
0.389384
0.383396
0.379484
0.377879
0.378494
0.381022
0.384959
0.389773
0.394952
0.400149
0.405185
0.410047
0.414757
0.419274
0.423584
0.427711
0.431766
0.435949
0.440462
0.445342
0.450467
0.455608
0.460406
0.46458
0.46788
0.470154
0.471325
0.471312
0.47003
0.467377
0.463277
0.457785
0.451193
0.443898
0.436524
0.429786
0.424269
0.420463
0.418599
0.418643
0.420346
0.42328
0.426893
0.430568
0.433739
0.436012
0.437174
0.437262
0.436518
0.435341
0.434115
0.433131
0.432485
0.432084
0.431767
0.431394
0.430897
0.430343
0.429774
0.429213
0.428595
0.42782
0.426762
0.42541
0.423782
0.421948
0.419998
0.41795
0.415702
0.41319
0.410321
0.407126
0.403818
0.400749
0.398298
0.396823
0.396584
0.397781
0.400505
0.404784
0.410495
0.417385
0.425053
0.432984
0.440554
0.447165
0.452248
0.455359
0.456162
0.454554
0.450669
0.444973
0.4382
0.431318
0.425274
0.420908
0.418695
0.418631
0.420299
0.423099
0.426342
0.429377
0.431744
0.43322
0.433656
0.433101
0.431656
0.429494
0.426756
0.423557
0.419963
0.416041
0.411953
0.407812
0.403888
0.400498
0.398014
0.396881
0.397496
0.400313
0.405682
0.413777
0.424363
0.436754
0.44984
0.462223
0.472597
0.479989
0.483991
0.484839
0.48314
0.479692
0.475295
0.470509
0.465598
0.460554
0.455204
0.449403
0.44314
0.43656
0.430069
0.424143
0.419205
0.415509
0.413052
0.411539
0.410487
0.409277
0.407363
0.404335
0.400041
0.394627
0.388561
0.38265
0.377907
0.375429
0.376194
0.380824
0.389408
0.401446
0.415846
0.431211
0.446157
0.459552
0.470513
0.478458
0.483014
0.483945
0.481209
0.47499
0.465796
0.454474
0.442081
0.429812
0.418782
0.409879
0.403573
0.399951
0.398747
0.399464
0.401631
0.404915
0.409073
0.413884
0.419047
0.424096
0.428507
0.431779
0.433569
0.433797
0.432652
0.430551
0.428069
0.425801
0.424287
0.42395
0.424995
0.427459
0.431221
0.435995
0.441331
0.44667
0.451398
0.454937
0.45677
0.456491
0.453865
0.448843
0.441479
0.432003
0.420817
0.408514
0.395876
0.383833
0.373447
0.365767
0.361681
0.361816
0.366374
0.375105
0.387327
0.402031
0.417981
0.433899
0.448558
0.460965
0.470343
0.476272
0.478758
0.478079
0.474793
0.469568
0.463079
0.455967
0.4487
0.441612
0.434868
0.428498
0.422433
0.416606
0.411122
0.406318
0.402648
0.400607
0.400485
0.402228
0.405501
0.409801
0.414527
0.419114
0.423081
0.426039
0.427788
0.428267
0.427558
0.425867
0.423531
0.420892
0.418397
0.416537
0.415744
0.416343
0.418498
0.422171
0.427127
0.433006
0.439257
0.445281
0.450413
0.454105
0.455919
0.455581
0.453072
0.448611
0.442653
0.435776
0.428564
0.42161
0.415351
0.410197
0.406499
0.404542
0.404474
0.406246
0.409547
0.413938
0.418874
0.423842
0.428447
0.432409
0.435669
0.4383
0.440413
0.442085
0.443368
0.44418
0.44438
0.443732
0.442001
0.439
0.434647
0.428968
0.422174
0.414698
0.407221
0.400594
0.395718
0.393395
0.394303
0.3987
0.406468
0.41709
0.429679
0.443128
0.456288
0.468029
0.477332
0.483416
0.485667
0.483784
0.477773
0.467975
0.455117
0.440214
0.424555
0.409582
0.39669
0.387045
0.381439
0.380145
0.382958
0.389188
0.397853
0.407877
0.418201
0.427973
0.436597
0.443746
0.449332
0.453398
0.456085
0.457526
0.457804
0.457038
0.455319
0.452738
0.449373
0.445285
0.440557
0.435344
0.429915
0.424627
0.419943
0.416348
0.414242
0.413905
0.415438
0.418789
0.423731
0.429844
0.436624
0.443424
0.449567
0.454276
0.456933
0.456995
0.454146
0.448384
0.440004
0.429596
0.417961
0.406068
0.394938
0.385513
0.378531
0.374418
0.373284
0.374996
0.379252
0.385719
0.394042
0.403851
0.414744
0.42622
0.437641
0.448277
0.457364
0.464231
0.468408
0.46968
0.468098
0.464031
0.458018
0.450794
0.443202
0.436034
0.429992
0.425498
0.422787
0.4219
0.422651
0.424744
0.427773
0.431344
0.434994
0.438347
0.441056
0.442737
0.443081
0.44187
0.439024
0.434529
0.428514
0.421263
0.413157
0.404746
0.396708
0.389827
0.384903
0.382638
0.383461
0.387471
0.394342
0.403374
0.413638
0.42418
0.434076
0.442571
0.449113
0.453296
0.454843
0.453674
0.449851
0.4437
0.435725
0.426622
0.41729
0.408697
0.401724
0.397019
0.394899
0.39541
0.398407
0.403607
0.410725
0.419433
0.429389
0.440126
0.451104
0.461725
0.471408
0.479651
0.486018
0.490136
0.491664
0.490262
0.485743
0.478103
0.46765
0.455005
0.441092
0.427074
0.414314
0.404121
0.397527
0.395075
0.396532
0.400954
0.406873
0.412686
0.416934
0.41869
0.417713
0.414451
0.409908
0.405427
0.402255
0.401355
0.403214
0.407824
0.414782
0.423379
0.432724
0.441934
0.450103
0.456509
0.460564
0.461927
0.46057
0.456747
0.450955
0.443814
0.436063
0.428333
0.421154
0.414881
0.409676
0.40559
0.402638
0.400894
0.400495
0.401585
0.404247
0.408416
0.413908
0.42045
0.427709
0.435376
0.443067
0.45037
0.45673
0.461602
0.464481
0.464999
0.463058
0.458842
0.452805
0.445564
0.437757
0.429924
0.422477
0.415787
0.410109
0.405679
0.402685
0.401278
0.401514
0.403304
0.40652
0.41095
0.416392
0.422647
0.429378
0.436094
0.442204
0.44704
0.449974
0.450585
0.448729
0.4445
0.438251
0.430535
0.422044
0.843326
0.818114
0.785204
0.747558
0.708676
0.672082
0.640971
0.617568
0.602937
0.596856
0.598176
0.605046
0.615254
0.626373
0.636172
0.643065
0.646385
0.646482
0.644506
0.641844
0.639683
0.638582
0.638603
0.639482
0.641007
0.64303
0.645483
0.648349
0.651567
0.655017
0.658713
0.662875
0.667802
0.673692
0.680423
0.68758
0.69437
0.699783
0.702815
0.702578
0.698547
0.690505
0.678641
0.663355
0.645288
0.625314
0.604563
0.584387
0.566377
0.552241
0.543606
0.541799
0.547465
0.560416
0.579481
0.602653
0.627561
0.65213
0.674838
0.694775
0.711367
0.724124
0.732477
0.735956
0.734456
0.728357
0.718517
0.70616
0.692762
0.679848
0.668795
0.660737
0.656472
0.656334
0.66007
0.666762
0.674952
0.683097
0.689891
0.69449
0.69658
0.696186
0.693442
0.688352
0.680991
0.67163
0.660837
0.649409
0.638314
0.62856
0.6209
0.61595
0.614135
0.615614
0.620322
0.627953
0.637895
0.649247
0.660918
0.671763
0.680757
0.687077
0.690316
0.690529
0.688165
0.683978
0.678937
0.674098
0.670262
0.66786
0.666943
0.667235
0.668291
0.669614
0.670682
0.670905
0.669693
0.666564
0.661325
0.654183
0.64575
0.63701
0.629099
0.623015
0.619367
0.618231
0.619137
0.621205
0.623433
0.624961
0.625169
0.623872
0.621221
0.617678
0.613893
0.610515
0.607979
0.606452
0.60571
0.605335
0.604985
0.604732
0.605067
0.606738
0.610295
0.615925
0.623375
0.632309
0.642595
0.654179
0.666902
0.680358
0.693738
0.70606
0.716236
0.723218
0.726108
0.724214
0.717368
0.706134
0.691739
0.676084
0.661342
0.649463
0.6418
0.638951
0.640712
0.646108
0.653753
0.662129
0.669862
0.675855
0.679308
0.679602
0.676457
0.670083
0.661129
0.650883
0.64095
0.632797
0.627262
0.624413
0.623786
0.624775
0.626938
0.629966
0.633654
0.637805
0.64231
0.647264
0.652925
0.65952
0.66712
0.675525
0.684191
0.69239
0.699312
0.704341
0.707104
0.707558
0.706145
0.703685
0.70126
0.699954
0.700492
0.702986
0.707034
0.711864
0.716468
0.719893
0.721182
0.719518
0.714353
0.705412
0.692773
0.676754
0.657923
0.637189
0.61593
0.596041
0.57972
0.568966
0.564982
0.567777
0.576244
0.588621
0.603104
0.618217
0.632939
0.646652
0.658882
0.669154
0.67698
0.682084
0.6845
0.68457
0.682959
0.680341
0.677345
0.674294
0.671329
0.668475
0.66581
0.663531
0.661895
0.661019
0.660848
0.661163
0.661696
0.662284
0.662883
0.663607
0.664461
0.665376
0.666126
0.66639
0.665784
0.664012
0.660854
0.656369
0.651005
0.645548
0.641003
0.638192
0.637501
0.638883
0.641968
0.646274
0.651441
0.657254
0.663618
0.670321
0.677007
0.683163
0.688224
0.691772
0.69383
0.694872
0.69573
0.697131
0.699443
0.702355
0.705007
0.706369
0.705472
0.701655
0.694575
0.684318
0.671301
0.656256
0.640046
0.623623
0.608042
0.594499
0.58436
0.578947
0.579356
0.586266
0.599715
0.619088
0.643019
0.669293
0.695005
0.716902
0.731918
0.737732
0.733325
0.719279
0.697838
0.672591
0.647689
0.626752
0.612072
0.604319
0.602943
0.606678
0.613909
0.622991
0.632306
0.640459
0.646237
0.64882
0.647848
0.643578
0.636866
0.629124
0.622178
0.617956
0.61818
0.624032
0.635911
0.653349
0.675112
0.699362
0.723813
0.746083
0.763972
0.775698
0.780129
0.776868
0.766281
0.749554
0.728584
0.705661
0.683121
0.66293
0.646452
0.634389
0.626877
0.623706
0.624376
0.628193
0.634394
0.642166
0.650607
0.658701
0.665356
0.669516
0.670411
0.667667
0.661495
0.65269
0.642355
0.631741
0.621858
0.613435
0.606964
0.602902
0.601733
0.603887
0.609459
0.617919
0.627961
0.637881
0.646157
0.651961
0.655359
0.657043
0.657908
0.658649
0.659508
0.660401
0.661056
0.661205
0.660856
0.660458
0.660698
0.662281
0.665688
0.670873
0.677345
0.684332
0.691
0.6967
0.700969
0.703531
0.704199
0.702903
0.699785
0.695143
0.689282
0.682388
0.674461
0.665443
0.655591
0.645621
0.636832
0.630794
0.628853
0.631595
0.638623
0.648614
0.659847
0.670655
0.67971
0.686211
0.689704
0.690013
0.68714
0.681307
0.672984
0.662911
0.651916
0.640857
0.630546
0.621589
0.61441
0.609004
0.604852
0.601299
0.59813
0.596083
0.596741
0.601744
0.61179
0.626224
0.643349
0.661102
0.677637
0.691691
0.702361
0.709093
0.711718
0.710377
0.705488
0.697666
0.687626
0.676189
0.664257
0.652768
0.642504
0.63397
0.627405
0.62303
0.62104
0.621787
0.62559
0.632495
0.642203
0.653946
0.666655
0.679128
0.690358
0.699654
0.706608
0.710997
0.712717
0.711663
0.707799
0.701269
0.692561
0.682416
0.671738
0.661519
0.652638
0.64571
0.641016
0.638548
0.638095
0.639272
0.641542
0.644273
0.646839
0.648681
0.649428
0.648823
0.64674
0.64317
0.638175
0.631988
0.625019
0.618035
0.612198
0.608918
0.60948
0.614457
0.623295
0.634207
0.644928
0.653597
0.659457
0.662884
0.665048
0.667362
0.671018
0.676583
0.683816
0.691718
0.698912
0.704017
0.706033
0.704593
0.699992
0.693041
0.684901
0.676761
0.669573
0.66393
0.660061
0.657858
0.657168
0.657696
0.659045
0.660791
0.662612
0.664406
0.666223
0.668067
0.669814
0.671085
0.67138
0.670299
0.667701
0.663846
0.659373
0.655112
0.651893
0.6504
0.650991
0.65379
0.658678
0.665285
0.673151
0.68158
0.68971
0.696434
0.700518
0.700875
0.696859
0.688616
0.677061
0.663612
0.649922
0.637562
0.627808
0.621604
0.619439
0.621177
0.625964
0.632259
0.638191
0.641988
0.642416
0.638925
0.63199
0.622965
0.613707
0.606061
0.601312
0.600006
0.601977
0.606686
0.613561
0.622121
0.631975
0.642818
0.654145
0.66526
0.675297
0.683477
0.68924
0.692395
0.693233
0.692428
0.690746
0.688916
0.687354
0.686055
0.68465
0.68267
0.679869
0.676389
0.672745
0.669607
0.667564
0.667011
0.667998
0.670295
0.673449
0.676868
0.679889
0.681869
0.682319
0.681043
0.67809
0.673817
0.66874
0.6635
0.658545
0.654114
0.650224
0.646692
0.643197
0.639343
0.634846
0.629583
0.623786
0.61814
0.613641
0.611397
0.612378
0.616957
0.624796
0.634797
0.645328
0.654708
0.661469
0.664697
0.664137
0.660102
0.65342
0.645269
0.636899
0.629395
0.623566
0.619894
0.618686
0.620254
0.624877
0.632723
0.643623
0.656855
0.67114
0.684845
0.696255
0.703876
0.706785
0.704711
0.698307
0.688959
0.67855
0.669166
0.662566
0.65962
0.660124
0.662744
0.665593
0.666694
0.664587
0.658681
0.649366
0.63777
0.62555
0.61459
0.606643
0.603024
0.604436
0.610861
0.621662
0.63581
0.652123
0.669401
0.686482
0.702121
0.715019
0.723769
0.727065
0.723988
0.714373
0.698887
0.679059
0.657037
0.635207
0.615984
0.601643
0.594051
0.594236
0.601992
0.615813
0.633403
0.652203
0.669935
0.684836
0.695693
0.701852
0.703185
0.700013
0.693145
0.683784
0.673282
0.662939
0.653827
0.646539
0.64112
0.637156
0.633876
0.630516
0.626504
0.621892
0.617425
0.61448
0.614408
0.61785
0.624534
0.633426
0.643178
0.652585
0.660814
0.667448
0.672314
0.675435
0.676947
0.677246
0.676886
0.67651
0.676783
0.678223
0.681153
0.685582
0.691197
0.697342
0.703161
0.7078
0.710656
0.711367
0.70976
0.705729
0.699162
0.690176
0.679102
0.666567
0.653431
0.640616
0.629015
0.619239
0.611518
0.605754
0.601712
0.599207
0.598307
0.599382
0.602956
0.609375
0.618579
0.629926
0.642244
0.654136
0.664317
0.671932
0.676792
0.679427
0.680836
0.682042
0.683764
0.686132
0.688622
0.690421
0.690679
0.688822
0.68453
0.677777
0.668867
0.658504
0.647736
0.637921
0.630461
0.626431
0.626174
0.629275
0.634721
0.641015
0.646434
0.649337
0.648564
0.643817
0.635863
0.626407
0.617667
0.611879
0.610814
0.615293
0.625096
0.639084
0.65566
0.673197
0.690228
0.705515
0.718129
0.727396
0.732909
0.734434
0.731921
0.725477
0.715371
0.702253
0.687144
0.671623
0.657476
0.646155
0.638312
0.633808
0.632106
0.632701
0.635378
0.640086
0.64672
0.654792
0.663609
0.672465
0.680689
0.687835
0.693509
0.697387
0.699062
0.698227
0.694706
0.688538
0.67993
0.669208
0.656846
0.643534
0.630456
0.619304
0.611926
0.60973
0.613042
0.620847
0.631087
0.641266
0.649089
0.652864
0.651844
0.646184
0.636935
0.625819
0.614954
0.606444
0.602003
0.602708
0.608855
0.61999
0.634842
0.651549
0.667877
0.681589
0.690962
0.695131
0.694161
0.689057
0.68137
0.67291
0.665352
0.659876
0.657076
0.656852
0.658444
0.660811
0.662792
0.663494
0.662592
0.660403
0.657681
0.6552
0.65349
0.652594
0.652046
0.651284
0.649813
0.64739
0.644006
0.639802
0.634863
0.629222
0.622847
0.615827
0.608635
0.602113
0.597528
0.596266
0.599547
0.607862
0.620641
0.636266
0.652426
0.666895
0.678078
0.685344
0.688991
0.690039
0.689729
0.689279
0.689628
0.691345
0.694714
0.69989
0.70688
0.715418
0.724773
0.733676
0.740468
0.743437
0.741264
0.733274
0.719743
0.701753
0.681011
0.659447
0.638865
0.620717
0.606079
0.595682
0.58991
0.588924
0.592553
0.600245
0.611041
0.623714
0.63683
0.649058
0.659491
0.66762
0.673447
0.677232
0.679466
0.680571
0.680947
0.680824
0.680326
0.679539
0.678508
0.677177
0.67545
0.673117
0.669863
0.665318
0.659307
0.651985
0.643924
0.636052
0.629364
0.624755
0.622803
0.623721
0.627238
0.632627
0.638846
0.644813
0.649596
0.652548
0.653292
0.651928
0.648838
0.644761
0.640603
0.637249
0.635406
0.635469
0.637513
0.641316
0.646399
0.652076
0.657395
0.661315
0.663
0.662159
0.659352
0.656213
0.655101
0.65838
0.667595
0.682753
0.702399
0.724026
0.744688
0.761606
0.772671
0.776583
0.772994
0.762307
0.745795
0.725233
0.702719
0.680267
0.659591
0.641817
0.627409
0.616167
0.607238
0.599563
0.592398
0.849574
0.832525
0.811744
0.791572
0.7761
0.768135
0.768493
0.77577
0.787048
0.798786
0.80783
0.812081
0.810779
0.804584
0.795347
0.785551
0.777691
0.773679
0.77437
0.779278
0.786815
0.794806
0.801187
0.804761
0.805649
0.804725
0.802929
0.800723
0.798107
0.794997
0.791602
0.788484
0.786302
0.78557
0.786363
0.78812
0.790048
0.791495
0.792295
0.792801
0.79356
0.794796
0.796083
0.796509
0.795122
0.791565
0.786614
0.782285
0.781197
0.785348
0.795173
0.809314
0.825458
0.841081
0.854072
0.863086
0.867642
0.868019
0.865106
0.860107
0.854149
0.848047
0.842485
0.838011
0.8349
0.832862
0.830727
0.826768
0.819264
0.80694
0.78953
0.767908
0.743985
0.720186
0.698907
0.682479
0.673073
0.672545
0.681977
0.701244
0.728811
0.762167
0.798089
0.833117
0.863973
0.887873
0.903008
0.908753
0.905801
0.896032
0.882364
0.867957
0.855261
0.845366
0.838094
0.83261
0.828208
0.824545
0.821772
0.820217
0.820186
0.821906
0.82538
0.830175
0.835515
0.840038
0.842078
0.839869
0.832065
0.818393
0.800081
0.779759
0.760732
0.745568
0.735295
0.729433
0.726883
0.726783
0.72874
0.732745
0.73884
0.746869
0.756353
0.766625
0.777003
0.787037
0.79655
0.805573
0.813979
0.821393
0.827076
0.83017
0.830026
0.826472
0.820122
0.812551
0.806044
0.802584
0.802834
0.805945
0.810544
0.815614
0.820553
0.824922
0.828165
0.829628
0.82869
0.825015
0.818864
0.811371
0.804344
0.799838
0.799313
0.803041
0.80992
0.817847
0.824436
0.827694
0.826532
0.820899
0.811654
0.800244
0.788179
0.776616
0.766364
0.758115
0.753046
0.752578
0.757671
0.768012
0.782254
0.798807
0.816422
0.834044
0.850618
0.864911
0.875661
0.881789
0.882716
0.878151
0.868055
0.852428
0.83154
0.806459
0.779184
0.752436
0.729276
0.712478
0.704037
0.704827
0.714627
0.732336
0.756284
0.784405
0.81409
0.842447
0.866439
0.883351
0.89129
0.889351
0.87782
0.858083
0.832833
0.805961
0.781887
0.764162
0.754331
0.752036
0.755954
0.76457
0.776273
0.789466
0.802447
0.813511
0.821116
0.824196
0.82232
0.815795
0.805759
0.793737
0.781306
0.769689
0.759751
0.752099
0.747373
0.746175
0.749088
0.756312
0.767267
0.780587
0.794291
0.806317
0.81488
0.818871
0.818054
0.813142
0.805706
0.797875
0.791969
0.789871
0.792382
0.798806
0.807112
0.814429
0.818158
0.816714
0.809903
0.798926
0.78587
0.773146
0.762964
0.756837
0.755574
0.759272
0.76736
0.778779
0.791949
0.804898
0.815628
0.822546
0.82476
0.822629
0.817782
0.812778
0.810189
0.81151
0.816654
0.824179
0.832146
0.838958
0.843703
0.845963
0.845637
0.842807
0.837681
0.830587
0.821916
0.812239
0.802263
0.792697
0.784135
0.777013
0.771521
0.767568
0.764727
0.762261
0.759388
0.755471
0.750197
0.743615
0.736092
0.728395
0.721909
0.718587
0.72059
0.729563
0.745628
0.76679
0.789333
0.809013
0.82256
0.828655
0.828036
0.823029
0.816606
0.811553
0.809722
0.811718
0.817006
0.824436
0.832644
0.840435
0.846968
0.851784
0.854664
0.855667
0.854903
0.852555
0.848874
0.843988
0.838028
0.831099
0.823399
0.815146
0.806463
0.797361
0.787602
0.776837
0.764894
0.751945
0.738821
0.727335
0.72001
0.719344
0.726603
0.741067
0.760281
0.781349
0.801911
0.820594
0.836666
0.849596
0.858775
0.863476
0.863017
0.85696
0.845101
0.827843
0.80631
0.782757
0.760483
0.743229
0.733927
0.733811
0.742101
0.756637
0.774643
0.793575
0.811538
0.827341
0.840362
0.850187
0.856508
0.858859
0.856743
0.849829
0.838376
0.823599
0.807675
0.793199
0.782617
0.777401
0.777591
0.782057
0.789125
0.797347
0.805749
0.813799
0.821029
0.826777
0.830281
0.830988
0.828848
0.824581
0.819494
0.815012
0.812122
0.811111
0.811456
0.812198
0.812283
0.810899
0.807809
0.803388
0.798551
0.794326
0.791363
0.789578
0.78811
0.7858
0.781982
0.776802
0.77119
0.766439
0.763618
0.763415
0.766122
0.771773
0.780121
0.790255
0.800786
0.810253
0.817565
0.822147
0.823739
0.822184
0.817653
0.810798
0.802773
0.794975
0.788777
0.785233
0.784896
0.787657
0.792747
0.798882
0.804436
0.807961
0.808577
0.806321
0.802145
0.797647
0.79468
0.794795
0.79862
0.805718
0.81475
0.82401
0.83178
0.836779
0.838289
0.836243
0.831015
0.823468
0.814756
0.80611
0.7988
0.793918
0.792077
0.79325
0.796733
0.801306
0.805517
0.80789
0.807266
0.803321
0.79669
0.788875
0.781533
0.77591
0.7726
0.771687
0.772959
0.776078
0.780593
0.785899
0.791392
0.796645
0.801469
0.805946
0.810041
0.813462
0.815855
0.81726
0.818825
0.822443
0.829297
0.838682
0.848444
0.856549
0.862056
0.865027
0.865994
0.865334
0.862997
0.85869
0.852038
0.842819
0.831014
0.816782
0.800306
0.781685
0.761152
0.739389
0.717602
0.6974
0.680519
0.668577
0.662763
0.663751
0.671525
0.685387
0.704039
0.72568
0.748173
0.769449
0.787788
0.802229
0.812704
0.819994
0.825469
0.830584
0.836375
0.843075
0.850163
0.856705
0.861584
0.863906
0.863074
0.858861
0.851509
0.841764
0.830803
0.820341
0.812555
0.809684
0.813318
0.823556
0.838618
0.855307
0.86996
0.879486
0.881943
0.876531
0.863553
0.844206
0.820395
0.794646
0.769889
0.749004
0.734348
0.727185
0.727417
0.733763
0.744038
0.755563
0.765801
0.772913
0.7762
0.7764
0.775618
0.776802
0.782865
0.795554
0.814519
0.837376
0.860671
0.881096
0.89641
0.905744
0.909274
0.907485
0.90079
0.889566
0.874425
0.856492
0.837365
0.818548
0.800999
0.784977
0.770071
0.755569
0.740714
0.725232
0.709666
0.695513
0.684867
0.679787
0.681399
0.689464
0.702305
0.717455
0.732537
0.746014
0.757669
0.768251
0.778832
0.789969
0.801276
0.811599
0.819524
0.82398
0.824436
0.82093
0.814015
0.804633
0.793861
0.783006
0.77353
0.767143
0.765549
0.769862
0.779959
0.794307
0.810181
0.824439
0.834432
0.838488
0.836251
0.828553
0.817143
0.804188
0.791724
0.781264
0.773617
0.769199
0.768263
0.771032
0.777518
0.787218
0.799166
0.812111
0.824822
0.836306
0.845793
0.852836
0.857261
0.859093
0.858295
0.854634
0.847701
0.837127
0.823199
0.807272
0.791527
0.778404
0.769831
0.766573
0.768135
0.773158
0.780054
0.787578
0.795002
0.802007
0.808436
0.814101
0.818739
0.822015
0.823603
0.823252
0.820952
0.816781
0.810971
0.804041
0.796833
0.790448
0.785904
0.783637
0.783314
0.783695
0.783234
0.780648
0.775244
0.766984
0.756566
0.74523
0.734708
0.72694
0.723575
0.725239
0.731217
0.739734
0.748548
0.755939
0.761347
0.76545
0.769946
0.776852
0.7881
0.804982
0.827547
0.854624
0.883994
0.912807
0.938016
0.956989
0.967738
0.969093
0.960878
0.944077
0.921055
0.895332
0.870713
0.85047
0.836539
0.829095
0.826582
0.826352
0.825563
0.821991
0.81441
0.802565
0.786926
0.768573
0.748962
0.729958
0.713446
0.700951
0.693249
0.690221
0.690993
0.694416
0.699502
0.705629
0.712508
0.720263
0.729124
0.739328
0.751006
0.764271
0.779318
0.796371
0.815477
0.836122
0.857145
0.876656
0.892474
0.902527
0.905275
0.899809
0.885908
0.863958
0.835103
0.801226
0.765062
0.729668
0.698043
0.67277
0.655916
0.648649
0.650749
0.660522
0.675733
0.694635
0.716595
0.741574
0.769196
0.798374
0.827243
0.853456
0.87464
0.88894
0.895407
0.89418
0.886545
0.874691
0.861252
0.848751
0.839207
0.833752
0.832614
0.835055
0.83954
0.844321
0.847931
0.849409
0.848192
0.84426
0.838052
0.830587
0.823158
0.817016
0.812855
0.810526
0.808954
0.806558
0.801825
0.793829
0.782781
0.770211
0.758679
0.750903
0.748512
0.751369
0.757834
0.765609
0.772562
0.777057
0.778242
0.776365
0.773147
0.771474
0.774181
0.78235
0.794478
0.807222
0.817096
0.822031
0.822074
0.819105
0.815668
0.813792
0.81426
0.816945
0.821471
0.827381
0.834106
0.840774
0.846218
0.849475
0.85038
0.849719
0.848675
0.848063
0.847707
0.846784
0.844398
0.839905
0.832955
0.823513
0.81191
0.798921
0.785739
0.773745
0.764157
0.757697
0.754409
0.753756
0.754876
0.756767
0.758406
0.759006
0.758214
0.756265
0.754062
0.752877
0.753897
0.757962
0.765253
0.775179
0.786406
0.797163
0.805746
0.810938
0.812171
0.809721
0.804329
0.796928
0.788456
0.779908
0.772228
0.766402
0.763259
0.763215
0.766203
0.771517
0.77811
0.784941
0.791164
0.796391
0.800941
0.805703
0.811744
0.819586
0.828512
0.836674
0.841626
0.841442
0.835574
0.825356
0.813784
0.804229
0.798779
0.79742
0.798744
0.801188
0.803949
0.80698
0.810539
0.814701
0.81908
0.822824
0.824807
0.824132
0.820229
0.813075
0.802923
0.790123
0.775134
0.758784
0.74235
0.727733
0.717322
0.71352
0.717883
0.730614
0.750246
0.773957
0.798396
0.820596
0.838647
0.851782
0.860144
0.864083
0.863841
0.859333
0.850618
0.838251
0.823475
0.808177
0.794485
0.784215
0.778212
0.776336
0.778019
0.7828
0.790671
0.801625
0.815039
0.829288
0.842196
0.85185
0.857074
0.857494
0.853138
0.844231
0.831019
0.813884
0.793482
0.770881
0.747596
0.725612
0.707522
0.696256
0.69448
0.703645
0.723264
0.750812
0.782245
0.812997
0.838879
0.856721
0.864718
0.862546
0.85144
0.833761
0.8125
0.790709
0.770928
0.75492
0.743595
0.737182
0.735393
0.737737
0.743669
0.752622
0.76387
0.776479
0.789301
0.801042
0.810492
0.816739
0.819282
0.818231
0.814301
0.808788
0.803167
0.79866
0.79587
0.794733
0.794726
0.795297
0.796295
0.798058
0.801329
0.80665
0.813964
0.822512
0.831332
0.839836
0.847927
0.855677
0.86272
0.86799
0.870004
0.867281
0.859067
0.845739
0.82895
0.811161
0.79482
0.781652
0.772539
0.767741
0.767182
0.770418
0.776654
0.784783
0.793677
0.802238
0.859164
0.846545
0.813952
0.780688
0.789969
0.838217
0.886876
0.929952
0.979225
1.02013
1.03152
1.01159
0.97532
0.939432
0.907727
0.881243
0.870333
0.879635
0.898219
0.912136
0.913365
0.899099
0.87251
0.843952
0.824676
0.817112
0.815507
0.813466
0.807901
0.798766
0.787708
0.776594
0.76639
0.756547
0.745593
0.732199
0.716145
0.698743
0.6825
0.670395
0.664993
0.667857
0.679223
0.69803
0.722058
0.748382
0.773915
0.796174
0.813927
0.827838
0.840312
0.854359
0.871608
0.891416
0.911755
0.930514
0.946368
0.958853
0.967982
0.97373
0.975759
0.973536
0.966518
0.9546
0.938323
0.918846
0.89797
0.877954
0.861123
0.849066
0.842254
0.839753
0.839643
0.839552
0.837238
0.831113
0.820595
0.806108
0.788879
0.770709
0.75363
0.739615
0.73036
0.727086
0.730279
0.739636
0.754271
0.77283
0.7936
0.814681
0.834123
0.850253
0.862035
0.86922
0.872411
0.872728
0.871446
0.86953
0.867441
0.865135
0.862314
0.858654
0.85415
0.849158
0.844329
0.840282
0.837425
0.835618
0.83411
0.831682
0.827313
0.820658
0.812382
0.803814
0.796334
0.790736
0.787153
0.785243
0.784591
0.784875
0.7862
0.789379
0.796012
0.807644
0.824322
0.844102
0.863913
0.881132
0.894318
0.90331
0.908693
0.911147
0.910618
0.906308
0.897155
0.882814
0.864267
0.843861
0.824892
0.811113
0.805953
0.811539
0.827697
0.851624
0.878828
0.904407
0.924473
0.936429
0.939213
0.932947
0.918751
0.89853
0.874512
0.848936
0.82383
0.800748
0.780927
0.765329
0.754745
0.749498
0.749438
0.753974
0.762015
0.772191
0.783103
0.793525
0.802656
0.810264
0.816561
0.822161
0.827683
0.833465
0.839343
0.844717
0.848984
0.852027
0.85454
0.857728
0.862616
0.869184
0.876154
0.881588
0.883773
0.881968
0.876702
0.869384
0.861558
0.853979
0.846273
0.837494
0.826873
0.814386
0.801094
0.789046
0.78034
0.775853
0.77478
0.775505
0.777048
0.779446
0.783483
0.790086
0.800148
0.814265
0.83241
0.85358
0.875817
0.896864
0.914893
0.928865
0.938397
0.943274
0.942918
0.936559
0.923975
0.905999
0.884792
0.863303
0.844409
0.830199
0.82149
0.818058
0.81891
0.822496
0.827175
0.831452
0.834405
0.835753
0.835455
0.833319
0.828732
0.820815
0.809148
0.794322
0.778029
0.762793
0.751194
0.745055
0.745029
0.75044
0.759567
0.770253
0.78052
0.78905
0.79538
0.799885
0.803475
0.807221
0.811867
0.817609
0.824091
0.830777
0.837211
0.843274
0.848912
0.853878
0.857709
0.860141
0.861484
0.862864
0.865752
0.871264
0.879534
0.889536
0.899257
0.906243
0.908475
0.90498
0.896033
0.8832
0.868826
0.855525
0.845406
0.839555
0.83766
0.83836
0.839853
0.840791
0.84053
0.838968
0.836229
0.832368
0.8275
0.821944
0.816425
0.811752
0.808415
0.806118
0.803736
0.799857
0.793428
0.784151
0.772633
0.760281
0.748929
0.740456
0.736614
0.738593
0.746895
0.761308
0.780914
0.804052
0.828518
0.852154
0.873258
0.89101
0.90515
0.915624
0.922144
0.924364
0.922254
0.916254
0.907089
0.895503
0.881975
0.866589
0.84922
0.829937
0.809418
0.789362
0.772455
0.761638
0.758675
0.763166
0.773245
0.786843
0.802181
0.817499
0.830802
0.840007
0.843688
0.841432
0.833676
0.821532
0.806514
0.790396
0.775247
0.763237
0.756526
0.756778
0.764806
0.780348
0.801943
0.827178
0.853167
0.877108
0.896639
0.910384
0.917945
0.9197
0.916554
0.909484
0.899329
0.886756
0.872288
0.856522
0.840216
0.824243
0.809602
0.797442
0.789156
0.785879
0.787935
0.794875
0.805689
0.819213
0.834111
0.848668
0.861294
0.870878
0.877042
0.880048
0.880593
0.879278
0.876406
0.87196
0.865681
0.857318
0.84701
0.835613
0.824621
0.815986
0.811549
0.812465
0.818884
0.82971
0.842842
0.855553
0.865215
0.869856
0.868575
0.861732
0.850678
0.837436
0.824185
0.812854
0.804868
0.801227
0.802628
0.809617
0.822262
0.839594
0.859411
0.878636
0.894375
0.904654
0.908854
0.907459
0.901533
0.892215
0.880559
0.867395
0.853308
0.83873
0.823975
0.80963
0.796596
0.786043
0.779078
0.776362
0.777575
0.781354
0.78562
0.788153
0.78716
0.781786
0.772294
0.760089
0.747318
0.736365
0.729412
0.728031
0.732964
0.744113
0.760714
0.781643
0.805598
0.831142
0.856663
0.880263
0.900033
0.914472
0.923175
0.926868
0.927089
0.925514
0.92347
0.921438
0.919177
0.915926
0.910828
0.903107
0.892365
0.878866
0.863398
0.847249
0.832004
0.819377
0.810802
0.806997
0.80755
0.811025
0.815284
0.818115
0.817899
0.813829
0.806087
0.795795
0.784789
0.775603
0.770854
0.772377
0.779952
0.791144
0.80251
0.811403
0.816938
0.819884
0.821787
0.824351
0.829113
0.836984
0.84782
0.860154
0.871638
0.879964
0.883765
0.882829
0.877832
0.869836
0.859785
0.848639
0.837748
0.829071
0.824637
0.825469
0.830644
0.837655
0.843801
0.847129
0.846854
0.843131
0.836736
0.828515
0.819261
0.809597
0.800101
0.79155
0.784909
0.781156
0.781071
0.784834
0.792039
0.80175
0.81291
0.824471
0.835525
0.845196
0.852534
0.856757
0.857643
0.855917
0.853187
0.851497
0.852359
0.856275
0.862675
0.870388
0.878291
0.885509
0.89121
0.894123
0.892911
0.886598
0.875273
0.860245
0.843737
0.828164
0.81521
0.805267
0.797964
0.793151
0.791556
0.7945
0.803018
0.817302
0.836226
0.85762
0.878944
0.897915
0.913038
0.923561
0.929266
0.930002
0.925665
0.916109
0.901374
0.881828
0.858148
0.831396
0.803059
0.775246
0.750562
0.732037
0.722417
0.723489
0.735148
0.755204
0.779874
0.804948
0.826794
0.842928
0.852085
0.854192
0.850295
0.842356
0.832896
0.824339
0.81863
0.81672
0.818518
0.823048
0.828537
0.832766
0.833533
0.829045
0.818499
0.80258
0.783971
0.767247
0.757424
0.757565
0.767264
0.783445
0.802272
0.820819
0.837514
0.852022
0.864689
0.876
0.88585
0.893144
0.895785
0.891638
0.879647
0.860718
0.837803
0.815026
0.79599
0.78261
0.775381
0.774277
0.779055
0.788843
0.802115
0.817007
0.831824
0.845441
0.857342
0.867509
0.876496
0.885299
0.895013
0.906281
0.9189
0.931652
0.94259
0.949633
0.951095
0.94617
0.935217
0.919465
0.900642
0.880634
0.861346
0.844394
0.830833
0.820966
0.814293
0.809815
0.806404
0.802977
0.798875
0.793953
0.788747
0.784414
0.782349
0.783678
0.788738
0.796774
0.806251
0.815335
0.822376
0.826476
0.827577
0.826469
0.824427
0.822898
0.823023
0.825274
0.829326
0.834329
0.839249
0.843151
0.845254
0.844975
0.842038
0.836589
0.829261
0.820882
0.81205
0.802769
0.792526
0.780623
0.76703
0.752786
0.74004
0.7316
0.73019
0.737627
0.754082
0.777835
0.805849
0.834739
0.861795
0.88554
0.905391
0.921192
0.932757
0.939684
0.941651
0.938705
0.931541
0.921466
0.910034
0.898487
0.887395
0.876773
0.866246
0.855449
0.844406
0.833564
0.823829
0.81646
0.812832
0.813993
0.820386
0.831503
0.845911
0.86163
0.876512
0.88872
0.896818
0.899702
0.896559
0.886894
0.870825
0.849089
0.823409
0.796425
0.771459
0.751832
0.739897
0.736475
0.740944
0.751715
0.766858
0.784579
0.803108
0.820575
0.835119
0.84525
0.850438
0.851469
0.850156
0.848734
0.848959
0.85173
0.856795
0.862958
0.86833
0.870755
0.868438
0.860363
0.846797
0.829254
0.810055
0.791696
0.776181
0.764926
0.758842
0.758312
0.763
0.771831
0.783131
0.794926
0.805391
0.813121
0.817655
0.819714
0.821081
0.824131
0.830735
0.841405
0.855034
0.869123
0.880801
0.887776
0.889112
0.885491
0.878852
0.871724
0.866224
0.863408
0.863073
0.864186
0.865493
0.86593
0.864901
0.862289
0.85849
0.854226
0.850333
0.84739
0.845367
0.843547
0.840797
0.836305
0.830159
0.823571
0.818307
0.815469
0.814444
0.813251
0.809895
0.80362
0.795347
0.787317
0.78235
0.783127
0.791348
0.806999
0.828416
0.852802
0.876806
0.897159
0.911161
0.916859
0.91343
0.901422
0.882775
0.860429
0.837817
0.817997
0.803202
0.794274
0.79065
0.790898
0.793325
0.796766
0.800664
0.804881
0.809487
0.814286
0.8187
0.821813
0.82262
0.820464
0.815444
0.808552
0.801578
0.796876
0.79657
0.802068
0.813479
0.829463
0.847647
0.865405
0.880309
0.890502
0.894853
0.89291
0.884884
0.871696
0.85506
0.837318
0.82107
0.808844
0.802458
0.802554
0.808416
0.818127
0.82912
0.838963
0.845948
0.849343
0.849388
0.847184
0.844455
0.842971
0.843705
0.846294
0.849523
0.852254
0.854027
0.854967
0.85548
0.85581
0.855708
0.854458
0.851113
0.844608
0.834231
0.820049
0.803246
0.786239
0.772121
0.763504
0.761476
0.7654
0.773562
0.783982
0.794952
0.805125
0.813387
0.818882
0.821245
0.820873
0.81894
0.817146
0.817172
0.820014
0.825777
0.833692
0.842452
0.850605
0.856985
0.861134
0.863299
0.864109
0.86428
0.864264
0.863981
0.862952
0.860509
0.855939
0.848787
0.839086
0.827491
0.815165
0.803825
0.795379
0.791436
0.792885
0.799584
0.810362
0.823323
0.836062
0.845909
0.85035
0.847806
0.838455
0.824431
0.808856
0.794619
0.783656
0.777052
0.775364
0.778677
0.786633
0.798383
0.812873
0.829095
0.84619
0.863313
0.87938
0.892928
0.90241
0.906707
0.905418
0.899078
0.888998
0.876946
0.86469
0.853672
0.844555
0.837312
0.831337
0.825847
0.820324
0.814692
0.809149
0.804274
0.800776
0.79929
0.800147
0.803126
0.807396
0.811629
0.814402
0.814698
0.812088
0.806645
0.798723
0.78891
0.778052
0.767301
0.758078
0.751882
0.749912
0.752954
0.76124
0.774417
0.791459
0.810752
0.830229
0.847805
0.861822
0.871438
0.876787
0.878814
0.878783
0.8777
0.876043
0.873789
0.870782
0.867012
0.862709
0.858288
0.854219
0.850931
0.848605
0.847118
0.846126
0.844988
0.842918
0.839111
0.832844
0.823803
0.812539
0.848444
0.836834
0.827623
0.822584
0.822475
0.826872
0.834398
0.843223
0.851757
0.859055
0.864882
0.869484
0.873297
0.876777
0.880424
0.884686
0.889627
0.894689
0.898687
0.900185
0.898016
0.891902
0.882709
0.872193
0.862653
0.856334
0.854857
0.858791
0.867565
0.879389
0.891735
0.901794
0.907258
0.906846
0.90073
0.890571
0.87903
0.868747
0.861215
0.856264
0.852513
0.848252
0.842302
0.834469
0.825378
0.816198
0.808446
0.803686
0.803131
0.807322
0.8158
0.827042
0.838907
0.849072
0.855534
0.857095
0.853628
0.845983
0.8355
0.823684
0.81196
0.80165
0.793922
0.789782
0.789939
0.794584
0.803357
0.815416
0.829736
0.845371
0.861629
0.877995
0.894013
0.909129
0.92253
0.933049
0.93931
0.940027
0.934336
0.922151
0.904266
0.882435
0.859189
0.837369
0.819383
0.80653
0.799046
0.796654
0.799281
0.80705
0.819708
0.835938
0.853627
0.870716
0.885767
0.898022
0.907029
0.912388
0.913708
0.910789
0.903689
0.892744
0.878462
0.861662
0.843494
0.825535
0.809516
0.796987
0.789045
0.786293
0.788851
0.796329
0.807743
0.82177
0.836898
0.851698
0.864868
0.875233
0.882004
0.884899
0.884187
0.880726
0.875629
0.87008
0.864932
0.860572
0.856917
0.853733
0.85083
0.848362
0.846864
0.846868
0.848448
0.850864
0.85282
0.853163
0.851266
0.847528
0.843435
0.840949
0.841874
0.847189
0.856826
0.86989
0.88499
0.900497
0.914772
0.926222
0.933551
0.935859
0.932803
0.924732
0.912561
0.897689
0.881833
0.866708
0.853621
0.843227
0.835515
0.830171
0.826985
0.825826
0.826651
0.829357
0.833738
0.839501
0.846385
0.854199
0.862776
0.871878
0.881195
0.890309
0.89868
0.905716
0.910821
0.913417
0.913085
0.90982
0.904199
0.897247
0.890111
0.883592
0.877776
0.872259
0.866387
0.859515
0.851235
0.841376
0.830157
0.818219
0.806557
0.796216
0.788091
0.782802
0.780792
0.782498
0.788312
0.798394
0.812075
0.827782
0.843484
0.857257
0.868072
0.875828
0.880939
0.883732
0.884197
0.882112
0.877332
0.869987
0.860779
0.850887
0.841891
0.835455
0.832795
0.834526
0.840573
0.850516
0.863804
0.879965
0.898365
0.917975
0.937261
0.954441
0.967838
0.976008
0.977993
0.973447
0.962682
0.94666
0.926817
0.904737
0.881889
0.859485
0.838433
0.819599
0.80405
0.793255
0.788998
0.793008
0.805988
0.826629
0.851549
0.876289
0.896701
0.910008
0.915073
0.912173
0.902576
0.888261
0.871584
0.854975
0.840363
0.828843
0.820728
0.815967
0.814438
0.816165
0.82119
0.829427
0.84051
0.853497
0.866989
0.879387
0.889311
0.895916
0.89901
0.898702
0.895229
0.88883
0.879907
0.869123
0.857046
0.84388
0.829742
0.8154
0.80255
0.793561
0.790591
0.794685
0.805689
0.82245
0.843217
0.865935
0.888457
0.908702
0.924776
0.935179
0.938747
0.934736
0.923109
0.904781
0.881812
0.857078
0.833727
0.814443
0.800918
0.79363
0.792039
0.795059
0.801497
0.810471
0.821425
0.83385
0.847091
0.860187
0.871971
0.881321
0.887476
0.890315
0.890039
0.886935
0.881175
0.872797
0.861646
0.847616
0.830899
0.812664
0.795273
0.782348
0.777943
0.785069
0.804411
0.83377
0.868599
0.903581
0.934096
0.957138
0.971458
0.977167
0.975637
0.969
0.959707
0.949838
0.940375
0.931191
0.921527
0.910787
0.898935
0.886526
0.874395
0.863138
0.852758
0.842685
0.832399
0.821865
0.811919
0.804121
0.800375
0.802036
0.809281
0.820633
0.833368
0.844525
0.851936
0.854875
0.854213
0.851836
0.849811
0.849601
0.851684
0.855706
0.860956
0.866475
0.871391
0.874932
0.876544
0.875802
0.872396
0.866196
0.857374
0.846639
0.835303
0.825178
0.818177
0.816086
0.820259
0.831326
0.848834
0.870949
0.894554
0.915826
0.931158
0.93824
0.936559
0.927507
0.913793
0.898372
0.883414
0.869815
0.857833
0.847938
0.841452
0.840047
0.844666
0.854624
0.867561
0.880254
0.889805
0.894571
0.894642
0.891523
0.887504
0.884661
0.88413
0.885914
0.889121
0.892185
0.893429
0.89128
0.884633
0.873129
0.857186
0.837974
0.817272
0.797125
0.779384
0.765283
0.755332
0.749533
0.747902
0.750762
0.758611
0.771827
0.790279
0.813222
0.839258
0.866622
0.893279
0.917247
0.936928
0.951341
0.959988
0.962595
0.959122
0.949946
0.936136
0.919535
0.902315
0.886444
0.873255
0.863382
0.856737
0.852661
0.850136
0.847954
0.845282
0.842211
0.839826
0.839785
0.843378
0.850698
0.86029
0.869658
0.876144
0.877621
0.872966
0.86237
0.847369
0.830709
0.81579
0.805739
0.802426
0.805934
0.814713
0.826217
0.837962
0.848235
0.856521
0.863512
0.870739
0.879639
0.890503
0.902128
0.912102
0.917865
0.917803
0.91185
0.90129
0.888436
0.876037
0.8667
0.862252
0.863228
0.868765
0.876932
0.885316
0.891841
0.895224
0.895189
0.89222
0.887037
0.880044
0.871301
0.860785
0.849188
0.838097
0.829575
0.825378
0.826071
0.830639
0.836964
0.842651
0.845799
0.845334
0.841155
0.834022
0.825384
0.816919
0.810258
0.806647
0.806951
0.811724
0.821241
0.8352
0.85243
0.870847
0.887877
0.901054
0.908333
0.908319
0.900294
0.884453
0.862052
0.835826
0.809687
0.787594
0.772224
0.764782
0.765611
0.77445
0.79043
0.811602
0.83514
0.857856
0.876894
0.890125
0.896622
0.896659
0.891774
0.884366
0.877068
0.872112
0.870732
0.872984
0.877948
0.884244
0.890867
0.897565
0.90472
0.912773
0.92188
0.931647
0.941233
0.949373
0.954565
0.955292
0.950388
0.939289
0.922073
0.899431
0.872435
0.84254
0.811745
0.782921
0.76001
0.747261
0.747383
0.759616
0.780033
0.803605
0.826133
0.845036
0.859184
0.868561
0.873831
0.875901
0.875589
0.873247
0.868782
0.861852
0.852274
0.840373
0.827016
0.813531
0.801489
0.792474
0.78797
0.789172
0.796758
0.810662
0.829788
0.852065
0.874811
0.895059
0.910414
0.919363
0.921329
0.916654
0.906508
0.892805
0.878112
0.865317
0.856945
0.854361
0.857384
0.86444
0.873421
0.882439
0.890139
0.895788
0.899082
0.899958
0.898449
0.894732
0.88895
0.881268
0.871898
0.861001
0.848695
0.835103
0.820813
0.807149
0.796002
0.789205
0.787858
0.792015
0.80073
0.812486
0.825552
0.838265
0.849562
0.859205
0.867627
0.875565
0.883197
0.889891
0.894509
0.896285
0.895523
0.893627
0.892461
0.893379
0.896683
0.901422
0.905948
0.908516
0.907997
0.904042
0.897156
0.88851
0.879665
0.87217
0.867197
0.865102
0.865237
0.866145
0.866287
0.865034
0.862867
0.860817
0.859302
0.857766
0.854983
0.849692
0.841184
0.829408
0.815377
0.801372
0.790848
0.787228
0.792132
0.80436
0.820698
0.837601
0.85237
0.863613
0.870988
0.874906
0.87601
0.874855
0.871667
0.866469
0.859573
0.852102
0.845871
0.842662
0.843374
0.847739
0.854872
0.863584
0.872499
0.880258
0.885711
0.888132
0.887238
0.883214
0.876864
0.869244
0.861342
0.853675
0.846412
0.839694
0.834191
0.831026
0.830884
0.833052
0.835581
0.83655
0.8353
0.832655
0.830304
0.829801
0.832124
0.837434
0.84519
0.854328
0.863637
0.872262
0.879951
0.887122
0.89429
0.901582
0.90843
0.91388
0.916983
0.917246
0.914744
0.909948
0.903446
0.895476
0.885916
0.874404
0.860806
0.845793
0.831056
0.818983
0.811574
0.809386
0.811366
0.815694
0.820726
0.825476
0.829464
0.832424
0.834286
0.835299
0.836131
0.837765
0.841059
0.84631
0.853155
0.860886
0.868786
0.87636
0.883316
0.889262
0.893876
0.89715
0.899637
0.902576
0.907156
0.913455
0.920124
0.924919
0.925951
0.922506
0.915206
0.905558
0.895112
0.884786
0.874594
0.864025
0.852631
0.840188
0.826988
0.813775
0.801597
0.791649
0.785098
0.783089
0.786637
0.796285
0.811598
0.830858
0.851264
0.869863
0.884445
0.893997
0.898604
0.89905
0.896282
0.891101
0.884096
0.875717
0.866399
0.856478
0.846379
0.836682
0.828175
0.821831
0.818439
0.818498
0.821955
0.828087
0.835563
0.842572
0.847248
0.848265
0.84527
0.839162
0.831711
0.824909
0.820538
0.819932
0.823765
0.831996
0.843732
0.857407
0.871406
0.88464
0.896744
0.907851
0.918214
0.927626
0.935086
0.939003
0.937749
0.930298
0.917011
0.899738
0.881532
0.865808
0.855026
0.850009
0.849775
0.852132
0.854868
0.856546
0.856485
0.854482
0.850437
0.844156
0.835364
0.824113
0.811174
0.798654
0.790198
0.790303
0.802089
0.825087
0.855299
0.887515
0.91749
0.942535
0.961079
0.97199
0.974425
0.967962
0.952872
0.930435
0.902835
0.873039
0.8444
0.820191
0.803103
0.79476
0.795508
0.804142
0.818143
0.834124
0.848574
0.858756
0.863455
0.863055
0.859252
0.854206
0.849704
0.846767
0.845749
0.846332
0.847415
0.847431
0.845159
0.840585
0.834948
0.83029
0.828446
0.830301
0.835651
0.843599
0.853132
0.86331
0.873341
0.882411
0.889627
0.894181
0.895504
0.893626
0.889174
0.883182
0.876732
0.870748
0.866018
0.863248
0.863068
0.865724
0.870897
0.877725
0.885079
0.89174
0.896583
0.898751
0.89765
0.892969
0.884847
0.873955
0.861456
0.848703
0.836911
0.826963
0.819683
0.815932
0.816391
0.821354
0.83045
0.842516
0.855888
0.868722
0.87943
0.886947
0.890998
0.891943
0.890602
0.888103
0.885735
0.884759
0.886035
0.889797
0.895331
0.901226
0.905694
0.907302
0.905173
0.899294
0.890244
0.879021
0.866719
0.854383
0.8431
0.834187
0.82902
0.828582
0.833012
0.841421
0.851982
0.862511
0.870946
0.875781
0.876215
0.871963
0.863016
0.849666
0.832833
0.814292
0.796657
0.782855
0.775298
0.775155
0.782092
0.794837
0.811709
0.831027
0.851186
0.870764
0.888526
0.903373
0.914432
0.921063
0.922964
0.920272
0.913704
0.904456
0.893981
0.883688
0.874611
0.867207
0.861309
0.856286
0.85132
0.845652
0.838869
0.831074
0.822882
0.815461
0.810169
0.808197
0.810046
0.815201
0.822248
