0.0345996 0 0
0.0576661 0 0
0.0807325 0 0
0.103799 0 0
0.126865 0 0
0.149932 0 0
0.172998 0 0
0.196065 0 0
0.219131 0 0
0.242198 0 0
0.265264 0 0
0.28833 0 0
0.311397 0 0
0.334463 0 0
0.35753 0 0
0.380596 0 0
0.403663 0 0
0.426729 0 0
0.449795 0 0
0.472862 0 0
0.495928 0 0
0.518995 0 0
0.542061 0 0
0.565128 0 0
0.588194 0 0
0.61126 0 0
0.634327 0 0
0.657393 0 0
0.68046 0 0
0.703526 0 0
0.726593 0 0
0.749659 0 0
0.772725 0 0
0.795792 0 0
0.818858 0 0
0.841925 0 0
0.864991 0 0
0.888058 0 0
0.911124 0 0
0.93419 0 0
0.957257 0.00063379 0.00063695
0.980323 0.00936691 0.00170735
1.00339 0.103545 0.00577685
1.02646 0.538266 0.0107376
1.04952 1.44442 0.0101622
1.07259 2.54557 -nan
1.09566 3.08297 -nan
1.11872 2.90866 -nan
1.14179 2.14347 -nan
1.16485 1.31445 0.0091455
1.18792 0.707268 0.00838186
1.21099 0.300589 0.00710551
1.23405 0.114601 0.00446133
1.25712 0.0393225 0.00278665
1.28019 0.0102769 0.00136329
1.30325 0.00205166 0.000560818
1.32632 0.000990461 0.000395868
1.34939 0.00111637 0.000410866
1.37245 0.00138749 0.000496896
1.39552 0.00969227 0.00131585
1.41859 0.0259744 0.00244219
1.44165 0.0658088 0.0033936
1.46472 0.161344 0.00410587
1.48778 0.284685 0.00496778
1.51085 0.439149 0.00586237
1.53392 0.567973 0.00463233
1.55698 0.640512 0.00572287
1.58005 0.603104 0.00514713
1.60312 0.461694 0.00441106
1.62618 0.309778 0.00442119
1.64925 0.170604 0.0039711
1.67232 0.0820308 0.00313598
1.69538 0.0304101 0.00188127
1.71845 0.011997 0.00123127
1.74152 0.019054 0.00147627
1.76458 0.0505479 0.00220664
1.78765 0.145484 0.0045895
1.81071 0.376777 0.00534915
1.83378 0.754838 0.00198625
1.85685 1.21653 -nan
1.87991 1.60675 -nan
1.90298 1.77236 -nan
1.92605 1.6298 -nan
1.94911 1.25459 -nan
1.97218 0.798502 -nan
1.99525 0.432491 0.00427721
2.01831 0.195327 0.00435133
2.04138 0.0856433 0.00280854
2.06445 0.0479683 0.00209863
2.08751 0.0862314 0.0028594
2.11058 0.194203 0.00334873
2.13364 0.341398 0.00229588
2.15671 0.52374 -nan
2.17978 0.6487 -nan
2.20284 0.659363 -nan
2.22591 0.566879 -nan
2.24898 0.399488 -nan
2.27204 0.255451 0.00246593
2.29511 0.145652 0.00309812
2.31818 0.107697 0.0033988
0.0345996 0 0
0.0576661 0 0
0.0807325 0 0
0.103799 0 0
0.126865 0 0
0.149932 0 0
0.172998 0 0
0.196065 0 0
0.219131 0 0
0.242198 0 0
0.265264 0 0
0.28833 0 0
0.311397 0 0
0.334463 0 0
0.35753 0 0
0.380596 0 0
0.403663 0 0
0.426729 0 0
0.449795 0 0
0.472862 0 0
0.495928 0 0
0.518995 0 0
0.542061 0 0
0.565128 0 0
0.588194 0 0
0.61126 0 0
0.634327 0 0
0.657393 0 0
0.68046 0 0
0.703526 0 0
0.726593 0 0
0.749659 0 0
0.772725 0 0
0.795792 0 0
0.818858 0 0
0.841925 0 0
0.864991 0 0
0.888058 0 0
0.911124 0 0
0.93419 0 0
0.957257 0.00602101 0.00125425
0.980323 0.0631511 0.00376014
1.00339 0.321307 0.00787527
1.02646 0.869824 0.00962189
1.04952 1.70278 0.00203119
1.07259 2.33658 -nan
1.09566 2.60063 -nan
1.11872 2.41653 -nan
1.14179 1.89021 0.00717194
1.16485 1.33543 0.00274215
1.18792 0.833823 0.00744967
1.21099 0.46712 0.00692901
1.23405 0.239117 0.00586115
1.25712 0.117049 0.00495371
1.28019 0.0434111 0.00286749
1.30325 0.0172681 0.0016561
1.32632 0.00874907 0.00134046
1.34939 0.00877148 0.00109785
1.37245 0.0118708 0.00138507
1.39552 0.028033 0.0020924
1.41859 0.0577209 0.00267118
1.44165 0.107725 0.00405753
1.46472 0.19234 0.00434216
1.48778 0.302789 0.00492507
1.51085 0.419558 0.00573709
1.53392 0.507868 0.00446073
1.55698 0.53929 0.00449278
1.58005 0.514703 0.00460309
1.60312 0.431524 0.00523803
1.62618 0.311205 0.00426312
1.64925 0.204661 0.00391936
1.67232 0.11962 0.00338067
1.69538 0.0733479 0.00278731
1.71845 0.0499548 0.00259266
1.74152 0.0725774 0.00284009
1.76458 0.140172 0.00364938
1.78765 0.29124 0.00504183
1.81071 0.513264 0.00406315
1.83378 0.832558 -nan
1.85685 1.13407 -nan
1.87991 1.37938 -nan
1.90298 1.4791 -nan
1.92605 1.40592 -nan
1.94911 1.13955 -nan
1.97218 0.836804 -nan
1.99525 0.525496 0.00218284
2.01831 0.323858 0.00311865
2.04138 0.186966 0.00367846
2.06445 0.141111 0.00389537
2.08751 0.1622 0.00331409
2.11058 0.247138 0.0029687
2.13364 0.37157 0.00277393
2.15671 0.48035 -nan
2.17978 0.550546 -nan
2.20284 0.548711 -nan
2.22591 0.496605 0.00213787
2.24898 0.398225 -nan
2.27204 0.293029 0.00213778
2.29511 0.22785 0.00361003
2.31818 0.202209 0.00356007
0.0345996 0 0
0.0576661 0 0
0.0807325 0 0
0.103799 0 0
0.126865 0 0
0.149932 0 0
0.172998 0 0
0.196065 0 0
0.219131 0 0
0.242198 0 0
0.265264 0 0
0.28833 0 0
0.311397 0 0
0.334463 0 0
0.35753 0 0
0.380596 0 0
0.403663 0 0
0.426729 0 0
0.449795 0 0
0.472862 0 0
0.495928 0 0
0.518995 0 0
0.542061 0 0
0.565128 0 0
0.588194 0 0
0.61126 0 0
0.634327 0 0
0.657393 0 0
0.68046 0 0
0.703526 0 0
0.726593 0 0
0.749659 0 0
0.772725 0 0
0.795792 0 0
0.818858 0 0
0.841925 0 0
0.864991 0 0
0.888058 0 0
0.911124 0 0
0.93419 0.00166368 0.000732313
0.957257 0.018063 0.00252413
0.980323 0.115122 0.00565033
1.00339 0.441292 0.00936169
1.02646 1.03905 0.0105031
1.04952 1.72176 0.0112251
1.07259 2.2659 -nan
1.09566 2.4209 -nan
1.11872 2.19449 0.00498619
1.14179 1.77505 0.0111837
1.16485 1.30568 0.00669497
1.18792 0.842877 0.00759518
1.21099 0.519991 0.00799237
1.23405 0.302042 0.00709785
1.25712 0.162803 0.00517288
1.28019 0.08381 0.00406997
1.30325 0.0350492 0.00234581
1.32632 0.019314 0.00187709
1.34939 0.0207326 0.0020836
1.37245 0.0248207 0.00217551
1.39552 0.0445844 0.00250207
1.41859 0.0857155 0.00331103
1.44165 0.138883 0.00425238
1.46472 0.221036 0.00394072
1.48778 0.310529 0.00436738
1.51085 0.387627 0.00516425
1.53392 0.461216 0.0054607
1.55698 0.476641 0.00628887
1.58005 0.45701 0.00587377
1.60312 0.398304 0.00493777
1.62618 0.30857 0.0040746
1.64925 0.228896 0.00384962
1.67232 0.150874 0.00335577
1.69538 0.0960797 0.00329046
1.71845 0.0833891 0.00321607
1.74152 0.112983 0.00392546
1.76458 0.196876 0.00424613
1.78765 0.348943 0.00466638
1.81071 0.582172 0.00407594
1.83378 0.843526 -nan
1.85685 1.10855 -nan
1.87991 1.28357 -nan
1.90298 1.33965 -nan
1.92605 1.27958 -nan
1.94911 1.08711 -nan
1.97218 0.82889 -nan
1.99525 0.572254 -nan
2.01831 0.374828 0.00427203
2.04138 0.253724 0.00510364
2.06445 0.194667 0.00429262
2.08751 0.213579 0.00329293
2.11058 0.289903 0.00324427
2.13364 0.376992 0.00116855
2.15671 0.459685 0.00199936
2.17978 0.500796 0.00307167
2.20284 0.496707 0.00285674
2.22591 0.45634 0.0019783
2.24898 0.374226 0.00365842
2.27204 0.315868 0.00183782
2.29511 0.267653 0.00301315
2.31818 0.270351 0.0042028
0.0345996 0 0
0.0576661 0 0
0.0807325 0 0
0.103799 0 0
0.126865 0 0
0.149932 0 0
0.172998 0 0
0.196065 0 0
0.219131 0 0
0.242198 0 0
0.265264 0 0
0.28833 0 0
0.311397 0 0
0.334463 0 0
0.35753 0 0
0.380596 0 0
0.403663 0 0
0.426729 0 0
0.449795 0 0
0.472862 0 0
0.495928 0 0
0.518995 0 0
0.542061 0 0
0.565128 0 0
0.588194 0 0
0.61126 0 0
0.634327 0 0
0.657393 0 0
0.68046 0 0
0.703526 0 0
0.726593 0 0
0.749659 0 0
0.772725 0 0
0.795792 0 0
0.818858 0 0
0.841925 0 0
0.864991 0 0
0.888058 0.000368203 0.000370039
0.911124 0.000349796 0.000351541
0.93419 0.00399284 0.00119044
0.957257 0.024084 0.00306452
0.980323 0.136878 0.00616632
1.00339 0.455714 0.0122911
1.02646 1.03381 0.0169381
1.04952 1.70541 0.0148511
1.07259 2.23435 0.0126509
1.09566 2.45065 0.010009
1.11872 2.17175 0.00717237
1.14179 1.74788 0.00754042
1.16485 1.2755 0.0107999
1.18792 0.864484 0.0109246
1.21099 0.529694 0.00887307
1.23405 0.307 0.00708523
1.25712 0.173828 0.00548856
1.28019 0.0852275 0.00462588
1.30325 0.0427429 0.00330702
1.32632 0.0201394 0.00195636
1.34939 0.025836 0.00231721
1.37245 0.034379 0.00286584
1.39552 0.0569607 0.00277734
1.41859 0.0875914 0.00332157
1.44165 0.144193 0.00377166
1.46472 0.231052 0.00519939
1.48778 0.296361 0.00481953
1.51085 0.389408 0.00577162
1.53392 0.447763 0.00678783
1.55698 0.460589 0.00534785
1.58005 0.443285 0.00631485
1.60312 0.395931 0.00526712
1.62618 0.298906 0.00500588
1.64925 0.229964 0.0043407
1.67232 0.152224 0.00433387
1.69538 0.111335 0.00326768
1.71845 0.0920427 0.00373847
1.74152 0.123228 0.00353244
1.76458 0.210119 0.0045882
1.78765 0.365481 0.00546367
1.81071 0.591117 0.00456535
1.83378 0.837567 0.000803775
1.85685 1.08581 -nan
1.87991 1.2761 -nan
1.90298 1.33131 0.00278822
1.92605 1.25202 0.00471682
1.94911 1.0625 -nan
1.97218 0.812464 -nan
1.99525 0.585238 0.00382992
2.01831 0.393577 0.00505266
2.04138 0.262365 0.00425311
2.06445 0.218924 0.00496235
2.08751 0.224175 0.00434776
2.11058 0.280516 0.00329288
2.13364 0.375972 0.00264461
2.15671 0.451756 0.00237987
2.17978 0.502202 0.00281418
2.20284 0.494911 0.0028524
2.22591 0.453292 0.0027531
2.24898 0.38967 0.00129737
2.27204 0.33207 0.0033362
2.29511 0.282317 0.00376269
2.31818 0.276349 0.00435039
0.0345996 0 0
0.0576661 0 0
0.0807325 0 0
0.103799 0 0
0.126865 0 0
0.149932 0 0
0.172998 0 0
0.196065 0 0
0.219131 0 0
0.242198 0 0
0.265264 0 0
0.28833 0 0
0.311397 0 0
0.334463 0 0
0.35753 0 0
0.380596 0 0
0.403663 0 0
0.426729 0 0
0.449795 0 0
0.472862 0 0
0.495928 0 0
0.518995 0 0
0.542061 0 0
0.565128 0 0
0.588194 0 0
0.61126 0 0
0.634327 0 0
0.657393 0 0
0.68046 0 0
0.703526 0 0
0.726593 0 0
0.749659 0 0
0.772725 0 0
0.795792 0 0
0.818858 0 0
0.841925 0 0
0.864991 0 0
0.888058 0 0
0.911124 0 0
0.93419 0.00232916 0.000980175
0.957257 0.0256685 0.00280385
0.980323 0.138389 0.00611314
1.00339 0.492632 0.00981381
1.02646 1.0746 0.00955265
1.04952 1.74522 0.0088451
1.07259 2.19523 -nan
1.09566 2.31906 0.00620745
1.11872 2.14205 0.00369594
1.14179 1.75322 0.0113276
1.16485 1.3014 0.00971618
1.18792 0.894734 0.00873344
1.21099 0.541376 0.0062724
1.23405 0.326068 0.00655901
1.25712 0.167213 0.0044752
1.28019 0.0831013 0.0039827
1.30325 0.0394945 0.00243009
1.32632 0.0241012 0.00186192
1.34939 0.0224869 0.00180956
1.37245 0.030679 0.00224041
1.39552 0.0435406 0.00261203
1.41859 0.0861484 0.00333312
1.44165 0.137765 0.00355318
1.46472 0.219682 0.00524851
1.48778 0.298722 0.00574271
1.51085 0.379867 0.00434898
1.53392 0.453194 0.00560881
1.55698 0.490656 0.00459664
1.58005 0.461198 0.00513851
1.60312 0.402033 0.00534568
1.62618 0.311535 0.00410904
1.64925 0.221743 0.00387016
1.67232 0.147967 0.00305005
1.69538 0.103455 0.00324053
1.71845 0.0919444 0.00298393
1.74152 0.116335 0.00311244
1.76458 0.205176 0.00453267
1.78765 0.374932 0.00389605
1.81071 0.572606 0.00428583
1.83378 0.847325 -nan
1.85685 1.09575 -nan
1.87991 1.27437 -nan
1.90298 1.30565 -nan
1.92605 1.26024 -nan
1.94911 1.07259 -nan
1.97218 0.825082 -nan
1.99525 0.590198 -nan
2.01831 0.39322 0.0039084
2.04138 0.258881 0.00399839
2.06445 0.204138 0.00309879
2.08751 0.223575 0.00261722
2.11058 0.282211 0.00299425
2.13364 0.362193 0.00116805
2.15671 0.451007 -nan
2.17978 0.499757 -nan
2.20284 0.501315 0.00196938
2.22591 0.465366 0.0013211
2.24898 0.390474 0.00156144
2.27204 0.322056 0.00180771
2.29511 0.276363 0.00301679
2.31818 0.271323 0.00327141
