-6.64806
-6.64108
-6.62454
-6.60502
-6.59333
-6.58385
-6.57775
-6.57483
-6.57255
-6.57075
-6.57171
-6.57439
-6.5758
-6.5766
-6.57794
-6.57884
-6.57939
-6.57717
-6.57492
-6.57478
-6.57593
-6.57427
-6.57382
-6.57333
-6.57478
-6.57557
-6.57597
-6.5798
-6.5795
-6.58242
-6.58556
-6.58626
-6.58645
-6.58678
-6.58761
-6.58737
-6.58708
-6.58936
-6.58808
-6.58581
-6.58579
-6.58606
-6.58598
-6.58359
-6.58153
-6.5824
-6.58073
-6.58144
-6.58034
-6.58165
-6.58183
-6.58087
-6.58133
-6.57993
-6.57987
-6.58074
-6.58251
-6.58256
-6.58312
-6.58452
-6.58352
-6.58241
-6.58186
-6.58225
-6.58327
-6.58171
-6.58244
-6.58354
-6.58307
-6.58397
-6.58398
-6.5831
-6.58391
-6.58703
-6.58789
-6.5881
-6.5873
-6.58807
-6.58879
-6.58717
-6.58578
-6.58594
-6.58636
-6.58708
-6.58683
-6.58597
-6.58711
-6.58668
-6.58598
-6.58436
-6.58533
-6.58566
-6.58209
-6.58268
-6.58389
-6.58182
-6.58137
-6.57834
-6.57861
-6.57898
-6.57818
-6.57717
-6.57789
-6.578
-6.57778
-6.57944
-6.58035
-6.58021
-6.58261
-6.58336
-6.58379
-6.58649
-6.5898
-6.58916
-6.5897
-6.59108
-6.59169
-6.59093
-6.58786
-6.58705
-6.58596
-6.58396
-6.58238
-6.58156
-6.57987
-6.57925
-6.57904
-6.58053
-6.58111
-6.57914
-6.58105
-6.58195
-6.58343
-6.58355
-6.58294
-6.58388
-6.58348
-6.58145
-6.58007
-6.58001
-6.5813
-6.58426
-6.58567
-6.58226
-6.58244
-6.58131
-6.58045
-6.58049
-6.58011
-6.58253
-6.58326
-6.58459
-6.5827
-6.58247
-6.58361
-6.58194
-6.57874
-6.57919
-6.57648
-6.57643
-6.57711
-6.57783
-6.57729
-6.58193
-6.58392
-6.5832
-6.58654
-6.58485
-6.58396
-6.58681
-6.58664
-6.5877
-6.58713
-6.58563
-6.58421
-6.58386
-6.58493
-6.58677
-6.5858
-6.58557
-6.58606
-6.58531
-6.58426
-6.58356
-6.58447
-6.58375
-6.58398
-6.58318
-6.58232
-6.58266
-6.58259
-6.58179
-6.58291
-6.58307
-6.58138
-6.58369
-6.58323
-6.58356
-6.58368
-6.58484
-6.5857
-6.58878
-6.5911
-6.59262
-6.59264
-6.5928
-6.59052
-6.59233
-6.5918
-6.5909
-6.5887
-6.58748
-6.58564
-6.5848
-6.58273
-6.58299
-6.58401
-6.58256
-6.58158
-6.58007
-6.57964
-6.5809
-6.5793
-6.57904
-6.57949
-6.58062
-6.57952
-6.58067
-6.58211
-6.5838
-6.58541
-6.58498
-6.58512
-6.58518
-6.5858
-6.58537
-6.58548
-6.58582
-6.58511
-6.58434
-6.58484
-6.58666
-6.58562
-6.5853
-6.58446
-6.58472
-6.58217
-6.58133
-6.58057
-6.57889
-6.58112
-6.58074
-6.58034
-6.58019
-6.58192
-6.58162
-6.58126
-6.57986
-6.58005
-6.58058
-6.58308
-6.58437
-6.58153
-6.58101
-6.58342
-6.58257
-6.58458
-6.58521
-6.58544
-6.58497
-6.58191
-6.58311
-6.58211
-6.5825
-6.58231
-6.58183
-6.58233
-6.58342
-6.5838
-6.58443
-6.58301
-6.58442
-6.58539
-6.58335
-6.58382
-6.58424
-6.58111
-6.57939
-6.57789
-6.57669
-6.57779
-6.57916
-6.58034
-6.58182
-6.58348
-6.5843
-6.58461
-6.58377
-6.586
-6.5855
-6.58616
-6.58674
-6.585
-6.58682
-6.58414
-6.58314
-6.58481
-6.58238
-6.58134
-6.58006
-6.57855
-6.58066
-6.58057
-6.58021
-6.58118
-6.5799
-6.58053
-6.58111
-6.58288
-6.5829
-6.58313
-6.58292
-6.57974
-6.58074
-6.58143
-6.58086
-6.581
-6.58087
-6.58082
-6.58017
-6.57993
-6.58104
-6.58415
-6.58468
-6.58584
-6.58434
-6.58311
-6.5831
-6.58338
-6.58202
-6.57939
-6.58101
-6.57944
-6.57952
-6.57961
-6.57905
-6.58007
-6.58201
-6.58193
-6.58242
-6.58026
-6.58325
-6.58428
-6.58534
-6.58419
-6.58309
-6.58434
-6.58437
-6.58221
-6.57948
-6.57937
-6.57831
-6.57948
-6.57865
-6.58132
-6.57971
-6.57807
-6.57964
-6.57893
-6.57888
-6.57982
-6.57949
-6.58083
-6.58093
-6.58076
-6.58128
-6.58051
-6.58492
-6.58572
-6.58613
-6.58617
-6.58679
-6.58607
-6.58594
-6.58511
-6.58521
-6.58267
-6.58463
-6.58366
-6.58303
-6.58147
-6.58194
-6.58184
-6.58087
-6.58256
-6.58142
-6.58194
-6.58217
-6.58273
-6.58296
-6.58444
-6.58294
-6.58235
-6.58234
-6.58161
-6.57923
-6.58004
-6.57729
-6.57614
-6.5763
-6.57715
-6.57709
-6.57712
-6.57662
-6.57591
-6.57661
-6.57512
-6.57657
-6.57702
-6.5777
-6.57859
-6.58289
-6.5809
-6.58233
-6.58074
-6.58232
-6.58159
-6.58149
-6.58173
-6.58038
-6.57973
-6.57916
-6.58029
-6.58086
-6.58379
-6.58098
-6.58051
-6.58302
-6.58362
-6.58098
-6.58349
-6.58401
-6.58513
-6.58231
-6.58235
-6.58136
-6.58224
-6.58014
-6.58219
-6.58225
-6.581
-6.58041
-6.5805
-6.58034
-6.57928
-6.57831
-6.57842
-6.57925
-6.57984
-6.58079
-6.58046
-6.58269
-6.58324
-6.58502
-6.58477
-6.58414
-6.58348
-6.58313
-6.58246
-6.58438
-6.58435
-6.58368
-6.58042
-6.58172
-6.58207
-6.58245
-6.58185
-6.58284
-6.58184
-6.58339
-6.58264
-6.58186
-6.58365
-6.58447
-6.58495
-6.58574
-6.58587
-6.58535
-6.58776
-6.58667
-6.58694
-6.58763
-6.58744
-6.58765
-6.58758
-6.58493
-6.58291
-6.58247
-6.58259
-6.58329
-6.58423
-6.58704
-6.58592
-6.58512
-6.58369
-6.58296
-6.58228
-6.58392
-6.58623
-6.58401
-6.58597
-6.58403
-6.58466
-6.58464
-6.5827
-6.58238
-6.58076
-6.58204
-6.58201
-6.58293
-6.57998
-6.58059
-6.58122
-6.5825
-6.58183
-6.58504
-6.58402
-6.58235
-6.58102
-6.58071
-6.57915
-6.57926
-6.57974
-6.58219
-6.5811
-6.58132
-6.58055
-6.58138
-6.58249
-6.58288
-6.5819
-6.58278
-6.58098
-6.583
-6.58109
-6.58238
-6.58205
-6.58144
-6.57994
-6.58149
-6.57928
-6.57913
-6.57876
-6.57907
-6.57901
-6.58018
-6.5832
-6.58353
-6.58443
-6.58497
-6.58095
-6.58048
-6.57906
-6.5783
-6.57821
-6.57912
-6.57938
-6.57966
-6.58092
-6.57961
-6.5793
-6.57967
-6.58139
-6.58446
-6.58306
-6.58398
-6.58431
-6.58533
-6.58569
-6.58567
-6.58714
-6.58648
-6.58725
-6.5869
-6.58385
-6.58598
-6.58462
-6.58336
-6.58545
-6.58472
-6.58437
-6.58338
-6.58303
-6.5833
-6.58356
-6.58026
-6.58057
-6.58223
-6.58137
-6.58024
-6.58171
-6.58251
-6.58261
-6.5823
-6.58224
-6.58016
-6.57967
-6.58047
-6.58002
-6.57901
-6.57878
-6.57805
-6.57973
-6.57894
-6.57852
-6.58066
-6.58138
-6.58193
-6.58195
-6.58051
-6.58087
-6.58178
-6.58361
-6.58118
-6.581
-6.58083
-6.5807
-6.58068
-6.57884
-6.57684
-6.5763
-6.57751
-6.5785
-6.58016
-6.58149
-6.58081
-6.58039
-6.58153
-6.58296
-6.58436
-6.58475
-6.58412
-6.58472
-6.58621
-6.58635
-6.5871
-6.58333
-6.58252
-6.58244
-6.58243
-6.58379
-6.58523
-6.58508
-6.58463
-6.58612
-6.58531
-6.58444
-6.58383
-6.58379
-6.58301
-6.58249
-6.58222
-6.58126
-6.58158
-6.58352
-6.58483
-6.58424
-6.5834
-6.58168
-6.58009
-6.58089
-6.58217
-6.58294
-6.58348
-6.58376
-6.58566
-6.58586
-6.58465
-6.58393
-6.58303
-6.58164
-6.58333
-6.58264
-6.58153
-6.58105
-6.57962
-6.58182
-6.58442
-6.58518
-6.58311
-6.58015
-6.57951
-6.57728
-6.57604
-6.57576
-6.57548
-6.57778
-6.57752
-6.57797
-6.58011
-6.58068
-6.58127
-6.58086
-6.5833
-6.58372
-6.58503
-6.58368
-6.58065
-6.57952
-6.57935
-6.57918
-6.58
-6.57794
-6.57691
-6.57722
-6.57922
-6.57934
-6.57984
-6.58134
-6.58123
-6.58175
-6.58676
-6.58652
-6.58782
-6.58483
-6.58434
-6.58248
-6.58188
-6.58223
-6.58291
-6.58267
-6.58154
-6.58081
-6.58081
-6.57894
-6.58036
-6.57989
-6.58011
-6.58101
-6.57933
-6.57989
-6.58072
-6.58018
-6.57924
-6.58116
-6.58043
-6.58066
-6.5796
-6.58081
-6.5814
-6.58328
-6.58258
-6.58089
-6.57982
-6.57903
-6.57855
-6.57837
-6.57883
-6.57833
-6.58015
-6.58075
-6.58308
-6.58423
-6.58227
-6.58397
-6.58347
-6.58395
-6.58438
-6.58536
-6.58425
-6.58429
-6.5861
-6.58647
-6.58802
-6.58494
-6.58568
-6.5864
-6.58359
-6.58409
-6.58471
-6.5842
-6.58323
-6.58278
-6.58122
-6.58109
-6.58005
-6.58161
-6.58083
-6.58059
-6.58214
-6.58289
-6.5848
-6.58532
-6.58611
-6.58751
-6.58795
-6.58839
-6.5866
-6.58417
-6.58531
-6.58582
-6.58635
-6.58656
-6.58613
-6.58409
-6.58402
-6.58429
-6.58267
-6.5824
-6.58414
-6.58497
-6.58519
-6.5848
-6.58797
-6.58788
-6.5871
-6.5882
-6.58889
-6.58917
-6.58545
-6.58715
-6.58715
-6.5845
-6.58345
-6.58209
-6.58112
-6.5809
-6.58145
-6.58117
-6.5807
-6.5797
-6.58007
-6.58048
-6.58023
-6.57931
-6.5806
-6.5825
-6.58337
-6.58452
-6.58431
-6.58467
-6.58461
-6.58477
-6.58288
-6.58318
-6.58182
-6.58045
-6.58202
-6.58107
-6.58215
-6.58367
-6.5853
-6.58735
-6.58722
-6.58584
-6.58641
-6.58536
-6.58491
-6.58345
-6.5842
-6.58294
-6.58292
-6.58059
-6.58112
-6.58225
-6.58399
-6.58474
-6.58225
-6.58171
-6.58087
-6.5791
-6.57935
-6.57774
-6.57849
-6.57709
-6.57806
-6.57782
-6.57858
-6.58095
-6.58356
-6.58347
-6.58551
-6.5858
-6.58565
-6.58703
-6.58802
-6.58476
-6.58471
-6.58175
-6.58464
-6.58468
-6.58351
-6.58374
-6.58249
-6.58169
-6.58099
-6.58134
-6.58137
-6.58529
-6.58496
-6.58395
-6.5858
-6.58664
-6.58678
-6.58717
-6.58781
-6.58739
-6.58658
-6.58667
-6.58865
-6.59123
-6.5902
-6.58849
-6.58838
-6.58862
-6.58795
-6.58577
-6.58535
-6.58543
-6.58442
-6.58323
-6.58573
-6.58564
-6.58515
-6.58546
-6.58489
-6.58314
-6.58511
-6.58474
-6.58341
-6.58187
-6.58179
-6.58028
-6.58054
-6.58154
-6.58128
-6.58099
-6.58094
-6.57883
-6.58243
-6.58266
-6.58149
-6.57959
-6.57955
-6.58047
-6.58206
-6.58337
-6.58347
-6.58463
-6.58168
-6.58302
-6.58216
-6.58197
-6.58278
-6.58357
-6.58373
-6.58358
-6.58443
-6.58626
-6.58583
-6.58764
-6.5891
-6.58889
-6.58864
-6.58673
-6.58508
-6.58402
-6.58353
-6.58425
-6.58266
-6.58167
-6.58069
-6.58171
-6.58215
-6.58171
-6.58297
-6.58268
-6.58308
-6.58191
-6.5811
-6.57934
-6.58182
-6.58269
-6.58226
-6.58408
-6.58394
-6.58539
-6.5881
-6.58722
-6.5866
-6.58753
-6.58805
-6.5875
-6.58753
-6.58687
-6.58491
-6.58331
-6.58405
-6.58292
-6.58449
-5.98648
-5.98624
-5.98344
-5.98078
-5.97797
-5.97821
-5.97786
-5.9774
-5.97538
-5.97648
-5.97769
-5.98023
-5.97922
-5.97917
-5.9795
-5.98162
-5.98081
-5.97785
-5.97929
-5.98253
-5.98233
-5.98184
-5.98068
-5.98046
-5.98054
-5.9793
-5.97774
-5.97779
-5.9788
-5.98077
-5.98082
-5.98123
-5.98135
-5.98181
-5.98384
-5.9819
-5.98016
-5.98119
-5.98047
-5.98063
-5.97943
-5.97889
-5.9758
-5.97473
-5.97506
-5.97682
-5.97583
-5.97668
-5.97807
-5.97905
-5.97992
-5.98059
-5.98259
-5.98126
-5.98131
-5.98299
-5.98566
-5.98451
-5.98418
-5.98407
-5.9852
-5.98463
-5.98302
-5.98395
-5.98458
-5.98497
-5.98423
-5.98366
-5.98493
-5.98316
-5.98156
-5.98107
-5.98162
-5.98251
-5.98298
-5.98135
-5.98111
-5.98262
-5.9843
-5.98397
-5.98329
-5.98264
-5.982
-5.98168
-5.98138
-5.98017
-5.97938
-5.97904
-5.98014
-5.97941
-5.98169
-5.98048
-5.97963
-5.9817
-5.9831
-5.98443
-5.98339
-5.98351
-5.98249
-5.98554
-5.98424
-5.98222
-5.98049
-5.97913
-5.97916
-5.97962
-5.97991
-5.97968
-5.97986
-5.98039
-5.9809
-5.98137
-5.98175
-5.98111
-5.98038
-5.98087
-5.97804
-5.97873
-5.98071
-5.98146
-5.98135
-5.98237
-5.98061
-5.9793
-5.98095
-5.9816
-5.98311
-5.98287
-5.98315
-5.98203
-5.98214
-5.98065
-5.98081
-5.97977
-5.97784
-5.97599
-5.97775
-5.9782
-5.97666
-5.97635
-5.977
-5.97574
-5.9762
-5.97805
-5.98093
-5.98282
-5.98433
-5.98582
-5.98503
-5.98423
-5.98566
-5.98571
-5.98692
-5.98734
-5.98729
-5.98451
-5.98228
-5.98159
-5.98191
-5.97977
-5.98076
-5.97945
-5.98038
-5.97959
-5.98056
-5.98252
-5.98147
-5.98349
-5.9853
-5.98367
-5.98415
-5.98546
-5.98377
-5.98557
-5.98705
-5.98567
-5.98443
-5.98275
-5.98324
-5.98162
-5.98038
-5.9804
-5.98001
-5.98116
-5.98227
-5.98237
-5.98083
-5.97958
-5.98157
-5.98101
-5.9808
-5.98288
-5.98431
-5.98406
-5.98372
-5.98262
-5.98337
-5.98502
-5.98405
-5.98343
-5.98388
-5.98413
-5.98681
-5.98768
-5.98536
-5.98432
-5.98739
-5.98872
-5.99023
-5.98871
-5.98835
-5.98466
-5.98189
-5.98104
-5.98056
-5.98078
-5.97851
-5.97736
-5.97678
-5.97583
-5.97551
-5.97704
-5.97896
-5.97983
-5.97983
-5.98314
-5.98331
-5.98169
-5.98126
-5.98336
-5.98506
-5.98313
-5.98115
-5.9811
-5.97945
-5.97853
-5.97868
-5.98053
-5.98084
-5.98408
-5.98377
-5.98087
-5.98091
-5.98293
-5.98368
-5.98346
-5.98322
-5.98196
-5.98198
-5.98036
-5.98167
-5.98071
-5.98073
-5.98137
-5.98165
-5.97929
-5.98076
-5.97767
-5.97845
-5.97862
-5.9779
-5.97764
-5.9788
-5.9794
-5.97743
-5.97737
-5.97919
-5.98094
-5.98137
-5.98501
-5.98539
-5.98412
-5.98473
-5.98429
-5.98313
-5.9813
-5.97853
-5.97877
-5.97945
-5.9786
-5.97839
-5.97939
-5.98187
-5.98064
-5.98319
-5.98275
-5.9823
-5.98059
-5.97994
-5.97746
-5.97672
-5.97677
-5.97762
-5.97929
-5.97759
-5.97963
-5.98113
-5.98107
-5.98226
-5.98493
-5.9867
-5.9865
-5.9852
-5.98348
-5.98363
-5.98161
-5.98022
-5.97773
-5.97761
-5.97934
-5.97774
-5.97817
-5.97716
-5.97712
-5.97953
-5.98076
-5.98112
-5.9793
-5.9802
-5.98059
-5.97987
-5.97842
-5.97826
-5.97786
-5.97665
-5.97793
-5.97754
-5.97578
-5.97455
-5.97764
-5.97909
-5.97945
-5.98057
-5.98334
-5.98318
-5.98336
-5.98553
-5.98232
-5.98225
-5.98153
-5.98124
-5.98085
-5.98044
-5.97873
-5.97991
-5.98068
-5.98222
-5.98284
-5.98151
-5.98046
-5.97867
-5.97969
-5.97964
-5.98141
-5.9824
-5.98356
-5.98102
-5.98385
-5.98109
-5.9793
-5.98018
-5.9786
-5.97978
-5.97626
-5.9761
-5.97472
-5.97438
-5.97377
-5.9755
-5.97532
-5.97706
-5.97835
-5.97844
-5.97765
-5.97799
-5.97861
-5.97962
-5.9801
-5.98134
-5.97941
-5.97846
-5.97747
-5.97709
-5.97766
-5.97989
-5.97863
-5.97683
-5.97868
-5.97764
-5.97818
-5.97863
-5.97863
-5.98016
-5.98193
-5.98365
-5.98502
-5.98314
-5.98158
-5.98038
-5.98117
-5.98166
-5.98023
-5.97814
-5.97929
-5.97889
-5.97896
-5.97989
-5.9794
-5.97744
-5.97775
-5.97923
-5.9808
-5.9789
-5.97743
-5.97777
-5.97835
-5.9763
-5.97521
-5.97544
-5.97733
-5.97672
-5.97621
-5.97518
-5.9762
-5.97603
-5.97788
-5.97781
-5.97738
-5.97717
-5.97625
-5.97666
-5.97724
-5.97839
-5.97809
-5.97909
-5.97958
-5.98077
-5.97844
-5.97946
-5.97743
-5.97692
-5.97765
-5.97872
-5.97982
-5.98067
-5.98064
-5.98202
-5.98286
-5.98286
-5.98364
-5.98482
-5.98508
-5.98633
-5.98276
-5.98149
-5.98254
-5.9833
-5.98468
-5.98372
-5.98166
-5.98073
-5.98061
-5.98265
-5.98332
-5.98298
-5.98197
-5.98322
-5.98283
-5.98213
-5.98438
-5.98478
-5.98303
-5.98109
-5.98026
-5.98179
-5.97982
-5.9811
-5.98172
-5.98229
-5.98313
-5.98485
-5.98454
-5.98253
-5.98142
-5.98029
-5.97976
-5.98118
-5.97936
-5.9795
-5.98033
-5.97703
-5.97646
-5.97802
-5.97945
-5.97874
-5.98127
-5.9804
-5.97987
-5.98163
-5.98385
-5.98315
-5.98418
-5.98152
-5.98164
-5.98253
-5.98312
-5.98361
-5.98652
-5.98761
-5.98562
-5.98418
-5.98307
-5.98268
-5.98309
-5.98334
-5.98277
-5.98263
-5.9819
-5.97954
-5.98009
-5.98092
-5.98106
-5.98309
-5.98117
-5.98052
-5.98117
-5.98149
-5.98214
-5.98243
-5.98038
-5.97925
-5.97969
-5.98046
-5.98162
-5.9816
-5.98137
-5.98156
-5.97892
-5.97825
-5.97855
-5.97881
-5.98064
-5.98109
-5.98402
-5.98293
-5.98296
-5.98446
-5.98162
-5.97939
-5.97919
-5.97883
-5.97773
-5.97846
-5.97939
-5.97789
-5.97778
-5.9793
-5.97947
-5.97978
-5.97953
-5.97934
-5.97895
-5.97874
-5.97887
-5.97978
-5.97995
-5.97941
-5.97715
-5.97858
-5.9797
-5.98141
-5.98303
-5.98394
-5.98511
-5.98494
-5.98667
-5.98733
-5.98627
-5.98638
-5.98478
-5.98022
-5.98052
-5.97992
-5.97781
-5.98002
-5.98133
-5.98235
-5.98074
-5.98037
-5.98124
-5.98047
-5.98171
-5.98465
-5.9838
-5.9856
-5.98388
-5.98246
-5.98196
-5.98203
-5.9817
-5.9803
-5.97882
-5.97988
-5.97803
-5.98073
-5.98091
-5.98118
-5.9799
-5.97899
-5.97874
-5.97913
-5.97818
-5.97622
-5.97906
-5.98058
-5.98016
-5.97948
-5.97924
-5.97883
-5.98085
-5.98198
-5.98408
-5.98543
-5.98561
-5.98685
-5.98366
-5.98095
-5.97914
-5.97831
-5.97918
-5.97987
-5.97977
-5.9808
-5.98066
-5.97996
-5.97963
-5.97773
-5.9791
-5.97824
-5.98062
-5.98132
-5.97962
-5.97932
-5.98008
-5.97738
-5.97743
-5.97772
-5.97836
-5.97947
-5.97985
-5.98083
-5.98112
-5.98062
-5.98339
-5.98217
-5.98038
-5.97994
-5.97957
-5.9781
-5.98017
-5.98042
-5.97958
-5.97899
-5.98026
-5.97852
-5.97918
-5.98118
-5.98151
-5.98204
-5.98176
-5.98229
-5.98331
-5.9806
-5.98128
-5.98274
-5.98402
-5.98157
-5.98099
-5.97818
-5.97715
-5.97639
-5.97755
-5.97809
-5.97927
-5.97717
-5.97949
-5.98122
-5.9812
-5.98187
-5.98284
-5.98186
-5.98221
-5.98075
-5.97884
-5.97817
-5.97785
-5.97793
-5.97848
-5.97694
-5.9743
-5.97538
-5.97593
-5.97554
-5.97513
-5.97593
-5.97564
-5.97526
-5.97645
-5.97478
-5.97587
-5.97781
-5.97762
-5.97713
-5.97881
-5.9803
-5.98097
-5.98183
-5.9813
-5.97944
-5.98115
-5.98124
-5.98331
-5.98448
-5.98476
-5.98642
-5.98591
-5.98254
-5.98275
-5.98326
-5.98306
-5.9821
-5.98425
-5.98372
-5.98344
-5.98443
-5.98378
-5.97923
-5.98148
-5.97987
-5.97833
-5.97884
-5.97882
-5.97958
-5.97883
-5.97781
-5.9768
-5.97608
-5.97662
-5.97488
-5.97415
-5.97349
-5.97581
-5.97977
-5.98012
-5.98163
-5.98036
-5.98117
-5.98086
-5.97983
-5.97915
-5.976
-5.97592
-5.97595
-5.97832
-5.97903
-5.97834
-5.97721
-5.97986
-5.97921
-5.97855
-5.97985
-5.98154
-5.97979
-5.97886
-5.97845
-5.97887
-5.97938
-5.97988
-5.98093
-5.9792
-5.97822
-5.97862
-5.98012
-5.97892
-5.97905
-5.9771
-5.97738
-5.97992
-5.9808
-5.97991
-5.97906
-5.98036
-5.98018
-5.98138
-5.9801
-5.97961
-5.98026
-5.98146
-5.98291
-5.98173
-5.98085
-5.98063
-5.97945
-5.98417
-5.98253
-5.98463
-5.98374
-5.98534
-5.98418
-5.98337
-5.98314
-5.98089
-5.98248
-5.98276
-5.98627
-5.98359
-5.98244
-5.98217
-5.98115
-5.98135
-5.98085
-5.98126
-5.97905
-5.97937
-5.97965
-5.97864
-5.97861
-5.97959
-5.97836
-5.97754
-5.9791
-5.97925
-5.97998
-5.98094
-5.98203
-5.98306
-5.98451
-5.98563
-5.98544
-5.98433
-5.9837
-5.98206
-5.97922
-5.97787
-5.97907
-5.97894
-5.98167
-5.98038
-5.97983
-5.98283
-5.9831
-5.98284
-5.98293
-5.98173
-5.98285
-5.98476
-5.98435
-5.98467
-5.9813
-5.98011
-5.98014
-5.97907
-5.97844
-5.97946
-5.97912
-5.97995
-5.97964
-5.98016
-5.98091
-5.98264
-5.97993
-5.97862
-5.97935
-5.97915
-5.97827
-5.98021
-5.97982
-5.97905
-5.97891
-5.97879
-5.97707
-5.976
-5.97622
-5.97774
-5.97865
-5.97901
-5.97886
-5.97794
-5.97817
-5.98014
-5.98049
-5.97971
-5.97832
-5.98016
-5.97913
-5.97927
-5.97938
-5.97862
-5.97674
-5.97989
-5.98221
-5.98302
-5.98485
-5.98671
-5.98729
-5.98785
-5.98608
-5.98708
-5.98495
-5.98324
-5.98325
-5.98053
-5.982
-5.97936
-5.9779
-5.97637
-5.97802
-5.97633
-5.9774
-5.97859
-5.98017
-5.98082
-5.98115
-5.98207
-5.98321
-5.9842
-5.98435
-5.98269
-5.98249
-5.98058
-5.9809
-5.97671
-5.97776
-5.97661
-5.97811
-5.97835
-5.97765
-5.97793
-5.98081
-5.9811
-5.98202
-5.98131
-5.97894
-5.97846
-5.97923
-5.97968
-5.97921
-5.97691
-5.97766
-5.97725
-5.97758
-5.97765
-5.97803
-5.97996
-5.97982
-5.9805
-5.97812
-5.97758
-5.976
-5.97732
-5.97705
-5.97556
-5.97582
-5.97815
-5.97993
-5.98212
-5.98142
-5.98266
-5.98222
-5.98105
-5.97978
-5.98029
-5.9823
-5.98195
-5.98195
-5.9821
-5.98223
-5.98431
-5.98441
-5.98558
-5.98697
-5.99
-5.99005
-5.98938
-5.98739
-5.9868
-5.9861
-5.98476
-5.98516
-5.98351
-5.98182
-5.98138
-5.98056
-5.97993
-5.98005
-5.98116
-5.9796
-5.98049
-5.98091
-5.98032
-5.61276
-5.61265
-5.61213
-5.61092
-5.61181
-5.6123
-5.61274
-5.61673
-5.61798
-5.61877
-5.61918
-5.61779
-5.61672
-5.61649
-5.61593
-5.61313
-5.61518
-5.61483
-5.61384
-5.61238
-5.61356
-5.61378
-5.61344
-5.61466
-5.61208
-5.6132
-5.6141
-5.61405
-5.61269
-5.61522
-5.61522
-5.61498
-5.61386
-5.61732
-5.61458
-5.61595
-5.61591
-5.61582
-5.6151
-5.61608
-5.61743
-5.61684
-5.61678
-5.61853
-5.6192
-5.61829
-5.61758
-5.61786
-5.61783
-5.61927
-5.61901
-5.62073
-5.61757
-5.61766
-5.61653
-5.6156
-5.61468
-5.61416
-5.61347
-5.61554
-5.61321
-5.61519
-5.61466
-5.61387
-5.61664
-5.61575
-5.61593
-5.61555
-5.61398
-5.61295
-5.611
-5.61023
-5.61074
-5.60737
-5.61048
-5.61196
-5.6134
-5.61277
-5.61189
-5.61185
-5.61379
-5.61565
-5.61833
-5.61796
-5.61652
-5.61864
-5.61736
-5.61739
-5.61534
-5.61493
-5.61399
-5.61346
-5.61509
-5.61484
-5.61612
-5.61759
-5.61706
-5.61781
-5.61731
-5.61523
-5.61222
-5.6115
-5.61075
-5.6125
-5.61021
-5.61095
-5.61145
-5.6101
-5.61156
-5.60951
-5.60743
-5.60708
-5.6065
-5.60747
-5.61073
-5.61189
-5.61519
-5.61386
-5.61381
-5.61475
-5.61697
-5.61591
-5.61833
-5.61903
-5.61804
-5.61667
-5.61628
-5.61751
-5.61837
-5.61948
-5.61853
-5.62007
-5.61927
-5.61786
-5.61725
-5.61983
-5.61853
-5.6213
-5.62177
-5.61914
-5.62055
-5.61862
-5.6176
-5.61749
-5.61728
-5.6157
-5.61663
-5.61658
-5.61566
-5.61268
-5.61161
-5.61208
-5.61333
-5.61256
-5.61253
-5.61443
-5.61311
-5.61158
-5.61257
-5.61459
-5.61161
-5.61078
-5.6095
-5.61222
-5.61342
-5.61442
-5.61431
-5.61665
-5.61775
-5.6213
-5.6217
-5.6203
-5.61777
-5.61705
-5.61714
-5.61577
-5.61519
-5.6158
-5.61376
-5.613
-5.61095
-5.6089
-5.60857
-5.60909
-5.60639
-5.60572
-5.60579
-5.60909
-5.61001
-5.61063
-5.61407
-5.61536
-5.61736
-5.61613
-5.61776
-5.61799
-5.61556
-5.6154
-5.6131
-5.61401
-5.61181
-5.61085
-5.60875
-5.60982
-5.61116
-5.61187
-5.61425
-5.61487
-5.61755
-5.61775
-5.61968
-5.62008
-5.61895
-5.61824
-5.61703
-5.61798
-5.61633
-5.6135
-5.61183
-5.6133
-5.61335
-5.61255
-5.61219
-5.61384
-5.61299
-5.61352
-5.61379
-5.61209
-5.61219
-5.614
-5.61421
-5.61513
-5.61489
-5.61487
-5.61327
-5.61281
-5.61391
-5.6163
-5.61542
-5.61669
-5.61568
-5.61803
-5.61582
-5.61547
-5.61548
-5.61246
-5.61049
-5.61071
-5.60963
-5.61082
-5.61098
-5.61194
-5.61133
-5.61069
-5.61122
-5.61416
-5.61264
-5.61407
-5.6159
-5.61432
-5.61302
-5.61252
-5.61168
-5.61057
-5.61137
-5.61226
-5.61334
-5.6132
-5.6128
-5.61418
-5.61159
-5.61221
-5.61348
-5.61444
-5.6135
-5.61131
-5.61114
-5.60976
-5.6088
-5.60793
-5.60876
-5.60832
-5.61114
-5.61392
-5.6124
-5.61207
-5.61099
-5.61178
-5.61289
-5.61337
-5.61264
-5.614
-5.61268
-5.61134
-5.61254
-5.6116
-5.6115
-5.61228
-5.61247
-5.61017
-5.60983
-5.60915
-5.61032
-5.60961
-5.60931
-5.60967
-5.61083
-5.61101
-5.61332
-5.6119
-5.61094
-5.61275
-5.61286
-5.61228
-5.61364
-5.61371
-5.61413
-5.61295
-5.61149
-5.61198
-5.61054
-5.6114
-5.61066
-5.60963
-5.61022
-5.6095
-5.61068
-5.61052
-5.61328
-5.61351
-5.61328
-5.61336
-5.61477
-5.61517
-5.61722
-5.61837
-5.62042
-5.62015
-5.61931
-5.61835
-5.61957
-5.61812
-5.61561
-5.61332
-5.61161
-5.61017
-5.60842
-5.60515
-5.60665
-5.60692
-5.60803
-5.60832
-5.61019
-5.61208
-5.61504
-5.61601
-5.61823
-5.6195
-5.61732
-5.61826
-5.61817
-5.61932
-5.61784
-5.61435
-5.61144
-5.61078
-5.60925
-5.60765
-5.60639
-5.60808
-5.61004
-5.61146
-5.61473
-5.61681
-5.61705
-5.61777
-5.61807
-5.61508
-5.61266
-5.61207
-5.61204
-5.61034
-5.61031
-5.60979
-5.61076
-5.61125
-5.61378
-5.61336
-5.6138
-5.61475
-5.61394
-5.61209
-5.60928
-5.61013
-5.60918
-5.6103
-5.61242
-5.6135
-5.61249
-5.6136
-5.61306
-5.61228
-5.61232
-5.61156
-5.61317
-5.61097
-5.61008
-5.61242
-5.61079
-5.6103
-5.61153
-5.61065
-5.6103
-5.60893
-5.60883
-5.61002
-5.60932
-5.60876
-5.61064
-5.6111
-5.61173
-5.61215
-5.61195
-5.61363
-5.6171
-5.61324
-5.61401
-5.61365
-5.61485
-5.61516
-5.61467
-5.61218
-5.61382
-5.61496
-5.61578
-5.61549
-5.61467
-5.61683
-5.61846
-5.61801
-5.61881
-5.6164
-5.61634
-5.61287
-5.61215
-5.61064
-5.61188
-5.61032
-5.60816
-5.60951
-5.61039
-5.61238
-5.61254
-5.61057
-5.61108
-5.61065
-5.61135
-5.611
-5.61181
-5.61211
-5.61438
-5.61502
-5.6153
-5.61488
-5.61535
-5.61411
-5.61475
-5.6147
-5.61529
-5.61557
-5.61615
-5.61829
-5.61814
-5.61676
-5.61693
-5.61895
-5.61874
-5.61732
-5.61752
-5.61655
-5.61586
-5.6149
-5.61434
-5.6125
-5.61387
-5.6126
-5.61161
-5.60866
-5.60929
-5.61027
-5.61191
-5.6113
-5.60913
-5.60743
-5.60819
-5.60756
-5.60912
-5.61022
-5.61403
-5.61433
-5.61328
-5.61403
-5.61294
-5.61223
-5.61315
-5.61123
-5.61171
-5.61374
-5.61388
-5.61386
-5.61373
-5.61409
-5.61519
-5.61432
-5.61431
-5.61448
-5.61644
-5.61539
-5.61396
-5.61286
-5.61506
-5.61449
-5.61249
-5.6111
-5.61164
-5.61343
-5.61599
-5.6155
-5.61724
-5.61849
-5.61925
-5.61611
-5.61344
-5.61398
-5.61237
-5.61032
-5.60795
-5.60725
-5.60696
-5.60768
-5.61028
-5.61003
-5.61227
-5.61393
-5.61265
-5.61069
-5.61164
-5.61146
-5.60934
-5.6084
-5.61074
-5.61124
-5.61079
-5.61205
-5.61341
-5.61564
-5.61479
-5.61388
-5.61373
-5.61421
-5.61377
-5.61534
-5.6134
-5.61217
-5.61235
-5.61143
-5.61042
-5.60861
-5.61044
-5.60869
-5.60879
-5.60781
-5.60935
-5.61058
-5.60968
-5.60679
-5.611
-5.60992
-5.61118
-5.61099
-5.61083
-5.61257
-5.61177
-5.61313
-5.61324
-5.61253
-5.61453
-5.61687
-5.61714
-5.61657
-5.61745
-5.6179
-5.61669
-5.61618
-5.61675
-5.61454
-5.6125
-5.60903
-5.60773
-5.60925
-5.61066
-5.61279
-5.61641
-5.61681
-5.61678
-5.61602
-5.61528
-5.61409
-5.61489
-5.61328
-5.61099
-5.61224
-5.61405
-5.61472
-5.61611
-5.61593
-5.6161
-5.615
-5.61451
-5.61457
-5.61543
-5.61418
-5.61601
-5.61578
-5.61676
-5.61834
-5.61507
-5.61472
-5.61467
-5.61523
-5.61442
-5.61424
-5.61353
-5.61276
-5.61265
-5.61285
-5.61258
-5.61395
-5.61517
-5.6139
-5.61373
-5.61439
-5.61338
-5.61363
-5.61484
-5.61504
-5.61552
-5.61434
-5.61343
-5.61154
-5.61031
-5.60974
-5.61085
-5.61139
-5.61273
-5.61228
-5.61064
-5.61159
-5.6134
-5.61435
-5.61575
-5.61442
-5.6124
-5.61172
-5.61086
-5.61183
-5.61144
-5.6126
-5.61296
-5.61329
-5.6141
-5.61525
-5.61676
-5.61843
-5.61689
-5.61747
-5.61573
-5.61491
-5.61822
-5.61708
-5.6178
-5.61891
-5.62162
-5.62066
-5.62093
-5.62088
-5.61835
-5.61768
-5.61868
-5.61732
-5.61542
-5.61242
-5.6109
-5.61039
-5.61131
-5.61373
-5.61196
-5.61237
-5.61146
-5.61032
-5.61167
-5.61176
-5.61163
-5.60974
-5.61164
-5.61155
-5.61169
-5.61297
-5.61493
-5.61195
-5.61271
-5.61364
-5.61349
-5.6136
-5.6163
-5.61676
-5.61855
-5.6181
-5.61734
-5.61757
-5.61977
-5.61973
-5.62129
-5.62078
-5.61876
-5.61872
-5.61643
-5.61746
-5.6167
-5.61651
-5.6131
-5.61239
-5.60962
-5.60945
-5.60839
-5.60711
-5.60718
-5.60595
-5.60657
-5.60628
-5.60909
-5.61321
-5.61315
-5.61456
-5.61659
-5.6144
-5.61405
-5.61543
-5.61717
-5.61565
-5.61513
-5.61474
-5.61624
-5.61753
-5.61518
-5.61836
-5.61736
-5.61863
-5.61623
-5.61553
-5.61382
-5.61518
-5.61436
-5.61395
-5.61501
-5.61564
-5.61719
-5.61749
-5.61659
-5.61392
-5.61241
-5.61298
-5.61651
-5.61636
-5.61441
-5.61418
-5.61247
-5.61201
-5.61006
-5.61197
-5.61297
-5.61332
-5.61312
-5.61666
-5.61892
-5.61829
-5.61836
-5.61923
-5.61683
-5.6152
-5.61295
-5.61372
-5.61349
-5.61483
-5.61612
-5.61463
-5.61695
-5.61428
-5.61372
-5.61415
-5.61588
-5.61586
-5.6178
-5.61775
-5.617
-5.61586
-5.61559
-5.61614
-5.61719
-5.61653
-5.61528
-5.61353
-5.61356
-5.6133
-5.61425
-5.6141
-5.61417
-5.6145
-5.61221
-5.61382
-5.61422
-5.61379
-5.61321
-5.61218
-5.60998
-5.60784
-5.6076
-5.60855
-5.60904
-5.6068
-5.60638
-5.60717
-5.60698
-5.60785
-5.6105
-5.60911
-5.60884
-5.61188
-5.61294
-5.61549
-5.61715
-5.61728
-5.6172
-5.61603
-5.61679
-5.61795
-5.61664
-5.61482
-5.61345
-5.61286
-5.61176
-5.61176
-5.61379
-5.61455
-5.61427
-5.61354
-5.61267
-5.61425
-5.61315
-5.6127
-5.61104
-5.61148
-5.61301
-5.61258
-5.61456
-5.61622
-5.61335
-5.61224
-5.60925
-5.60918
-5.60861
-5.60876
-5.60969
-5.61016
-5.60717
-5.60918
-5.61018
-5.60991
-5.60903
-5.61006
-5.61101
-5.61052
-5.60988
-5.60881
-5.60836
-5.60825
-5.60528
-5.60494
-5.60761
-5.60653
-5.6073
-5.60836
-5.60977
-5.61018
-5.61102
-5.61274
-5.6148
-5.6151
-5.61399
-5.61416
-5.61319
-5.61446
-5.61351
-5.61617
-5.61559
-5.61435
-5.61478
-5.61371
-5.61383
-5.61359
-5.61688
-5.61679
-5.61576
-5.6179
-5.61835
-5.61876
-5.6179
-5.61862
-5.61756
-5.61557
-5.61523
-5.61403
-5.615
-5.61337
-5.61273
-5.61374
-5.61188
-5.60911
-5.60712
-5.60692
-5.60567
-5.60635
-5.60969
-5.61149
-5.61196
-5.61314
-5.61443
-5.61394
-5.61511
-5.61436
-5.61375
-5.61313
-5.6114
-5.60942
-5.60576
-5.60864
-5.61097
-5.61046
-5.61121
-5.61117
-5.61248
-5.61088
-5.61245
-5.6133
-5.6144
-5.61346
-5.61371
-5.61414
-5.6144
-5.61351
-5.61312
-5.61101
-5.60985
-5.60972
-5.61233
-5.61222
-5.61296
-5.61382
-5.61406
-5.6149
-5.61469
-5.61409
-5.61384
-5.61303
-5.61264
-5.61326
-5.61284
-5.61487
-5.61421
-5.61415
-5.61475
-5.61663
-5.61485
-5.6158
-5.61685
-5.61677
-5.61504
-5.61477
-5.61252
-5.60999
-5.61066
-5.61085
-5.61014
-5.61203
-5.60967
-5.60949
-5.60885
-5.61065
-5.61034
-5.61086
-5.53462
-5.53214
-5.53019
-5.53421
-5.54171
-5.54587
-5.54288
-5.54526
-5.54662
-5.54454
-5.53988
-5.53742
-5.53891
-5.54278
-5.5481
-5.55139
-5.55425
-5.55904
-5.55787
-5.55553
-5.55282
-5.55174
-5.54972
-5.5504
-5.55146
-5.5537
-5.55366
-5.55167
-5.55016
-5.55041
-5.55127
-5.55234
-5.54922
-5.54755
-5.54534
-5.54171
-5.53947
-5.53913
-5.53854
-5.5377
-5.53973
-5.54091
-5.5417
-5.54128
-5.54147
-5.5422
-5.54285
-5.54292
-5.5436
-5.53999
-5.54164
-5.54398
-5.54636
-5.5456
-5.54421
-5.54387
-5.5444
-5.54555
-5.54444
-5.54202
-5.53953
-5.53793
-5.53531
-5.53305
-5.53544
-5.53512
-5.53315
-5.53507
-5.5337
-5.53377
-5.53316
-5.5333
-5.53475
-5.5349
-5.53316
-5.53386
-5.53327
-5.53313
-5.53579
-5.53646
-5.53709
-5.53764
-5.53872
-5.54121
-5.54241
-5.54288
-5.5461
-5.54878
-5.54895
-5.5469
-5.54427
-5.54502
-5.54439
-5.54346
-5.54137
-5.54238
-5.54094
-5.54187
-5.54121
-5.54084
-5.53944
-5.53932
-5.53858
-5.53629
-5.53669
-5.53618
-5.53538
-5.53904
-5.53641
-5.53652
-5.53588
-5.53689
-5.53838
-5.53974
-5.53802
-5.53863
-5.53791
-5.53552
-5.53275
-5.53482
-5.53565
-5.536
-5.53726
-5.53702
-5.53793
-5.53911
-5.54051
-5.54131
-5.54234
-5.5418
-5.54234
-5.54001
-5.53794
-5.53734
-5.53662
-5.53433
-5.53293
-5.53485
-5.53629
-5.53695
-5.53995
-5.54179
-5.54179
-5.54481
-5.54359
-5.54467
-5.54368
-5.54311
-5.54151
-5.53807
-5.53808
-5.53774
-5.5348
-5.5354
-5.53429
-5.53499
-5.53325
-5.53616
-5.53688
-5.53632
-5.53829
-5.54015
-5.5402
-5.54072
-5.54136
-5.53896
-5.54037
-5.5392
-5.53744
-5.53836
-5.53807
-5.53843
-5.53905
-5.53893
-5.5394
-5.54089
-5.54025
-5.54044
-5.54167
-5.54215
-5.54174
-5.53815
-5.53665
-5.53839
-5.538
-5.54011
-5.54012
-5.53756
-5.53715
-5.53726
-5.5344
-5.53322
-5.53228
-5.53295
-5.53447
-5.53697
-5.53667
-5.53585
-5.53562
-5.53643
-5.53608
-5.53682
-5.53638
-5.53598
-5.53648
-5.53547
-5.53739
-5.53934
-5.53883
-5.53758
-5.53859
-5.53888
-5.53746
-5.53854
-5.53805
-5.53744
-5.53786
-5.53772
-5.53826
-5.53705
-5.53748
-5.53879
-5.53798
-5.53888
-5.53794
-5.53488
-5.5337
-5.53607
-5.53584
-5.5349
-5.53417
-5.53367
-5.53414
-5.53414
-5.53605
-5.53705
-5.53771
-5.53983
-5.54162
-5.54128
-5.54162
-5.54168
-5.54215
-5.54089
-5.54157
-5.53976
-5.53907
-5.53883
-5.53866
-5.53847
-5.53982
-5.53722
-5.53717
-5.5355
-5.53608
-5.5366
-5.53739
-5.53526
-5.53648
-5.53756
-5.54013
-5.54021
-5.54053
-5.53707
-5.53491
-5.53599
-5.53653
-5.53444
-5.53508
-5.53503
-5.53469
-5.53307
-5.53362
-5.53454
-5.53629
-5.53618
-5.53585
-5.53765
-5.53715
-5.53795
-5.5365
-5.5383
-5.53914
-5.5378
-5.53658
-5.53674
-5.53336
-5.53182
-5.53008
-5.53172
-5.53198
-5.53323
-5.53528
-5.53692
-5.53655
-5.53741
-5.53847
-5.54094
-5.54278
-5.54356
-5.54157
-5.54061
-5.54062
-5.54198
-5.54285
-5.54269
-5.54381
-5.54232
-5.5424
-5.54245
-5.53961
-5.53751
-5.53843
-5.5362
-5.53692
-5.53892
-5.53897
-5.53842
-5.53705
-5.53536
-5.53634
-5.53768
-5.53942
-5.53967
-5.54092
-5.54094
-5.53975
-5.53993
-5.53949
-5.53978
-5.54026
-5.5372
-5.53619
-5.5357
-5.53511
-5.53414
-5.53411
-5.53406
-5.53492
-5.53402
-5.53573
-5.53539
-5.53735
-5.53925
-5.54044
-5.53964
-5.54117
-5.53969
-5.54079
-5.53973
-5.53817
-5.5377
-5.53733
-5.53542
-5.53617
-5.53864
-5.53927
-5.53971
-5.53868
-5.53815
-5.53878
-5.53821
-5.5386
-5.53856
-5.53932
-5.54123
-5.53999
-5.53788
-5.53654
-5.53835
-5.53692
-5.5388
-5.53916
-5.53764
-5.53873
-5.53882
-5.53725
-5.53696
-5.53577
-5.53378
-5.53268
-5.53283
-5.53383
-5.53687
-5.5353
-5.53641
-5.53621
-5.53724
-5.53666
-5.53685
-5.53733
-5.53536
-5.53427
-5.53284
-5.53073
-5.53014
-5.53295
-5.53457
-5.5366
-5.53869
-5.53942
-5.53927
-5.54068
-5.54199
-5.53972
-5.5389
-5.53775
-5.53674
-5.53523
-5.5355
-5.53686
-5.53541
-5.53823
-5.53786
-5.5369
-5.53637
-5.53663
-5.53609
-5.53567
-5.53593
-5.53639
-5.53627
-5.53488
-5.53514
-5.5336
-5.53396
-5.53445
-5.53099
-5.53012
-5.53119
-5.53414
-5.53562
-5.5352
-5.53698
-5.53862
-5.53944
-5.53975
-5.54083
-5.5423
-5.54092
-5.54221
-5.54272
-5.54229
-5.54268
-5.54233
-5.5422
-5.54057
-5.54057
-5.53758
-5.53608
-5.53479
-5.53407
-5.53463
-5.53171
-5.5325
-5.53187
-5.53212
-5.53357
-5.53615
-5.5355
-5.53601
-5.53659
-5.53555
-5.5378
-5.53698
-5.53612
-5.53471
-5.53384
-5.53521
-5.53372
-5.53611
-5.53798
-5.53867
-5.53891
-5.53676
-5.53631
-5.53847
-5.53725
-5.53756
-5.5381
-5.53881
-5.53925
-5.54217
-5.54221
-5.54256
-5.54135
-5.54101
-5.5378
-5.53895
-5.53796
-5.53678
-5.53575
-5.53624
-5.53444
-5.53481
-5.53519
-5.53691
-5.53824
-5.5373
-5.53522
-5.53601
-5.53689
-5.53496
-5.53639
-5.53598
-5.53693
-5.53701
-5.53591
-5.53625
-5.53801
-5.53951
-5.54066
-5.54172
-5.54231
-5.53919
-5.53691
-5.53742
-5.53846
-5.53937
-5.53859
-5.53751
-5.53661
-5.53792
-5.53884
-5.53828
-5.53901
-5.53959
-5.53968
-5.53931
-5.54175
-5.54081
-5.54292
-5.54097
-5.53831
-5.53737
-5.5328
-5.53052
-5.53242
-5.53381
-5.53549
-5.5355
-5.53458
-5.53674
-5.53842
-5.54117
-5.54158
-5.54175
-5.54255
-5.54138
-5.53931
-5.54065
-5.54259
-5.54289
-5.54058
-5.53858
-5.53462
-5.53102
-5.53106
-5.53024
-5.53024
-5.53049
-5.52848
-5.53108
-5.53311
-5.53676
-5.53729
-5.53701
-5.53887
-5.53983
-5.5383
-5.53732
-5.53803
-5.53834
-5.53614
-5.53577
-5.53701
-5.53635
-5.53663
-5.53744
-5.53636
-5.53746
-5.53804
-5.53834
-5.538
-5.53511
-5.5343
-5.53542
-5.53776
-5.5364
-5.53737
-5.53797
-5.5368
-5.53921
-5.53624
-5.53765
-5.53908
-5.54169
-5.54077
-5.54055
-5.53941
-5.54012
-5.53833
-5.53914
-5.53907
-5.53963
-5.53854
-5.53797
-5.53732
-5.53931
-5.54047
-5.54001
-5.53891
-5.53837
-5.54024
-5.54026
-5.54002
-5.54024
-5.54132
-5.54301
-5.54216
-5.544
-5.54341
-5.54296
-5.54415
-5.54556
-5.54512
-5.54276
-5.53982
-5.53865
-5.53875
-5.53768
-5.53649
-5.53589
-5.53781
-5.53707
-5.53684
-5.53702
-5.53751
-5.53885
-5.53744
-5.53686
-5.53744
-5.537
-5.53659
-5.5363
-5.53555
-5.53499
-5.53485
-5.53695
-5.53726
-5.53991
-5.53875
-5.54001
-5.5399
-5.53824
-5.53576
-5.53638
-5.53428
-5.53618
-5.53873
-5.53989
-5.53962
-5.53889
-5.53804
-5.53872
-5.53901
-5.53832
-5.53704
-5.53555
-5.53449
-5.5338
-5.53436
-5.53287
-5.5323
-5.53212
-5.5312
-5.5329
-5.5337
-5.53353
-5.53448
-5.5366
-5.53901
-5.53966
-5.5389
-5.53916
-5.53704
-5.53649
-5.53819
-5.53758
-5.53724
-5.53526
-5.53883
-5.53898
-5.53838
-5.53733
-5.5364
-5.5368
-5.53619
-5.5352
-5.53645
-5.53644
-5.53814
-5.53903
-5.54075
-5.53909
-5.53753
-5.53661
-5.53555
-5.53651
-5.53491
-5.53465
-5.53513
-5.5361
-5.53727
-5.53801
-5.53743
-5.5353
-5.5369
-5.53589
-5.53562
-5.53422
-5.53451
-5.5363
-5.53713
-5.53876
-5.5385
-5.53961
-5.5408
-5.54013
-5.54147
-5.53996
-5.53735
-5.538
-5.5369
-5.53837
-5.53688
-5.53784
-5.53755
-5.5365
-5.53684
-5.53722
-5.53796
-5.53721
-5.53868
-5.53478
-5.53537
-5.5376
-5.53691
-5.53677
-5.53807
-5.53785
-5.53893
-5.54023
-5.5423
-5.53893
-5.5408
-5.54147
-5.54136
-5.54095
-5.54072
-5.54177
-5.54087
-5.53949
-5.53935
-5.53862
-5.54009
-5.54151
-5.54075
-5.53838
-5.53717
-5.53598
-5.53479
-5.53706
-5.53582
-5.5348
-5.53523
-5.53549
-5.53532
-5.53639
-5.53717
-5.53738
-5.53867
-5.53878
-5.5386
-5.53836
-5.53798
-5.53843
-5.53785
-5.53575
-5.53549
-5.53708
-5.53676
-5.53818
-5.53799
-5.53662
-5.53432
-5.53419
-5.5354
-5.53603
-5.53989
-5.53966
-5.54188
-5.54344
-5.54069
-5.53942
-5.54194
-5.53831
-5.53773
-5.53714
-5.53705
-5.53472
-5.5348
-5.53241
-5.53461
-5.53604
-5.53553
-5.53487
-5.53462
-5.53773
-5.53814
-5.53915
-5.54276
-5.54314
-5.54313
-5.54366
-5.54081
-5.53978
-5.53839
-5.54065
-5.54051
-5.53937
-5.54018
-5.53929
-5.54078
-5.54249
-5.5423
-5.54403
-5.54313
-5.54129
-5.54087
-5.5397
-5.53754
-5.53709
-5.53843
-5.53877
-5.5359
-5.53824
-5.53992
-5.54015
-5.54069
-5.54201
-5.54364
-5.54233
-5.54105
-5.53928
-5.53879
-5.53807
-5.53562
-5.53374
-5.53337
-5.53432
-5.53611
-5.53481
-5.53631
-5.53391
-5.53383
-5.53477
-5.53344
-5.53301
-5.53344
-5.53372
-5.53484
-5.53623
-5.53318
-5.53233
-5.5322
-5.5325
-5.5324
-5.53491
-5.53529
-5.53442
-5.53363
-5.53392
-5.53567
-5.53695
-5.53782
-5.53741
-5.53775
-5.53668
-5.53619
-5.53751
-5.53889
-5.54184
-5.54334
-5.5427
-5.54316
-5.54319
-5.54192
-5.54169
-5.54059
-5.54054
-5.53858
-5.53981
-5.54258
-5.54103
-5.53843
-5.53645
-5.53516
-5.53239
-5.53338
-5.53495
-5.53515
-5.53554
-5.53694
-5.53726
-5.53575
-5.53718
-5.53824
-5.53927
-5.53805
-5.5348
-5.53464
-5.5339
-5.53359
-5.53459
-5.53546
-5.5374
-5.53647
-5.53844
-5.53999
-5.54044
-5.54138
-5.54382
-5.54582
-5.54607
-5.5455
-5.54147
-5.54179
-5.54103
-5.54029
-5.53935
-5.53929
-5.53657
-5.53731
-5.5369
-5.53814
-5.53772
-5.53751
-5.53558
-5.53654
-5.53588
-5.53722
-5.53704
-5.53631
-5.53597
-5.53565
-5.53589
-5.53856
-5.53748
-5.53719
-5.5381
-5.53737
-5.53539
-5.53444
-5.53489
-5.53482
-5.53461
-5.53688
-5.53836
-5.53934
-5.54037
-5.54173
-5.54234
-5.54049
-5.53968
-5.53955
-5.5398
-5.53955
-5.53926
-5.53841
-5.53869
-5.53817
-5.53711
-5.5406
-5.53921
-5.53974
-5.53868
-5.54026
-5.54059
-5.54003
-5.54113
-5.54093
-5.54038
-5.54008
-5.53871
-5.53593
-5.53078
-5.53008
-5.53102
-5.52918
-5.46516
-5.4618
-5.46292
-5.46552
-5.46619
-5.46866
-5.47058
-5.47225
-5.47147
-5.47127
-5.46946
-5.47062
-5.47022
-5.47118
-5.47092
-5.47037
-5.4727
-5.4707
-5.46753
-5.46806
-5.46945
-5.46863
-5.468
-5.46863
-5.46991
-5.47179
-5.47252
-5.47292
-5.4738
-5.47436
-5.47228
-5.47145
-5.47102
-5.46922
-5.46756
-5.46686
-5.46624
-5.46624
-5.46696
-5.4669
-5.46532
-5.46643
-5.46714
-5.46562
-5.46487
-5.46367
-5.46528
-5.46612
-5.46643
-5.46707
-5.46627
-5.46779
-5.46803
-5.47022
-5.46993
-5.46922
-5.47149
-5.47004
-5.4688
-5.46775
-5.46786
-5.46815
-5.46891
-5.47043
-5.47266
-5.47424
-5.47442
-5.4735
-5.47309
-5.47451
-5.4752
-5.47388
-5.47024
-5.47135
-5.46909
-5.4686
-5.46792
-5.46805
-5.46844
-5.46791
-5.46724
-5.46753
-5.4669
-5.46923
-5.47118
-5.47062
-5.47069
-5.47299
-5.47142
-5.4718
-5.47176
-5.4721
-5.47343
-5.4729
-5.47255
-5.47181
-5.47198
-5.4708
-5.47184
-5.47223
-5.47201
-5.46989
-5.47046
-5.47019
-5.46817
-5.46671
-5.4671
-5.46832
-5.46868
-5.46683
-5.46915
-5.46782
-5.46892
-5.46981
-5.47115
-5.47327
-5.47327
-5.47347
-5.47327
-5.47145
-5.47198
-5.47006
-5.47123
-5.47156
-5.47425
-5.47436
-5.47314
-5.47028
-5.47032
-5.47106
-5.46929
-5.47081
-5.46905
-5.46875
-5.47183
-5.4696
-5.4693
-5.47043
-5.47117
-5.4696
-5.47178
-5.47207
-5.47262
-5.47363
-5.47412
-5.47308
-5.47279
-5.47489
-5.47489
-5.47611
-5.47733
-5.47443
-5.47397
-5.47469
-5.47437
-5.47425
-5.47783
-5.47853
-5.47791
-5.47757
-5.47526
-5.47262
-5.47353
-5.47475
-5.47366
-5.47156
-5.47267
-5.47375
-5.47417
-5.47422
-5.47584
-5.47804
-5.4779
-5.47637
-5.47574
-5.47503
-5.47333
-5.47393
-5.47238
-5.4697
-5.46813
-5.46597
-5.46378
-5.46604
-5.46497
-5.46544
-5.46653
-5.46502
-5.46617
-5.46581
-5.46561
-5.46618
-5.46525
-5.46891
-5.47101
-5.47219
-5.47342
-5.47463
-5.4747
-5.47451
-5.4737
-5.47301
-5.47226
-5.47122
-5.47024
-5.47025
-5.47057
-5.47053
-5.46854
-5.46952
-5.47
-5.47001
-5.47091
-5.46813
-5.47065
-5.47061
-5.47312
-5.47199
-5.47339
-5.47601
-5.47722
-5.47825
-5.47807
-5.47862
-5.47475
-5.47298
-5.46983
-5.46927
-5.46685
-5.46558
-5.46583
-5.46693
-5.46692
-5.46673
-5.46795
-5.46865
-5.46855
-5.46739
-5.46648
-5.46738
-5.46759
-5.4694
-5.47031
-5.46995
-5.46944
-5.46899
-5.46915
-5.46976
-5.4693
-5.46688
-5.46771
-5.46659
-5.46826
-5.46969
-5.47016
-5.46899
-5.46975
-5.47085
-5.47065
-5.47172
-5.46979
-5.47158
-5.47153
-5.47126
-5.47085
-5.47037
-5.47119
-5.47235
-5.4742
-5.47286
-5.47256
-5.47235
-5.47187
-5.46882
-5.46936
-5.4688
-5.47047
-5.47117
-5.47178
-5.47373
-5.47429
-5.47463
-5.47535
-5.47546
-5.47689
-5.47481
-5.4725
-5.47293
-5.47063
-5.46989
-5.46857
-5.46778
-5.46799
-5.46766
-5.46645
-5.46813
-5.46931
-5.47079
-5.47182
-5.47366
-5.47405
-5.47273
-5.4707
-5.47054
-5.47188
-5.4721
-5.47313
-5.47046
-5.47194
-5.47085
-5.47012
-5.47073
-5.47166
-5.47162
-5.46993
-5.46857
-5.46761
-5.46561
-5.46629
-5.46883
-5.46962
-5.47002
-5.47191
-5.47201
-5.4756
-5.47427
-5.47501
-5.47484
-5.47459
-5.47544
-5.47329
-5.47116
-5.46999
-5.46678
-5.46847
-5.46845
-5.46606
-5.46784
-5.46707
-5.46641
-5.46779
-5.46664
-5.46543
-5.46575
-5.46538
-5.46733
-5.46913
-5.47216
-5.47219
-5.47362
-5.47691
-5.47696
-5.47595
-5.47392
-5.47041
-5.46983
-5.46913
-5.46906
-5.46989
-5.46922
-5.46887
-5.46812
-5.46919
-5.4711
-5.46934
-5.47008
-5.46913
-5.46975
-5.47034
-5.47126
-5.47062
-5.4685
-5.46854
-5.46788
-5.46651
-5.46729
-5.46919
-5.4698
-5.47025
-5.47327
-5.47319
-5.47259
-5.47221
-5.47035
-5.46921
-5.46903
-5.46927
-5.4689
-5.46873
-5.47056
-5.47048
-5.47311
-5.47209
-5.47321
-5.475
-5.47655
-5.47414
-5.4729
-5.47199
-5.47194
-5.47107
-5.47079
-5.46792
-5.46658
-5.46789
-5.46946
-5.47019
-5.47134
-5.47097
-5.47073
-5.47104
-5.47168
-5.47147
-5.47049
-5.46947
-5.46873
-5.46851
-5.46777
-5.46867
-5.46891
-5.46982
-5.46853
-5.46957
-5.46999
-5.47196
-5.47281
-5.47246
-5.47314
-5.47386
-5.47207
-5.47301
-5.47224
-5.47175
-5.47253
-5.47333
-5.47197
-5.47113
-5.47059
-5.47196
-5.47193
-5.47463
-5.47509
-5.47452
-5.47514
-5.47396
-5.47101
-5.46996
-5.46802
-5.46727
-5.46835
-5.47051
-5.47029
-5.47011
-5.4702
-5.46898
-5.46818
-5.46571
-5.46692
-5.46715
-5.46879
-5.46831
-5.47012
-5.47207
-5.47486
-5.47508
-5.47299
-5.47255
-5.47292
-5.47236
-5.47326
-5.47438
-5.47434
-5.4752
-5.47644
-5.47471
-5.47399
-5.47509
-5.4737
-5.47322
-5.47149
-5.47306
-5.47396
-5.47406
-5.47509
-5.4772
-5.47674
-5.47821
-5.47752
-5.4764
-5.47725
-5.47626
-5.47405
-5.47414
-5.47129
-5.47043
-5.47071
-5.46834
-5.46852
-5.46983
-5.47014
-5.46793
-5.46572
-5.46743
-5.46795
-5.4671
-5.46663
-5.46697
-5.46754
-5.46898
-5.46966
-5.47306
-5.47299
-5.47363
-5.47299
-5.47515
-5.47513
-5.47705
-5.47602
-5.47435
-5.47375
-5.47074
-5.46931
-5.46702
-5.46791
-5.46701
-5.46766
-5.4691
-5.47078
-5.47385
-5.47401
-5.47668
-5.47656
-5.47578
-5.47425
-5.47585
-5.47581
-5.47524
-5.46978
-5.4706
-5.47074
-5.46768
-5.46756
-5.46832
-5.47013
-5.4722
-5.47279
-5.47094
-5.46901
-5.46871
-5.46752
-5.46701
-5.46682
-5.47009
-5.47095
-5.47259
-5.4724
-5.47201
-5.47215
-5.46936
-5.4692
-5.46627
-5.46512
-5.46389
-5.46428
-5.46385
-5.46434
-5.46697
-5.46779
-5.4718
-5.47383
-5.47392
-5.47517
-5.47553
-5.47518
-5.47425
-5.4731
-5.47241
-5.47115
-5.47184
-5.46926
-5.4702
-5.47017
-5.47023
-5.4685
-5.46828
-5.46762
-5.46847
-5.46984
-5.46874
-5.4706
-5.47076
-5.47231
-5.4732
-5.47109
-5.47088
-5.4717
-5.47043
-5.4711
-5.46994
-5.47094
-5.4703
-5.47038
-5.47182
-5.47029
-5.47208
-5.47372
-5.47445
-5.47488
-5.4751
-5.47355
-5.47454
-5.47324
-5.46934
-5.47162
-5.47263
-5.47333
-5.47534
-5.47448
-5.47558
-5.47474
-5.47459
-5.47329
-5.4748
-5.4727
-5.47243
-5.47483
-5.47196
-5.47248
-5.47342
-5.47282
-5.47365
-5.47536
-5.47353
-5.4744
-5.47469
-5.47203
-5.47052
-5.47048
-5.46912
-5.47047
-5.47046
-5.47295
-5.47361
-5.47388
-5.47462
-5.47283
-5.47278
-5.47199
-5.47057
-5.4696
-5.47077
-5.47118
-5.47179
-5.47122
-5.47223
-5.47406
-5.47468
-5.47612
-5.47563
-5.47817
-5.47856
-5.47505
-5.47529
-5.47307
-5.47396
-5.4722
-5.47213
-5.47131
-5.47285
-5.47231
-5.47214
-5.47263
-5.47439
-5.47533
-5.47194
-5.47054
-5.47001
-5.47177
-5.46875
-5.46712
-5.46586
-5.46688
-5.46824
-5.46774
-5.46844
-5.46908
-5.47218
-5.47207
-5.47284
-5.47216
-5.47034
-5.47123
-5.46936
-5.46833
-5.46789
-5.46905
-5.47126
-5.47102
-5.46995
-5.47159
-5.47196
-5.46878
-5.47115
-5.4714
-5.47244
-5.47025
-5.46785
-5.46838
-5.46938
-5.47008
-5.47098
-5.46985
-5.46922
-5.47028
-5.47261
-5.47417
-5.47491
-5.47421
-5.47311
-5.47398
-5.47524
-5.47559
-5.47525
-5.47545
-5.47389
-5.47319
-5.46891
-5.46889
-5.46894
-5.471
-5.47048
-5.47477
-5.47447
-5.47325
-5.47316
-5.47434
-5.47293
-5.47301
-5.474
-5.47605
-5.47494
-5.4743
-5.47228
-5.4728
-5.47103
-5.47186
-5.47146
-5.47118
-5.47104
-5.47292
-5.47285
-5.47172
-5.47244
-5.47144
-5.47364
-5.47224
-5.46948
-5.47058
-5.47139
-5.47299
-5.4725
-5.46953
-5.47164
-5.4712
-5.4711
-5.46921
-5.46861
-5.46819
-5.46799
-5.46992
-5.4706
-5.47156
-5.47244
-5.47133
-5.47022
-5.46984
-5.47186
-5.47338
-5.47312
-5.47303
-5.47147
-5.47099
-5.47149
-5.47152
-5.47057
-5.47018
-5.47007
-5.46973
-5.46904
-5.47035
-5.46953
-5.46915
-5.46822
-5.46477
-5.46526
-5.46451
-5.46413
-5.46221
-5.46426
-5.46806
-5.46939
-5.46984
-5.47032
-5.47139
-5.4707
-5.47205
-5.4712
-5.47108
-5.46859
-5.46905
-5.47133
-5.47065
-5.4712
-5.47068
-5.46964
-5.47091
-5.47082
-5.47216
-5.4723
-5.47355
-5.47275
-5.47162
-5.47151
-5.474
-5.47446
-5.47311
-5.47088
-5.46813
-5.46955
-5.47047
-5.46948
-5.46864
-5.46726
-5.46772
-5.4688
-5.46703
-5.46689
-5.46746
-5.4666
-5.46764
-5.46898
-5.47161
-5.47063
-5.47157
-5.47063
-5.47213
-5.47373
-5.47591
-5.47577
-5.47905
-5.47839
-5.47834
-5.47762
-5.47611
-5.47594
-5.47367
-5.47288
-5.47167
-5.46916
-5.4687
-5.46848
-5.46734
-5.46761
-5.46802
-5.46755
-5.46738
-5.46961
-5.47015
-5.47333
-5.47577
-5.47642
-5.47598
-5.47559
-5.47256
-5.47132
-5.46875
-5.46873
-5.46922
-5.46883
-5.47038
-5.47021
-5.46758
-5.46861
-5.47021
-5.46963
-5.4706
-5.47154
-5.47202
-5.47317
-5.47036
-5.47128
-5.47045
-5.46951
-5.46782
-5.46762
-5.46892
-5.47174
-5.47258
-5.47347
-5.47254
-5.47339
-5.4721
-5.47028
-5.46824
-5.46792
-5.46765
-5.469
-5.46897
-5.46944
-5.46942
-5.46891
-5.46957
-5.46883
-5.46964
-5.46785
-5.46743
-5.46874
-5.47024
-5.47063
-5.46694
-5.46726
-5.46736
-5.46855
-5.46819
-5.46685
-5.468
-5.47087
-5.47189
-5.47234
-5.47292
-5.47147
-5.47231
-5.47258
-5.47137
-5.47034
-5.47208
-5.46911
-5.46913
-5.46814
-5.47088
-5.46918
-5.47145
-5.46936
-5.46948
-5.46867
-5.4683
-5.46874
-5.46738
-5.46777
-5.46898
-5.47071
-5.46969
-5.46907
-5.47099
-5.47044
-5.46993
-5.47041
-5.46903
-5.4691
-5.46815
-5.46945
-5.46914
-5.46761
-5.46952
-5.47172
-5.47142
-5.4702
-5.47021
-5.47059
-5.47309
-5.47215
-5.47259
-5.47247
-5.47118
-5.46906
-5.46841
-5.46988
-5.47028
-5.47126
-5.4719
-5.47293
-5.46827
-5.46801
-5.47055
-5.4684
-5.46829
-5.46884
-5.46933
-5.47101
-5.47193
-5.47244
-5.47001
-5.46764
-5.46896
-5.4682
-5.46826
-5.47072
-5.4709
-5.46867
-5.46881
