1.1898
1.15475
1.09587
1.01512
0.915578
0.802059
0.681374
0.562059
0.45361
0.365031
0.303138
0.271121
0.268051
0.28941
0.328339
0.377129
0.428505
0.476476
0.516679
0.546522
0.565079
0.572861
0.571539
0.563731
0.552472
0.540982
0.532176
0.528338
0.530847
0.540052
0.55536
0.575396
0.598366
0.622354
0.645704
0.667148
0.685903
0.70164
0.714265
0.723749
0.729913
0.732505
0.731173
0.725611
0.715597
0.701162
0.682683
0.660989
0.637229
0.612805
0.589279
0.568262
0.551221
0.539216
0.532867
0.532218
0.536767
0.545632
0.557633
0.571427
0.585629
0.598988
0.610544
0.619668
0.626103
0.629822
0.630966
0.629876
0.62705
0.623098
0.618774
0.61494
0.612394
0.611676
0.613061
0.616609
0.622098
0.629115
0.637146
0.645536
0.653494
0.660216
0.664981
0.667333
0.667143
0.664595
0.660136
0.654351
0.647776
0.640917
0.634075
0.627285
0.620499
0.613429
0.605649
0.596793
0.586648
0.575227
0.562919
0.550506
0.539089
0.529924
0.524179
0.522617
0.525421
0.532207
0.542195
0.55447
0.568302
0.583301
0.599345
0.616457
0.634514
0.653021
0.671069
0.687465
0.700912
0.710419
0.71531
0.715314
0.710628
0.701778
0.689586
0.675022
0.659135
0.643026
0.627607
0.61373
0.602106
0.593233
0.587308
0.584112
0.583194
0.583854
0.585306
0.586812
0.587809
0.587952
0.587152
0.585593
0.583684
0.581971
0.581063
0.58148
0.583574
0.587426
0.592737
0.598869
0.604935
0.609918
0.612874
0.613152
0.610553
0.605355
0.598197
0.589976
0.581634
0.57409
0.568194
0.564696
0.56428
0.567591
0.575079
0.586909
0.602815
0.621925
0.642889
0.66409
0.683828
0.700477
0.712696
0.719596
0.720835
0.716529
0.707264
0.693912
0.67764
0.659666
0.641161
0.623157
0.606442
0.591651
0.579171
0.569252
0.562023
0.557425
0.555237
0.555094
0.556418
0.558419
0.560168
0.560835
0.559836
0.557066
0.553044
0.54879
0.545664
0.545071
0.548308
0.556346
0.56968
0.58822
0.611212
0.637284
0.664659
0.691383
0.715628
0.735948
0.751318
0.761144
0.765184
0.763462
0.756148
0.743525
0.725997
0.704209
0.679039
0.65167
0.623447
0.595655
0.569473
0.545777
0.525241
0.508375
0.495675
0.487627
0.48458
0.486671
0.493694
0.505091
0.520069
0.537742
0.55726
0.577793
0.598518
0.618603
0.637128
0.653125
0.665666
0.674015
0.677752
0.676875
0.671746
0.663032
0.651724
0.639026
0.626123
0.61407
0.603768
0.59585
0.590686
0.588326
0.588581
0.590985
0.594851
0.599401
0.603898
0.607696
0.610323
0.611638
0.611877
0.611574
0.611554
0.612527
0.614905
0.618663
0.6234
0.628427
0.632932
0.636239
0.638084
0.638609
0.63848
0.638516
0.639502
0.642016
0.64627
0.652057
0.65883
0.665821
0.672138
0.676821
0.67886
0.677246
0.671052
0.659541
0.642485
0.620477
0.595115
0.569037
0.545556
0.527889
0.518202
0.517102
0.523737
0.536401
0.553161
0.572169
0.591741
0.61031
0.626472
0.639136
0.647625
0.651627
0.651283
0.647022
0.639612
0.629985
0.619156
0.60806
0.597537
0.588353
0.581184
0.576579
0.575018
0.57678
0.581816
0.589738
0.599723
0.610613
0.621173
0.63025
0.636942
0.640792
0.64173
0.639993
0.636069
0.630563
0.624147
0.61743
0.611067
0.6058
0.602216
0.600664
0.601125
0.603178
0.606199
0.609505
0.61251
0.614902
0.616777
0.618453
0.620325
0.622827
0.626231
0.630569
0.635626
0.640944
0.645877
0.649629
0.651534
0.651119
0.64815
0.642686
0.63508
0.625893
0.615791
0.605579
0.596032
0.587935
0.581847
0.578011
0.576368
0.576469
0.57769
0.579377
0.581008
0.582283
0.583023
0.583194
0.582933
0.582474
0.582214
0.582615
0.584227
0.587585
0.592993
0.600479
0.609753
0.62027
0.631429
0.642653
0.653409
0.663186
0.671453
0.677697
0.681472
0.682311
0.679972
0.674452
0.666064
0.655409
0.643321
0.630685
0.618386
0.607183
0.597702
0.590388
0.585453
0.582851
0.582317
0.583363
0.58531
0.587513
0.589284
0.590098
0.58955
0.587394
0.583501
0.57787
0.570777
0.562722
0.554474
0.547047
0.541633
0.539393
0.541311
0.54791
0.559191
0.574599
0.593109
0.613357
0.633858
0.653181
0.670117
0.683795
0.693624
0.699271
0.700725
0.698189
0.692128
0.683151
0.672055
0.659694
0.646985
0.634831
0.624085
0.615448
0.609411
0.606156
0.605506
0.607066
0.610388
0.61497
0.620304
0.625758
0.630709
0.634416
0.636267
0.635709
0.632427
0.626391
0.617819
0.607213
0.595291
0.58293
0.571069
0.560635
0.552438
0.547085
0.544885
0.545737
0.549201
0.5546
0.56119
0.56828
0.575394
0.582288
0.588943
0.5954
0.601586
0.607484
0.613122
0.618681
0.62441
0.630591
0.637271
0.644292
0.651329
0.657904
0.663617
0.668132
0.671253
0.672861
0.672845
0.671092
0.66746
0.661844
0.654334
0.645302
0.635315
0.62522
0.615993
0.608439
0.603226
0.600664
0.600715
0.603045
0.607063
0.612014
0.61705
0.621404
0.624511
0.6261
0.626214
0.625192
0.623578
0.621906
0.620568
0.619674
0.619133
0.618692
0.618183
0.617502
0.616736
0.615955
0.61518
0.61434
0.613278
0.611833
0.60997
0.607742
0.605234
0.602568
0.599762
0.596698
0.593253
0.589317
0.584936
0.580407
0.576198
0.572841
0.570824
0.570507
0.572141
0.575871
0.581728
0.589552
0.598991
0.609492
0.620349
0.630718
0.639764
0.646732
0.650983
0.652089
0.649885
0.644563
0.636758
0.627489
0.618057
0.609779
0.6038
0.600771
0.600683
0.602971
0.606818
0.61126
0.61542
0.618663
0.620667
0.621262
0.620496
0.618515
0.615554
0.611809
0.60743
0.602509
0.597143
0.59154
0.585869
0.580497
0.575863
0.572474
0.570917
0.571763
0.575621
0.582978
0.594064
0.608559
0.625533
0.643449
0.660409
0.674612
0.684722
0.69021
0.691366
0.689034
0.684322
0.678298
0.671742
0.665014
0.658106
0.65078
0.642838
0.634249
0.62524
0.616358
0.608241
0.601474
0.596418
0.593058
0.590986
0.589544
0.587887
0.585258
0.58111
0.575233
0.567818
0.559507
0.551412
0.544914
0.541528
0.542572
0.548911
0.560674
0.57716
0.596882
0.617921
0.638381
0.656724
0.671737
0.682625
0.688853
0.690127
0.68638
0.677864
0.665274
0.649762
0.632784
0.615981
0.600883
0.588696
0.580068
0.575113
0.573463
0.574443
0.577415
0.581918
0.587617
0.594206
0.601273
0.60819
0.614236
0.618718
0.621172
0.621468
0.619897
0.61702
0.613621
0.610521
0.608453
0.607992
0.60942
0.6128
0.617949
0.624483
0.631786
0.639097
0.645568
0.650412
0.65292
0.652535
0.64894
0.642071
0.631994
0.619015
0.603695
0.58684
0.569528
0.553041
0.538825
0.528312
0.522719
0.522904
0.529154
0.54111
0.557841
0.577973
0.599809
0.621601
0.64168
0.658667
0.671503
0.679621
0.683018
0.682098
0.677609
0.670457
0.661564
0.651812
0.641859
0.632144
0.622904
0.61418
0.605874
0.597905
0.590394
0.583817
0.578801
0.57601
0.575845
0.57823
0.582721
0.588611
0.595088
0.601364
0.606784
0.610829
0.613223
0.613879
0.61291
0.610586
0.607384
0.603771
0.600364
0.597816
0.596733
0.597559
0.60051
0.605542
0.612349
0.620399
0.628964
0.637199
0.644225
0.649273
0.651755
0.651293
0.64786
0.64175
0.633587
0.624168
0.614292
0.604761
0.596197
0.589138
0.584075
0.581398
0.581298
0.583728
0.58825
0.594261
0.601017
0.607827
0.61413
0.619557
0.624016
0.627624
0.630519
0.632816
0.63457
0.635676
0.635945
0.635054
0.632682
0.628571
0.622612
0.614834
0.60554
0.595304
0.585076
0.576006
0.569321
0.566147
0.567388
0.573412
0.58405
0.5986
0.615832
0.634249
0.652277
0.668356
0.681101
0.689419
0.692505
0.689929
0.681686
0.668272
0.650668
0.630258
0.608812
0.588307
0.570648
0.55744
0.549759
0.547994
0.551842
0.560372
0.572243
0.585974
0.600119
0.613501
0.625313
0.635108
0.642759
0.64833
0.652001
0.653965
0.65435
0.653303
0.650951
0.647417
0.642808
0.637201
0.630727
0.62359
0.616149
0.608908
0.6025
0.597582
0.594699
0.594236
0.596348
0.600936
0.6077
0.616075
0.625362
0.634675
0.643072
0.649526
0.653164
0.653238
0.649333
0.641437
0.629958
0.615706
0.599776
0.583489
0.568246
0.555336
0.545777
0.540147
0.538593
0.540933
0.546766
0.55563
0.567031
0.580467
0.595382
0.611098
0.626737
0.641302
0.653737
0.663141
0.668855
0.670592
0.668431
0.662859
0.65463
0.644743
0.634354
0.624548
0.616274
0.610114
0.606405
0.605185
0.606211
0.609072
0.613223
0.618108
0.623106
0.627687
0.631398
0.633706
0.634183
0.632528
0.628621
0.622464
0.614223
0.604287
0.593188
0.581664
0.57066
0.561233
0.554494
0.551392
0.552521
0.558022
0.567442
0.579809
0.593873
0.60831
0.62186
0.633497
0.64246
0.648174
0.650293
0.64868
0.643456
0.635033
0.624108
0.611645
0.598861
0.587091
0.57754
0.571099
0.568196
0.568912
0.573015
0.58013
0.589886
0.601812
0.615447
0.630151
0.645186
0.659727
0.672982
0.684271
0.692998
0.698647
0.700735
0.698808
0.69262
0.682158
0.667843
0.650519
0.631466
0.612271
0.594794
0.580831
0.571813
0.568455
0.570447
0.576504
0.584607
0.592559
0.598384
0.600787
0.599444
0.594971
0.58875
0.582608
0.578265
0.577037
0.579581
0.585893
0.595421
0.607184
0.619994
0.632607
0.643789
0.652552
0.658105
0.659975
0.658123
0.652893
0.644964
0.635189
0.624563
0.613984
0.604151
0.59556
0.588436
0.582844
0.578802
0.576414
0.575871
0.577371
0.581015
0.586731
0.594257
0.603215
0.613154
0.623644
0.634168
0.644164
0.652871
0.659546
0.663481
0.664187
0.661524
0.655755
0.647491
0.637574
0.626889
0.616161
0.605966
0.5968
0.589022
0.582948
0.57886
0.576937
0.577257
0.579716
0.584119
0.590191
0.597655
0.606216
0.61543
0.62463
0.633
0.639619
0.643637
0.644471
0.641922
0.636124
0.62757
0.616999
0.605379
1.17976
1.14523
1.10016
1.04859
0.995341
0.945234
0.90263
0.870582
0.85054
0.842217
0.84403
0.853447
0.867421
0.882646
0.896066
0.905514
0.910057
0.910176
0.907478
0.903846
0.900885
0.899376
0.8994
0.900603
0.902691
0.905456
0.908808
0.912733
0.917145
0.921876
0.926938
0.932639
0.939386
0.947453
0.956678
0.966471
0.97576
0.983178
0.987326
0.987002
0.981477
0.970463
0.954205
0.933268
0.908531
0.881187
0.852768
0.825144
0.800489
0.781136
0.769315
0.766843
0.77461
0.79234
0.818446
0.850182
0.8843
0.917938
0.949031
0.976332
0.999057
1.01652
1.02795
1.03272
1.03067
1.02232
1.00884
0.99192
0.973579
0.955888
0.940747
0.92971
0.923872
0.923687
0.928805
0.937961
0.949175
0.960335
0.969644
0.975941
0.9788
0.978258
0.974498
0.967526
0.957446
0.944623
0.92984
0.914191
0.899002
0.885642
0.875163
0.86838
0.865892
0.867925
0.874377
0.884833
0.898442
0.913987
0.929964
0.944827
0.957138
0.965783
0.970211
0.970498
0.96726
0.961528
0.954627
0.948
0.942748
0.939462
0.938207
0.938609
0.940057
0.941866
0.943325
0.943633
0.941961
0.937679
0.930514
0.920738
0.90919
0.897225
0.886386
0.87805
0.873061
0.871508
0.872755
0.875585
0.878638
0.880725
0.881011
0.879228
0.875599
0.870742
0.865553
0.860919
0.857453
0.855364
0.854342
0.853827
0.853351
0.852999
0.85346
0.855755
0.860638
0.868355
0.878563
0.890803
0.904885
0.920744
0.938171
0.956597
0.974924
0.991798
1.00573
1.01528
1.01923
1.01663
1.00726
0.991868
0.97216
0.950719
0.930536
0.914266
0.903777
0.899884
0.902291
0.909689
0.920165
0.931627
0.942218
0.95043
0.955151
0.955562
0.951261
0.942528
0.930261
0.916224
0.902625
0.891454
0.883869
0.879968
0.879109
0.880467
0.883433
0.88758
0.892623
0.898303
0.90448
0.911262
0.919012
0.928052
0.938464
0.949972
0.961838
0.973059
0.982541
0.989434
0.993214
0.993833
0.991901
0.988533
0.985223
0.983439
0.984166
0.987577
0.993132
0.999751
1.00606
1.01075
1.01251
1.01021
1.00313
0.990885
0.973575
0.951641
0.925846
0.89745
0.868337
0.841098
0.818748
0.80403
0.798582
0.802412
0.814007
0.830968
0.850802
0.871488
0.891647
0.910433
0.927187
0.941244
0.951953
0.958942
0.962243
0.962334
0.96013
0.956552
0.952451
0.948287
0.944225
0.940305
0.936656
0.933544
0.931307
0.930107
0.929871
0.930297
0.931027
0.931826
0.932652
0.933639
0.934808
0.936064
0.937092
0.937444
0.93662
0.93418
0.929859
0.923719
0.91637
0.908898
0.902679
0.898832
0.897877
0.899769
0.904002
0.909905
0.916982
0.924958
0.933673
0.942846
0.952004
0.960432
0.967358
0.972208
0.975015
0.976443
0.97762
0.979535
0.9827
0.986692
0.990333
0.992193
0.990976
0.985747
0.97605
0.961999
0.944171
0.923559
0.90136
0.878871
0.857539
0.839001
0.82511
0.817707
0.818274
0.827735
0.846156
0.872695
0.905473
0.941448
0.976651
1.00663
1.02719
1.03514
1.0291
1.00986
0.980499
0.945936
0.911829
0.883162
0.863056
0.85244
0.850565
0.855684
0.865588
0.878016
0.890775
0.90194
0.90985
0.913381
0.912049
0.9062
0.897004
0.886408
0.876896
0.871107
0.871409
0.879435
0.895708
0.919587
0.949392
0.982609
1.01609
1.04659
1.07109
1.08713
1.0932
1.08873
1.07424
1.05133
1.02261
0.991216
0.960356
0.932711
0.910154
0.893638
0.883346
0.879001
0.87991
0.885142
0.893632
0.904282
0.915844
0.926933
0.936034
0.941743
0.942957
0.939193
0.930745
0.918681
0.904534
0.889985
0.876451
0.864912
0.85605
0.850484
0.848892
0.851841
0.859477
0.871067
0.884819
0.898399
0.909733
0.917683
0.92234
0.924647
0.925837
0.926844
0.928016
0.929235
0.930131
0.930337
0.929869
0.929317
0.929639
0.931814
0.936476
0.943578
0.952442
0.962009
0.971147
0.978958
0.984812
0.988325
0.989232
0.987451
0.983176
0.976823
0.9688
0.959354
0.948491
0.936146
0.922654
0.909002
0.896971
0.888702
0.886036
0.889792
0.899421
0.913108
0.928483
0.943276
0.955676
0.964581
0.969355
0.969774
0.965841
0.957862
0.946463
0.932668
0.917607
0.902468
0.888349
0.876091
0.86626
0.858855
0.853169
0.8483
0.843963
0.841162
0.842068
0.848917
0.862677
0.882445
0.9059
0.930199
0.952845
0.972081
0.986689
0.99591
0.99951
0.997679
0.990986
0.980277
0.966534
0.950876
0.934538
0.918809
0.904759
0.893075
0.88409
0.878084
0.875354
0.876381
0.881592
0.891052
0.904342
0.920413
0.937813
0.954892
0.970277
0.983009
0.99253
0.998536
1.0009
0.999452
0.994158
0.985225
0.973303
0.959404
0.944774
0.930778
0.918624
0.909129
0.902706
0.899329
0.898711
0.900326
0.903441
0.90718
0.910685
0.913203
0.914221
0.91339
0.910544
0.905648
0.898809
0.890341
0.880783
0.871218
0.863231
0.858747
0.859513
0.866338
0.878437
0.893377
0.908065
0.919945
0.927966
0.932663
0.935615
0.938784
0.943795
0.951417
0.961323
0.972156
0.982011
0.988993
0.991748
0.989771
0.98347
0.973953
0.962808
0.95166
0.941816
0.934086
0.928779
0.925764
0.924823
0.925546
0.927402
0.929785
0.932276
0.934735
0.937224
0.939752
0.942145
0.943877
0.944277
0.942798
0.939244
0.93397
0.927844
0.922009
0.917601
0.915547
0.916354
0.920187
0.926881
0.935936
0.946709
0.958264
0.969391
0.978599
0.984197
0.984675
0.979165
0.967877
0.952054
0.933633
0.91489
0.89797
0.884607
0.876111
0.873153
0.875533
0.88209
0.890708
0.898831
0.904028
0.904614
0.899834
0.89034
0.877984
0.865304
0.854824
0.848328
0.846544
0.84925
0.855705
0.865123
0.876849
0.890343
0.905197
0.920709
0.935925
0.94967
0.960865
0.968736
0.973058
0.974203
0.973092
0.970798
0.968298
0.966163
0.964378
0.962452
0.959744
0.955905
0.951146
0.946167
0.941867
0.939078
0.938313
0.939659
0.942802
0.94712
0.951802
0.955932
0.958638
0.959258
0.957503
0.953471
0.947621
0.940669
0.933489
0.9267
0.920631
0.915306
0.910466
0.905671
0.900407
0.894255
0.887046
0.879105
0.871374
0.865212
0.862147
0.863495
0.869774
0.880513
0.89421
0.908634
0.921465
0.930712
0.935125
0.934355
0.928833
0.919686
0.908524
0.897067
0.88679
0.878807
0.873777
0.872115
0.874268
0.880594
0.891348
0.906277
0.924389
0.943949
0.962718
0.978331
0.988766
0.992751
0.989914
0.98115
0.96835
0.954101
0.941253
0.932213
0.92819
0.928875
0.932456
0.936355
0.937861
0.93497
0.926891
0.914136
0.898254
0.881519
0.866516
0.855627
0.850674
0.852616
0.861415
0.876207
0.89558
0.91792
0.941583
0.964962
0.98638
1.00405
1.01603
1.02054
1.01632
1.00314
0.981934
0.954779
0.924629
0.894738
0.868422
0.848776
0.83839
0.838649
0.849269
0.868198
0.892289
0.918027
0.942311
0.962708
0.977566
0.985997
0.987821
0.983478
0.974077
0.961252
0.94686
0.932702
0.920227
0.910245
0.902824
0.897398
0.892907
0.888303
0.882815
0.876493
0.87038
0.866356
0.866256
0.870968
0.880127
0.892309
0.905666
0.918551
0.929817
0.938893
0.945563
0.949837
0.951917
0.95233
0.951839
0.95133
0.951702
0.95366
0.957673
0.963741
0.971428
0.979838
0.987816
0.994166
0.998075
0.999053
0.996849
0.991311
0.982328
0.970017
0.954846
0.937684
0.919696
0.902152
0.886263
0.872872
0.862296
0.854399
0.848867
0.84543
0.844195
0.845664
0.850567
0.859374
0.871979
0.887523
0.904385
0.920672
0.934612
0.945035
0.951687
0.955281
0.957211
0.958862
0.961231
0.964475
0.967883
0.970341
0.970706
0.96816
0.96228
0.953038
0.940845
0.926647
0.911898
0.898457
0.888244
0.882727
0.882378
0.886628
0.894079
0.902692
0.910115
0.914096
0.913033
0.906533
0.895633
0.882686
0.870729
0.862807
0.861344
0.867475
0.880903
0.900057
0.92276
0.946768
0.970087
0.991023
1.0083
1.021
1.02854
1.03063
1.02718
1.01835
1.00454
0.986565
0.965884
0.944628
0.925263
0.909756
0.899012
0.892845
0.890504
0.891326
0.894993
0.901453
0.910526
0.921576
0.933648
0.94577
0.957032
0.966815
0.974586
0.979887
0.982183
0.981041
0.976215
0.967768
0.955986
0.941299
0.924368
0.906145
0.888239
0.872971
0.862872
0.859869
0.864409
0.875102
0.889128
0.903067
0.913774
0.91894
0.917537
0.909775
0.897105
0.881888
0.86701
0.855368
0.849281
0.850244
0.858674
0.873923
0.894259
0.917136
0.939489
0.958271
0.971113
0.97682
0.975493
0.968491
0.95796
0.946375
0.936022
0.928521
0.924691
0.924382
0.926566
0.929806
0.932521
0.933485
0.932256
0.929248
0.925515
0.922121
0.919779
0.918548
0.917806
0.916761
0.914743
0.911425
0.90679
0.901026
0.89426
0.886535
0.877812
0.868204
0.858357
0.849425
0.843143
0.841416
0.845918
0.857305
0.8748
0.896189
0.918326
0.938134
0.953448
0.963398
0.968389
0.969816
0.969404
0.968798
0.969279
0.971639
0.976259
0.98335
0.992924
1.00461
1.01742
1.0296
1.0389
1.04296
1.03998
1.02904
1.0105
0.985861
0.957452
0.927932
0.89974
0.874894
0.854856
0.840625
0.832724
0.831376
0.836349
0.846886
0.861673
0.879027
0.89698
0.913724
0.928002
0.939134
0.947096
0.952283
0.955338
0.956857
0.957373
0.957202
0.956521
0.955455
0.954045
0.952226
0.949857
0.946654
0.942195
0.935975
0.927746
0.917718
0.906671
0.895895
0.886735
0.880424
0.877752
0.879011
0.883834
0.891213
0.899732
0.907892
0.914441
0.918475
0.9195
0.917632
0.913394
0.907812
0.902127
0.897543
0.895029
0.895112
0.897915
0.903121
0.910077
0.917845
0.925131
0.930507
0.932812
0.931661
0.927818
0.923521
0.922006
0.926497
0.93912
0.959881
0.986796
1.01641
1.0447
1.06786
1.08301
1.08836
1.08344
1.06881
1.04619
1.01803
0.987199
0.956452
0.928136
0.903798
0.884074
0.868673
0.856451
0.845942
0.836129
1.18675
1.16341
1.13495
1.10732
1.08614
1.07523
1.07573
1.08571
1.10116
1.11723
1.12962
1.13543
1.13365
1.12516
1.11251
1.09909
1.08833
1.08284
1.08378
1.09049
1.10082
1.11176
1.1205
1.1254
1.1266
1.12534
1.12289
1.11986
1.11628
1.11203
1.10738
1.10311
1.10012
1.09913
1.1002
1.10262
1.10526
1.10724
1.10833
1.10903
1.11007
1.11176
1.11352
1.11411
1.11222
1.10734
1.10056
1.09463
1.09314
1.09883
1.11229
1.13166
1.15375
1.17514
1.19293
1.20527
1.2115
1.21202
1.20802
1.20119
1.19302
1.18467
1.17705
1.17092
1.16668
1.16388
1.16096
1.15554
1.14525
1.12837
1.10453
1.07492
1.04216
1.00956
0.980432
0.957943
0.945068
0.944343
0.957254
0.983637
1.02139
1.06708
1.11628
1.16424
1.20649
1.23922
1.25994
1.26781
1.26376
1.25038
1.23166
1.21193
1.19455
1.181
1.17105
1.16354
1.15751
1.1525
1.1487
1.14656
1.14651
1.14886
1.15361
1.16019
1.16749
1.17369
1.17648
1.17345
1.16277
1.14404
1.11896
1.09113
1.06507
1.04431
1.03026
1.02224
1.01876
1.01862
1.0213
1.02678
1.03514
1.04613
1.05913
1.0732
1.0874
1.10114
1.11416
1.12652
1.13804
1.14819
1.15597
1.16021
1.16001
1.15514
1.14644
1.13609
1.12717
1.12244
1.12279
1.12704
1.13334
1.14027
1.14703
1.15302
1.15746
1.15945
1.15817
1.15314
1.14471
1.13444
1.12481
1.11865
1.11793
1.12303
1.13245
1.14332
1.15233
1.15679
1.1552
1.14749
1.13482
1.1192
1.10267
1.08685
1.07281
1.06152
1.05458
1.05395
1.06093
1.0751
1.09461
1.11727
1.14138
1.16551
1.1882
1.20777
1.22249
1.23088
1.23214
1.22589
1.21205
1.19064
1.16204
1.1277
1.09034
1.05371
1.022
0.999009
0.987454
0.988539
1.00197
1.02623
1.05903
1.09753
1.13818
1.17702
1.20986
1.23302
1.24388
1.24123
1.22543
1.1984
1.16381
1.12702
1.09406
1.06979
1.05634
1.0532
1.05858
1.07038
1.08641
1.10448
1.12225
1.13739
1.1478
1.15202
1.14945
1.1405
1.12675
1.1103
1.09328
1.07736
1.06375
1.05328
1.04681
1.04517
1.04916
1.05904
1.07405
1.09229
1.11106
1.12753
1.13926
1.14472
1.14359
1.13687
1.12669
1.11598
1.10788
1.10502
1.10845
1.11726
1.12862
1.13864
1.14375
1.14176
1.13242
1.11739
1.09951
1.08209
1.06815
1.05976
1.05803
1.06309
1.07417
1.08982
1.10784
1.12558
1.14028
1.14975
1.15278
1.14986
1.14322
1.13636
1.13282
1.13463
1.14168
1.15198
1.16289
1.17222
1.17871
1.18181
1.18137
1.17749
1.17047
1.16075
1.14887
1.13562
1.12195
1.10885
1.09713
1.08738
1.07987
1.07446
1.07057
1.06719
1.06325
1.05789
1.05067
1.04166
1.03136
1.02082
1.01194
1.00738
1.01013
1.02241
1.04441
1.07339
1.10426
1.1312
1.14975
1.15809
1.15725
1.15039
1.14159
1.13468
1.13217
1.13491
1.14216
1.15233
1.16356
1.17424
1.18318
1.18978
1.19373
1.1951
1.19406
1.19084
1.18579
1.1791
1.17093
1.16145
1.1509
1.1396
1.12771
1.11524
1.10188
1.08714
1.0708
1.05307
1.0351
1.01937
1.00935
1.00844
1.01838
1.0382
1.06451
1.09336
1.12151
1.14709
1.16911
1.18681
1.19936
1.20579
1.20516
1.19686
1.18061
1.15696
1.12749
1.09523
1.06474
1.04111
1.02838
1.02823
1.0396
1.05951
1.08417
1.1101
1.13469
1.15633
1.17416
1.18762
1.19627
1.19947
1.19656
1.18709
1.1714
1.15116
1.12935
1.10954
1.09506
1.08792
1.08819
1.09432
1.104
1.11526
1.12677
1.13778
1.14766
1.15553
1.16033
1.16129
1.15836
1.15252
1.14555
1.13942
1.13547
1.13409
1.13456
1.13558
1.1357
1.13379
1.12955
1.1235
1.11687
1.11109
1.10704
1.1046
1.10259
1.09943
1.0942
1.0871
1.07942
1.07291
1.06905
1.06877
1.07247
1.08022
1.09164
1.10552
1.11994
1.1329
1.14291
1.14918
1.15136
1.14924
1.14303
1.13364
1.12266
1.11198
1.1035
1.09865
1.09818
1.10197
1.10896
1.11734
1.12495
1.12977
1.13062
1.12754
1.12182
1.11565
1.11159
1.11175
1.11699
1.12671
1.13908
1.15176
1.16241
1.16925
1.17132
1.16851
1.16135
1.15101
1.13907
1.12723
1.11722
1.11053
1.108
1.10961
1.11439
1.12066
1.12642
1.12967
1.12881
1.12341
1.11433
1.10363
1.09358
1.08588
1.08136
1.08011
1.08185
1.08612
1.09231
1.09957
1.10709
1.11428
1.12089
1.12702
1.13263
1.13733
1.1406
1.14252
1.14467
1.14963
1.15901
1.17186
1.18523
1.19632
1.20386
1.20792
1.20924
1.20833
1.20514
1.19924
1.19012
1.17749
1.16132
1.14184
1.11929
1.09378
1.06566
1.03585
1.00602
0.978356
0.955247
0.938898
0.930953
0.932308
0.942948
0.961934
0.98747
1.0171
1.0479
1.07703
1.10214
1.12193
1.13627
1.14625
1.15375
1.16075
1.16869
1.17786
1.18757
1.19652
1.20321
1.20639
1.20524
1.19947
1.18941
1.17607
1.16105
1.14672
1.13606
1.13213
1.13712
1.15114
1.17177
1.19463
1.21469
1.22773
1.23108
1.22367
1.20589
1.17939
1.14678
1.11152
1.07761
1.04902
1.02896
1.01915
1.01948
1.02817
1.04224
1.05801
1.07204
1.08177
1.08627
1.08654
1.08547
1.0871
1.0954
1.11278
1.13875
1.17006
1.20196
1.22992
1.25089
1.26367
1.26851
1.26606
1.25689
1.24151
1.22078
1.19622
1.17003
1.14425
1.12023
1.09828
1.07787
1.05801
1.03767
1.01648
0.995161
0.975769
0.961208
0.954248
0.956461
0.967503
0.985086
1.00584
1.02649
1.04495
1.06091
1.07539
1.08989
1.10515
1.12064
1.13477
1.14562
1.15173
1.15235
1.14754
1.13808
1.12522
1.11046
1.09558
1.0826
1.07386
1.07169
1.0776
1.09144
1.11109
1.13283
1.15235
1.16603
1.17158
1.16852
1.15797
1.14234
1.1246
1.10754
1.09322
1.08276
1.07671
1.07543
1.07921
1.08809
1.10137
1.11774
1.13546
1.15287
1.1686
1.18159
1.19124
1.19729
1.1998
1.1987
1.19369
1.1842
1.16972
1.15064
1.12883
1.10727
1.0893
1.07756
1.0731
1.07525
1.08212
1.09156
1.10187
1.11203
1.12162
1.13043
1.13819
1.14454
1.14902
1.15119
1.1507
1.14755
1.14184
1.13388
1.1244
1.11453
1.10579
1.09956
1.09646
1.09602
1.09655
1.09592
1.09238
1.08497
1.07366
1.05939
1.04387
1.02946
1.01883
1.01422
1.0165
1.02469
1.03636
1.04843
1.05856
1.06596
1.07158
1.07773
1.08718
1.1026
1.12571
1.15661
1.19369
1.23392
1.27337
1.30789
1.33387
1.34858
1.35043
1.33919
1.31618
1.28464
1.24941
1.21569
1.18797
1.1689
1.15872
1.15527
1.15495
1.15387
1.14897
1.1386
1.12238
1.10096
1.07582
1.04898
1.02295
1.00035
0.983241
0.972702
0.968543
0.969604
0.974295
0.981259
0.98965
0.99908
1.0097
1.02184
1.03581
1.0518
1.06997
1.09058
1.11393
1.1401
1.16837
1.19715
1.22386
1.24551
1.25928
1.26304
1.25556
1.23651
1.20645
1.16692
1.12053
1.07101
1.02254
0.979235
0.944623
0.921546
0.911595
0.914482
0.927882
0.94871
0.974598
1.00468
1.03887
1.0767
1.11665
1.15619
1.19208
1.22109
1.24067
1.24953
1.24785
1.23739
1.22117
1.20276
1.18565
1.17257
1.1651
1.16353
1.16688
1.17302
1.17956
1.18451
1.18654
1.18488
1.1795
1.17099
1.16076
1.15058
1.14217
1.13649
1.1333
1.13114
1.12786
1.12137
1.11042
1.09528
1.07808
1.06229
1.05164
1.04837
1.05229
1.06116
1.0718
1.08132
1.08748
1.08909
1.08652
1.0821
1.07981
1.08352
1.09471
1.11132
1.12877
1.1423
1.14904
1.1491
1.14504
1.14034
1.13777
1.13842
1.14209
1.14829
1.15638
1.16558
1.17472
1.18218
1.18663
1.18787
1.18695
1.18553
1.18469
1.1842
1.18294
1.17967
1.17352
1.16399
1.15107
1.13518
1.1174
1.09934
1.08292
1.06978
1.06092
1.05642
1.05553
1.05707
1.05964
1.06189
1.06271
1.06163
1.05896
1.05596
1.05433
1.05572
1.0613
1.07129
1.08489
1.10027
1.115
1.12676
1.13386
1.13555
1.1322
1.12481
1.11467
1.10307
1.09136
1.08084
1.07286
1.06856
1.06851
1.0726
1.07987
1.0889
1.09826
1.10677
1.11393
1.12015
1.12667
1.13495
1.14569
1.15792
1.1691
1.17587
1.17562
1.16757
1.15358
1.13773
1.12464
1.11719
1.11533
1.11713
1.12048
1.12427
1.12842
1.13329
1.13899
1.14499
1.15011
1.15283
1.1519
1.14655
1.13675
1.12284
1.10531
1.0848
1.06241
1.03991
1.01989
1.00565
1.00044
1.00642
1.02386
1.05075
1.08322
1.11668
1.14708
1.17179
1.18978
1.20123
1.20663
1.2063
1.20012
1.18819
1.17125
1.15102
1.13007
1.11134
1.09727
1.08905
1.08649
1.08879
1.09534
1.10612
1.12112
1.13948
1.15899
1.17666
1.18988
1.19703
1.1976
1.19163
1.17944
1.16134
1.13787
1.10992
1.07897
1.04708
1.01698
0.992225
0.976805
0.974376
0.986931
1.0138
1.05152
1.09457
1.13667
1.17211
1.19654
1.20748
1.2045
1.18928
1.16508
1.13598
1.10614
1.07905
1.05713
1.04163
1.03284
1.0304
1.03361
1.04174
1.054
1.0694
1.08667
1.10423
1.1203
1.13324
1.14178
1.14526
1.14382
1.13845
1.1309
1.12321
1.11704
1.11322
1.11167
1.11166
1.11244
1.1138
1.11621
1.12069
1.12798
1.13799
1.1497
1.16178
1.17342
1.18451
1.19513
1.20476
1.21198
1.21474
1.21102
1.19976
1.18151
1.15851
1.13414
1.11177
1.09374
1.08126
1.07469
1.07392
1.07835
1.08689
1.09802
1.1102
1.12193
1.19956
1.18227
1.13763
1.0921
1.10484
1.17092
1.23754
1.29654
1.36401
1.42001
1.43559
1.40829
1.35863
1.30951
1.26611
1.22986
1.21493
1.22769
1.25314
1.27218
1.27385
1.25431
1.2179
1.17879
1.1524
1.14206
1.13986
1.13706
1.12943
1.11692
1.10178
1.08657
1.07258
1.0591
1.04409
1.02573
1.00374
0.979909
0.957665
0.941085
0.933698
0.937625
0.953191
0.978942
1.01184
1.04789
1.08286
1.11334
1.13765
1.15669
1.17377
1.19302
1.21665
1.24377
1.27161
1.2973
1.31901
1.33611
1.34861
1.35647
1.35924
1.35618
1.34656
1.33023
1.30796
1.28128
1.25269
1.22529
1.20224
1.18573
1.1764
1.17297
1.17283
1.17271
1.16953
1.16114
1.14674
1.1269
1.10332
1.07844
1.05506
1.03587
1.0232
1.01873
1.02311
1.03592
1.05597
1.0814
1.10984
1.1387
1.16531
1.1874
1.20353
1.21337
1.21773
1.21816
1.2164
1.21378
1.21092
1.20776
1.20389
1.19888
1.19271
1.18586
1.17925
1.17371
1.16979
1.16734
1.16526
1.16193
1.15595
1.14684
1.13551
1.12379
1.11354
1.10588
1.10097
1.09834
1.09744
1.09783
1.09965
1.10401
1.11309
1.12902
1.15186
1.17895
1.20609
1.22967
1.24773
1.26004
1.26741
1.27076
1.27003
1.26413
1.25159
1.23194
1.20654
1.1786
1.15264
1.13377
1.12672
1.13438
1.1565
1.18928
1.22652
1.26155
1.28903
1.30539
1.3092
1.30061
1.28117
1.25348
1.22058
1.18556
1.15117
1.11957
1.09242
1.07107
1.05659
1.0494
1.04932
1.05554
1.06655
1.08049
1.09544
1.1097
1.1222
1.13262
1.14123
1.1489
1.15647
1.16438
1.17244
1.17979
1.18564
1.18981
1.19325
1.19762
1.20432
1.21331
1.22285
1.23028
1.23327
1.2308
1.22359
1.21358
1.20286
1.19247
1.18192
1.1699
1.15534
1.13824
1.12003
1.10354
1.09162
1.08549
1.08402
1.08501
1.08712
1.09041
1.09593
1.10498
1.11875
1.13808
1.16293
1.19192
1.22237
1.2512
1.27589
1.29501
1.30807
1.31475
1.31426
1.30555
1.28832
1.2637
1.23467
1.20524
1.17937
1.15991
1.14798
1.14329
1.14445
1.14937
1.15577
1.16161
1.16565
1.16751
1.1671
1.16417
1.15789
1.14704
1.13107
1.11077
1.08847
1.06761
1.05173
1.04333
1.0433
1.05071
1.06321
1.07784
1.0919
1.10358
1.11225
1.11841
1.12332
1.12845
1.13481
1.14267
1.15155
1.1607
1.16951
1.1778
1.18553
1.19233
1.19758
1.2009
1.20274
1.20464
1.2086
1.21615
1.22748
1.24116
1.25446
1.26403
1.26709
1.26229
1.25005
1.23247
1.21279
1.19457
1.18072
1.17271
1.17012
1.17108
1.17312
1.17441
1.17405
1.17192
1.16816
1.16288
1.15622
1.14861
1.14104
1.13465
1.13006
1.12691
1.12364
1.11834
1.10953
1.09684
1.08107
1.06417
1.04862
1.03702
1.03176
1.03448
1.04586
1.0656
1.09244
1.12412
1.15762
1.18999
1.21889
1.2432
1.26257
1.2769
1.28583
1.28887
1.28597
1.27775
1.2652
1.24933
1.2308
1.20974
1.18596
1.15955
1.13145
1.10398
1.08083
1.06603
1.06198
1.06813
1.08193
1.10055
1.12155
1.14253
1.16074
1.17335
1.17839
1.17529
1.16466
1.14803
1.12747
1.10539
1.08465
1.0682
1.05902
1.05936
1.07036
1.09164
1.12122
1.15578
1.19137
1.22415
1.2509
1.26972
1.28007
1.28247
1.27816
1.26848
1.25457
1.23735
1.21754
1.19596
1.17363
1.15176
1.13171
1.11506
1.10371
1.09922
1.10204
1.11154
1.12635
1.14488
1.16528
1.1852
1.20248
1.21561
1.22405
1.22817
1.22892
1.22711
1.22319
1.2171
1.20849
1.19704
1.18292
1.16731
1.15225
1.14043
1.13435
1.13562
1.14441
1.15923
1.17721
1.19463
1.20785
1.21421
1.21246
1.20308
1.18794
1.1698
1.15165
1.13613
1.1252
1.12022
1.12215
1.13173
1.14905
1.17278
1.19992
1.22625
1.2478
1.26187
1.26761
1.2657
1.25758
1.24482
1.22886
1.21083
1.19156
1.17159
1.15138
1.13174
1.11389
1.09944
1.0899
1.08618
1.08784
1.09302
1.09885
1.10232
1.10096
1.0936
1.0806
1.06388
1.04639
1.03139
1.02188
1.02
1.02675
1.04203
1.06477
1.09343
1.12623
1.16121
1.19617
1.22848
1.25555
1.27533
1.28724
1.2923
1.2926
1.29045
1.28764
1.28486
1.28175
1.27729
1.2703
1.25973
1.24502
1.22653
1.20535
1.18323
1.16236
1.14507
1.13334
1.12813
1.12889
1.13365
1.13948
1.14336
1.14306
1.13749
1.12688
1.11278
1.09772
1.08513
1.07864
1.08073
1.09111
1.10644
1.12199
1.13417
1.14175
1.14578
1.14839
1.1519
1.15843
1.16921
1.18406
1.20095
1.21667
1.22807
1.23327
1.23198
1.22514
1.21419
1.20042
1.18515
1.17024
1.15835
1.15228
1.15342
1.16051
1.17012
1.17853
1.18308
1.18271
1.17761
1.16885
1.1576
1.14493
1.13169
1.11869
1.10698
1.09789
1.09276
1.09264
1.0978
1.10767
1.12097
1.13624
1.15206
1.1672
1.18045
1.1905
1.19628
1.19749
1.19512
1.19139
1.18908
1.19026
1.19562
1.20439
1.21495
1.22577
1.23566
1.24347
1.24746
1.2458
1.23714
1.22163
1.20103
1.17842
1.1571
1.13937
1.12576
1.11576
1.10917
1.10699
1.11103
1.1227
1.14227
1.16818
1.19748
1.22667
1.25264
1.27336
1.28777
1.29559
1.29658
1.29064
1.27754
1.25734
1.23058
1.19815
1.16152
1.12272
1.08462
1.05083
1.02547
1.01232
1.01379
1.02975
1.05722
1.09101
1.12534
1.15525
1.17734
1.18988
1.19276
1.18742
1.17655
1.1636
1.15188
1.14407
1.14145
1.14391
1.15012
1.15764
1.16343
1.16446
1.15832
1.14388
1.12209
1.0966
1.07371
1.06026
1.06045
1.07374
1.09588
1.12167
1.14707
1.16994
1.1898
1.20715
1.22263
1.23612
1.2461
1.24972
1.24405
1.22763
1.2017
1.17032
1.13913
1.11307
1.09476
1.08486
1.08334
1.08988
1.10329
1.12146
1.14186
1.16214
1.1808
1.1971
1.21102
1.22333
1.23538
1.24868
1.26412
1.2814
1.29886
1.31383
1.32346
1.32546
1.31872
1.30371
1.28214
1.25636
1.22897
1.20256
1.17934
1.16077
1.14727
1.13813
1.132
1.12732
1.12263
1.11701
1.11027
1.10314
1.09721
1.09438
1.09619
1.10313
1.11414
1.12713
1.13956
1.14921
1.15482
1.15632
1.15479
1.152
1.1499
1.15008
1.15317
1.15872
1.16557
1.17231
1.17765
1.18053
1.18015
1.17612
1.16866
1.15862
1.14714
1.13504
1.12233
1.1083
1.092
1.07339
1.05388
1.03643
1.02488
1.02295
1.03314
1.05568
1.08821
1.12657
1.16613
1.20318
1.23569
1.26287
1.28451
1.30034
1.30983
1.31251
1.30849
1.29868
1.28489
1.26923
1.25341
1.23822
1.22368
1.20926
1.19448
1.17936
1.16452
1.15119
1.14111
1.13613
1.13772
1.14647
1.16169
1.18142
1.20294
1.22331
1.24003
1.25112
1.25508
1.25078
1.23754
1.21553
1.18577
1.1506
1.11365
1.07946
1.05259
1.03625
1.03157
1.03769
1.05244
1.07318
1.09745
1.12282
1.14675
1.16666
1.18052
1.18762
1.18903
1.18724
1.18529
1.1856
1.18939
1.19632
1.20476
1.21212
1.21545
1.21227
1.20122
1.18262
1.15861
1.13233
1.10718
1.08594
1.07053
1.0622
1.06148
1.0679
1.08
1.09546
1.11162
1.12595
1.13654
1.14275
1.14556
1.14744
1.15161
1.16065
1.17526
1.19392
1.21322
1.22922
1.23876
1.24058
1.23562
1.22652
1.21676
1.20924
1.20538
1.20491
1.20644
1.20823
1.20883
1.20742
1.20385
1.19865
1.19281
1.18748
1.18345
1.18068
1.17819
1.17442
1.16827
1.15985
1.15082
1.14362
1.13974
1.13834
1.1367
1.1321
1.1235
1.11217
1.10118
1.09438
1.09546
1.10672
1.12816
1.15749
1.19087
1.22374
1.25162
1.27078
1.27857
1.27388
1.25743
1.23189
1.20129
1.17032
1.14319
1.12294
1.11071
1.10574
1.10608
1.10942
1.11413
1.11947
1.12526
1.13157
1.13814
1.14419
1.14844
1.14954
1.14658
1.13972
1.13028
1.12073
1.11429
1.11387
1.1214
1.13703
1.15892
1.18383
1.20814
1.22854
1.2425
1.24845
1.24578
1.23479
1.21674
1.19396
1.16965
1.14741
1.13068
1.12193
1.12207
1.1301
1.1434
1.15845
1.17192
1.18148
1.18613
1.18619
1.18316
1.17941
1.17738
1.17839
1.18194
1.18636
1.1901
1.19252
1.19381
1.19452
1.19496
1.19482
1.19311
1.18853
1.17963
1.16542
1.14599
1.12298
1.09969
1.08036
1.06856
1.06579
1.07117
1.08234
1.09661
1.11163
1.12557
1.13688
1.14441
1.14765
1.14714
1.14449
1.14203
1.14207
1.14597
1.15387
1.16472
1.17671
1.18787
1.19661
1.20229
1.20525
1.20635
1.20659
1.20656
1.20618
1.20478
1.20143
1.19516
1.18536
1.17207
1.15618
1.1393
1.12378
1.11222
1.10682
1.10881
1.11799
1.13274
1.15049
1.16794
1.18143
1.1875
1.18401
1.1712
1.152
1.13067
1.11118
1.09617
1.08713
1.08482
1.08936
1.10026
1.11635
1.1362
1.15842
1.18184
1.20529
1.22729
1.24582
1.25881
1.26469
1.26292
1.25423
1.24043
1.22392
1.20714
1.19205
1.17957
1.16965
1.16147
1.15394
1.14638
1.13867
1.13108
1.12441
1.11961
1.11758
1.11875
1.12283
1.12869
1.13448
1.13828
1.13868
1.13511
1.12765
1.1168
1.10336
1.08849
1.07377
1.06115
1.05267
1.04998
1.05415
1.0655
1.08355
1.10687
1.13329
1.15996
1.18403
1.20322
1.21639
1.22371
1.22648
1.22644
1.22495
1.2227
1.2196
1.21549
1.21032
1.20444
1.19838
1.19281
1.18831
1.18513
1.18309
1.18173
1.18016
1.17732
1.17208
1.1635
1.15112
1.13569
1.18459
1.16868
1.15607
1.14918
1.14903
1.15507
1.16538
1.17747
1.18915
1.19915
1.20712
1.21342
1.21864
1.22341
1.22841
1.23424
1.24101
1.24794
1.2534
1.25545
1.25249
1.24411
1.23152
1.21713
1.20407
1.19542
1.1934
1.19879
1.21081
1.227
1.2439
1.25767
1.26515
1.26458
1.2562
1.24228
1.22648
1.2124
1.20209
1.19531
1.19016
1.18433
1.17619
1.16546
1.153
1.14043
1.12982
1.12331
1.12255
1.12829
1.13989
1.15529
1.17154
1.18547
1.19432
1.19645
1.19171
1.18124
1.16688
1.1507
1.13464
1.12053
1.10995
1.10429
1.10451
1.11088
1.12289
1.1394
1.15901
1.18042
1.20269
1.22509
1.24701
1.26771
1.28605
1.30046
1.30903
1.31001
1.30222
1.28553
1.26104
1.23114
1.19931
1.16944
1.14482
1.12722
1.11697
1.1137
1.1173
1.12794
1.14527
1.16749
1.19172
1.21512
1.23573
1.25251
1.26484
1.27217
1.27399
1.26999
1.26027
1.24527
1.22572
1.20271
1.17783
1.15323
1.13129
1.11414
1.10327
1.09949
1.103
1.11324
1.12887
1.14808
1.1688
1.18908
1.20711
1.22131
1.23058
1.23453
1.23356
1.22882
1.22184
1.21424
1.20721
1.20124
1.19623
1.19185
1.18788
1.1845
1.18244
1.18246
1.18461
1.18792
1.19061
1.19107
1.18847
1.18336
1.17776
1.17435
1.17562
1.1829
1.1961
1.21399
1.23467
1.2559
1.27545
1.29113
1.30117
1.30434
1.30016
1.28909
1.27242
1.25206
1.23035
1.20964
1.19173
1.1775
1.16694
1.15962
1.15525
1.15365
1.15478
1.15849
1.16449
1.17237
1.1818
1.19251
1.20425
1.21672
1.22948
1.24197
1.25343
1.26306
1.27005
1.2736
1.27314
1.26867
1.26097
1.25144
1.24166
1.23272
1.22475
1.2172
1.20916
1.19975
1.18842
1.17491
1.15955
1.1432
1.12724
1.11308
1.10195
1.09472
1.09198
1.09432
1.10228
1.11609
1.13483
1.15634
1.17783
1.19669
1.2115
1.22211
1.22911
1.23293
1.23357
1.23071
1.22416
1.21411
1.2015
1.18795
1.17564
1.16682
1.16318
1.16555
1.17385
1.18746
1.20566
1.2278
1.253
1.27986
1.30626
1.32979
1.34812
1.3593
1.362
1.35578
1.34103
1.31908
1.29191
1.26168
1.23039
1.19971
1.17089
1.14511
1.12381
1.10903
1.10319
1.10869
1.12646
1.15474
1.18886
1.22274
1.25069
1.26891
1.27584
1.27188
1.25873
1.23912
1.21629
1.19354
1.17354
1.15777
1.14666
1.14013
1.13804
1.14041
1.14729
1.15858
1.17375
1.19154
1.21001
1.22699
1.24057
1.24962
1.25386
1.25344
1.24869
1.23992
1.2277
1.21294
1.1964
1.17836
1.159
1.13936
1.12177
1.10946
1.1054
1.11101
1.12608
1.14904
1.17748
1.20858
1.23943
1.26714
1.28914
1.30339
1.30827
1.30277
1.28685
1.26174
1.23029
1.19642
1.16444
1.13804
1.11953
1.10956
1.10738
1.11152
1.12034
1.13262
1.14761
1.16463
1.18277
1.2007
1.21684
1.22963
1.23807
1.24195
1.24157
1.23732
1.22944
1.21796
1.20269
1.18347
1.16058
1.1356
1.11179
1.0941
1.08807
1.09783
1.12432
1.16453
1.21223
1.26013
1.30192
1.33347
1.35308
1.3609
1.35879
1.3497
1.33697
1.32344
1.31049
1.29791
1.28467
1.26997
1.25374
1.23674
1.22014
1.20472
1.1905
1.17671
1.16262
1.1482
1.13459
1.12393
1.1188
1.12108
1.13101
1.14656
1.16399
1.17926
1.18939
1.19342
1.19251
1.18925
1.18648
1.18619
1.18904
1.19455
1.20174
1.20931
1.21603
1.22088
1.22308
1.22207
1.21741
1.20892
1.19684
1.18213
1.16661
1.15274
1.14315
1.14029
1.14601
1.16117
1.18515
1.21544
1.24776
1.27689
1.29788
1.30757
1.30527
1.29287
1.27409
1.25297
1.23249
1.21388
1.19747
1.18393
1.17505
1.17313
1.17946
1.1931
1.2108
1.22818
1.24126
1.24778
1.24787
1.2436
1.23809
1.23419
1.23347
1.23592
1.24031
1.24451
1.24621
1.24327
1.23417
1.21842
1.19659
1.17027
1.14192
1.11433
1.09004
1.07073
1.0571
1.04916
1.04693
1.05085
1.0616
1.0797
1.10497
1.13639
1.17204
1.20952
1.24602
1.27883
1.30579
1.32552
1.33736
1.34093
1.33618
1.32361
1.30469
1.28196
1.25838
1.23665
1.2186
1.20509
1.19598
1.19041
1.18694
1.18394
1.18028
1.17607
1.1728
1.17275
1.17768
1.1877
1.20083
1.21366
1.22254
1.22456
1.21817
1.20367
1.18313
1.16032
1.13989
1.12613
1.12161
1.12642
1.13844
1.15419
1.17027
1.18434
1.19568
1.20526
1.21516
1.22734
1.24222
1.25815
1.2718
1.27969
1.27961
1.27145
1.25699
1.23938
1.22241
1.20963
1.20354
1.20488
1.21247
1.22365
1.23513
1.24407
1.24869
1.24865
1.24458
1.23747
1.2279
1.21591
1.20151
1.18563
1.17044
1.15877
1.15302
1.15397
1.16022
1.16887
1.17667
1.18098
1.18034
1.17462
1.16485
1.15302
1.14144
1.13232
1.12739
1.12781
1.13434
1.14737
1.1665
1.19009
1.21532
1.23863
1.25667
1.26663
1.2666
1.25561
1.23391
1.20324
1.16732
1.13153
1.10128
1.08024
1.07007
1.0712
1.08332
1.1052
1.13419
1.16641
1.19752
1.22359
1.24171
1.25058
1.25063
1.24395
1.23379
1.2238
1.21701
1.21513
1.21822
1.22502
1.23364
1.2427
1.25187
1.26166
1.27268
1.28515
1.29854
1.31167
1.32283
1.32993
1.33093
1.32421
1.309
1.28543
1.25441
1.21744
1.1765
1.13433
1.09486
1.06349
1.04605
1.04622
1.06298
1.09095
1.12323
1.15408
1.17997
1.19934
1.21217
1.21939
1.22222
1.22179
1.21858
1.21246
1.20297
1.18986
1.17356
1.15526
1.1368
1.1203
1.10796
1.1018
1.10344
1.11384
1.13288
1.15907
1.18958
1.22072
1.24844
1.26947
1.28172
1.28442
1.27801
1.26412
1.24536
1.22524
1.20772
1.19625
1.19272
1.19687
1.20653
1.21883
1.23118
1.24172
1.24946
1.25396
1.25515
1.25309
1.248
1.24009
1.22958
1.21674
1.20183
1.18497
1.16636
1.14679
1.12808
1.11281
1.1035
1.10167
1.10735
1.11929
1.13539
1.15328
1.17069
1.18616
1.19936
1.2109
1.22177
1.23221
1.24137
1.24769
1.25012
1.24908
1.24648
1.2449
1.24616
1.25068
1.25717
1.26336
1.26688
1.26617
1.26074
1.25131
1.23948
1.22737
1.21711
1.21029
1.20743
1.20762
1.20887
1.20907
1.20735
1.20439
1.20159
1.1995
1.1974
1.19358
1.18634
1.17468
1.15855
1.13934
1.12017
1.10575
1.10079
1.10751
1.12426
1.14664
1.16977
1.18999
1.20538
1.21549
1.22084
1.22234
1.22076
1.2164
1.20928
1.19984
1.18961
1.18108
1.1767
1.17768
1.18366
1.19342
1.20534
1.21755
1.22817
1.23563
1.23895
1.23773
1.23223
1.22353
1.21309
1.20228
1.19178
1.18182
1.17263
1.1651
1.16077
1.16057
1.16352
1.16699
1.16832
1.16661
1.16299
1.15977
1.15908
1.16226
1.16955
1.18017
1.19269
1.20543
1.21724
1.22777
1.23759
1.24741
1.2574
1.26677
1.27423
1.27848
1.27882
1.27539
1.26883
1.25993
1.24901
1.23594
1.22018
1.20155
1.18099
1.16082
1.14428
1.13414
1.13114
1.13386
1.13979
1.14667
1.15317
1.15863
1.16268
1.16523
1.16662
1.16776
1.16999
1.17451
1.1817
1.19107
1.20166
1.21247
1.22285
1.23237
1.2405
1.24682
1.25131
1.25472
1.25875
1.265
1.27364
1.28277
1.28933
1.29074
1.28602
1.27602
1.26281
1.24851
1.23438
1.22043
1.20596
1.19035
1.17331
1.15523
1.13715
1.12048
1.10685
1.09788
1.09512
1.09998
1.11319
1.13416
1.16053
1.18847
1.21394
1.23391
1.24698
1.2533
1.2539
1.25011
1.24301
1.23341
1.22194
1.20917
1.19559
1.18175
1.16848
1.15685
1.14817
1.14352
1.14361
1.14834
1.15674
1.16698
1.17657
1.18298
1.18436
1.18026
1.17191
1.1617
1.15239
1.1464
1.14557
1.15082
1.16209
1.17817
1.19689
1.21607
1.23419
1.25076
1.26596
1.28016
1.29305
1.30326
1.30862
1.30689
1.29669
1.2785
1.25485
1.22991
1.20838
1.19361
1.18675
1.18642
1.18965
1.1934
1.19569
1.19561
1.19287
1.18735
1.17874
1.16671
1.1513
1.13358
1.11645
1.10488
1.10502
1.12117
1.15266
1.19403
1.23814
1.27918
1.31348
1.33886
1.3538
1.35713
1.34827
1.3276
1.29688
1.25908
1.21828
1.17906
1.14591
1.12251
1.1111
1.11212
1.12396
1.14314
1.16503
1.18481
1.19875
1.20518
1.20462
1.1994
1.19249
1.18633
1.18231
1.18092
1.18172
1.18319
1.18322
1.18011
1.17385
1.16613
1.15976
1.15723
1.15978
1.16709
1.17798
1.19103
1.20496
1.21869
1.23111
1.241
1.24725
1.24906
1.24649
1.24039
1.23219
1.22335
1.21515
1.20867
1.20487
1.20463
1.20827
1.21535
1.2247
1.23477
1.24389
1.25053
1.25349
1.25199
1.24557
1.23445
1.21954
1.20243
1.18497
1.1688
1.15518
1.14522
1.14008
1.14071
1.1475
1.15996
1.1765
1.19481
1.21239
1.22705
1.23734
1.24289
1.24419
1.24234
1.23892
1.23568
1.23433
1.23608
1.24123
1.24882
1.25688
1.26301
1.2652
1.26229
1.25423
1.24184
1.22647
1.20962
1.19273
1.17729
1.16509
1.15801
1.15741
1.16348
1.175
1.18945
1.20387
1.21542
1.22204
1.22263
1.21681
1.20456
1.18627
1.16323
1.13785
1.1137
1.0948
1.08445
1.08426
1.09377
1.11121
1.13432
1.16077
1.18837
1.21517
1.23949
1.25983
1.27497
1.28406
1.28666
1.28298
1.27397
1.2613
1.24697
1.23286
1.22043
1.2103
1.20222
1.19535
1.18856
1.1808
1.1715
1.16082
1.1496
1.13944
1.13219
1.1295
1.13203
1.13908
1.14873
