           1    -5.47877    -5.47877           0
           2    -5.45403     -5.4664  0.00874572
           3    -5.45841    -5.46374  0.00622309
           4    -5.48005    -5.46782  0.00585257
           5    -5.46476     -5.4672   0.0047138
           6    -5.45437    -5.46507  0.00438681
           7    -5.47034    -5.46582  0.00382423
           8    -5.46007     -5.4651  0.00341305
           9    -5.46368    -5.46494  0.00303744
          10    -5.45771    -5.46422  0.00281855
          11    -5.46948     -5.4647  0.00260251
          12    -5.47945    -5.46593  0.00266035
          13    -5.46153    -5.46559  0.00247708
          14    -5.47056    -5.46594   0.0023255
          15    -5.45934     -5.4655  0.00221171
          16    -5.47979     -5.4664  0.00224647
          17      -5.474    -5.46684  0.00215842
          18    -5.47031    -5.46704   0.0020471
          19    -5.45956    -5.46664  0.00197685
          20    -5.47085    -5.46685  0.00188918
