           1     1.31491     1.31491           0
           2     1.45057     1.38274   0.0479649
           3     1.42492      1.3968   0.0339745
           4     1.33474     1.38128   0.0288061
           5     1.42418     1.38986   0.0242887
           6     1.43882     1.39802   0.0215676
           7     1.37707     1.39503   0.0186932
           8     1.42811     1.39916   0.0168077
           9     1.41856     1.40132   0.0150777
          10     1.42426     1.40361   0.0137433
          11     1.36591     1.40019   0.0129144
          12     1.30468     1.39223   0.0140785
          13      1.4026     1.39302   0.0130181
          14     1.35001     1.38995   0.0124456
          15     1.42436     1.39225   0.0118254
          16     1.31695     1.38754   0.0119861
          17     1.35598     1.38568   0.0114239
          18     1.37725     1.38522   0.0107988
          19     1.41392     1.38673   0.0103356
          20     1.37695     1.38624  0.00983038
