0.0384745 0 0
0.0641241 0 0
0.0897737 0 0
0.115423 0 0
0.141073 0 0
0.166723 0 0
0.192372 0 0
0.218022 0 0
0.243672 0 0
0.269321 0 0
0.294971 0 0
0.32062 0 0
0.34627 0 0
0.37192 0 0
0.397569 0 0
0.423219 0 0
0.448869 0 0
0.474518 0 0
0.500168 0 0
0.525818 0 0
0.551467 0 0
0.577117 0 0
0.602767 0 0
0.628416 0 0
0.654066 0 0
0.679715 0 0
0.705365 0 0
0.731015 0 0
0.756664 0 0
0.782314 0 0
0.807964 0 0
0.833613 0 0
0.859263 0 0
0.884913 0 0
0.910562 0 0
0.936212 0.0184345 0.00539986
0.961861 0.0776201 0.0131611
0.987511 0.255901 0.0200789
1.01316 0.580662 0.018902
1.03881 0.84016 0.0221807
1.06446 1.22163 0.0363032
1.09011 1.18899 0.0395282
1.11576 1.20418 0.0339361
1.14141 1.13689 0.0377331
1.16706 1.02024 0.0339713
1.19271 1.00965 0.0286129
1.21836 0.869617 0.0291018
1.24401 0.721596 0.0252523
1.26966 0.672689 0.0283333
1.29531 0.59923 0.0304543
1.32096 0.573099 0.0231572
1.34661 0.468308 0.0173914
1.37226 0.434758 0.0192392
1.39791 0.416194 0.026157
1.42355 0.370323 0.01767
1.4492 0.394945 0.0173475
1.47485 0.30044 0.0174154
1.5005 0.329329 0.0177331
1.52615 0.307561 0.0142749
1.5518 0.342212 0.0121357
1.57745 0.311693 0.0154208
1.6031 0.333236 0.0122715
1.62875 0.335005 0.0161826
1.6544 0.344377 0.00967951
1.68005 0.349208 0.0139496
1.7057 0.353595 0.0157637
1.73135 0.364159 0.0153732
1.757 0.373378 0.0127393
1.78265 0.405649 0.0119555
1.8083 0.390928 0.0142416
1.83395 0.446796 0.0148562
1.8596 0.46363 0.0158376
1.88525 0.492017 0.0125599
1.9109 0.480864 0.0166868
1.93655 0.538586 0.0140701
1.9622 0.532991 0.0156095
1.98785 0.577028 0.0155744
2.0135 0.567292 0.0155626
2.03915 0.568223 0.0169289
2.0648 0.590831 0.0142718
2.09045 0.599839 0.0148475
2.1161 0.60383 0.0127688
2.14174 0.594933 0.017469
2.16739 0.578642 0.0175485
2.19304 0.571532 0.0159736
2.21869 0.55037 0.0141019
2.24434 0.553902 0.0126933
2.26999 0.520898 0.0154481
2.29564 0.508642 0.0134583
2.32129 0.506126 0.015163
2.34694 0.494798 0.0149364
2.37259 0.486709 0.00888591
2.39824 0.466677 0.0140775
2.42389 0.455019 0.0103131
2.44954 0.450627 0.00852753
2.47519 0.45042 0.0128293
2.50084 0.434626 0.0136538
2.52649 0.443003 0.0103336
2.55214 0.427252 0.00865109
2.57779 0.419062 0.00866691
