1.41127
1.20171
1.20327
1.20462
1.20578
1.20677
1.2076
1.20829
1.20884
1.20928
1.20962
1.20988
1.21007
1.21021
1.21034
1.21045
1.21056
1.21069
1.21083
1.21097
1.21109
1.21116
1.21116
1.21102
1.21071
1.21014
1.20925
1.20794
1.20612
1.20368
1.20055
1.19667
1.1921
1.18703
1.18182
1.17707
1.17347
1.17165
1.17198
1.17437
1.17836
1.18326
1.18841
1.19329
1.19762
1.20126
1.20421
1.20653
1.20832
1.20966
1.21063
1.21131
1.21174
1.21197
1.21204
1.21197
1.21178
1.2115
1.21115
1.21075
1.21032
1.20987
1.20941
1.20891
1.20835
1.20765
1.20672
1.20544
1.20372
1.20149
1.19879
1.19579
1.19278
1.19012
1.18808
1.1867
1.18577
1.18492
1.18391
1.18279
1.18201
1.18218
1.18378
1.18682
1.19084
1.19517
1.19921
1.20257
1.2051
1.20674
1.20744
1.20709
1.20553
1.20261
1.19837
1.19321
1.18806
1.18415
1.18257
1.18357
1.18645
1.18997
1.19298
1.19484
1.19549
1.19524
1.1946
1.19408
1.19407
1.19474
1.19606
1.19784
1.19981
1.20172
1.20339
1.2047
1.2056
1.20609
1.2062
1.20596
1.20541
1.20461
1.20361
1.20249
1.20134
1.20027
1.19941
1.19882
1.19854
1.19851
1.19862
1.1987
1.19856
1.19805
1.19705
1.1955
1.19341
1.19083
1.18792
1.18492
1.18218
1.18015
1.17933
1.18007
1.18242
1.1861
1.19052
1.19503
1.19907
1.20228
1.2045
1.20575
1.20619
1.20606
1.20568
1.20533
1.20527
1.20566
1.20654
1.20784
1.20941
1.21108
1.21267
1.21402
1.215
1.2155
1.21543
1.21471
1.21321
1.21081
1.20735
1.20267
1.19673
1.18979
1.18255
1.17623
1.17222
1.1714
1.17351
1.17728
1.18109
1.18359
1.18411
1.18265
1.17975
1.17633
1.17346
1.17213
1.1731
1.17663
1.18243
1.18963
1.19711
1.20384
1.20915
1.21275
1.2147
1.21529
1.21498
1.21424
1.21353
1.21314
1.2132
1.21361
1.21419
1.2147
1.21495
1.21485
1.21433
1.21341
1.21211
1.21046
1.2085
1.20629
1.2039
1.20146
1.1991
1.19701
1.19536
1.19427
1.1938
1.19392
1.19456
1.19556
1.19679
1.1981
1.19937
1.20049
1.20138
1.20196
1.20216
1.20196
1.20136
1.20038
1.1991
1.19763
1.19607
1.19458
1.19337
1.19273
1.19303
1.19457
1.19741
1.20127
1.20562
1.20985
1.21343
1.21607
1.21765
1.2182
1.21782
1.21668
1.21495
1.21278
1.21033
1.20777
1.20528
1.20307
1.20136
1.20039
1.20033
1.20131
1.2033
1.20616
1.20963
1.21341
1.21719
1.22068
1.22369
1.22605
1.22765
1.22841
1.22829
1.22724
1.22527
1.22247
1.21898
1.21508
1.21115
1.20767
1.20509
1.20377
1.20388
1.20531
1.20777
1.21082
1.21404
1.21709
1.21974
1.2219
1.2236
1.22489
1.2259
1.22675
1.22753
1.22834
1.22923
1.23022
1.23131
1.23247
1.23368
1.23487
1.23602
1.23707
1.23797
1.23864
1.23902
1.23903
1.23859
1.23758
1.23593
1.23355
1.23038
1.22638
1.22158
1.21605
1.20996
1.20353
1.19709
1.19099
1.1856
1.18121
1.178
1.17596
1.17499
1.17483
1.17521
1.17587
1.17666
1.17753
1.17859
1.18003
1.18206
1.18485
1.18847
1.19285
1.19777
1.20289
1.20786
1.21236
1.21617
1.2192
1.22142
1.2229
1.22372
1.22401
1.22386
1.22338
1.22266
1.22177
1.22079
1.21976
1.21873
1.21773
1.21678
1.21589
1.21504
1.21421
1.21336
1.21244
1.21138
1.21012
1.20861
1.20681
1.20469
1.20227
1.19961
1.19683
1.19409
1.1916
1.18956
1.18812
1.1874
1.18741
1.18812
1.18944
1.19125
1.19339
1.19569
1.19794
1.19995
1.20153
1.20256
1.20299
1.20286
1.20235
1.20169
1.20117
1.20106
1.20155
1.20274
1.20462
1.2071
1.21006
1.21334
1.2168
1.2203
1.22372
1.22695
1.2299
1.2325
1.23469
1.23644
1.23773
1.23856
1.23895
1.23893
1.23856
1.2379
1.23703
1.23605
1.23501
1.23395
1.23286
1.23166
1.23023
1.22838
1.22592
1.22264
1.21841
1.21319
1.20708
1.20044
1.19379
1.18785
1.18334
1.18083
1.18067
1.18294
1.18745
1.1938
1.20139
1.20956
1.21766
1.22516
1.23169
1.23707
1.24122
1.24416
1.24595
1.24666
1.24636
1.24519
1.24332
1.24102
1.23868
1.23669
1.23541
1.23505
1.23561
1.23689
1.23858
1.24039
1.24205
1.24342
1.24443
1.24505
1.24529
1.24516
1.24468
1.24386
1.24271
1.24125
1.23951
1.23754
1.23539
1.23314
1.2309
1.22876
1.22681
1.22513
1.22378
1.22278
1.22211
1.22178
1.22176
1.22203
1.22255
1.22327
1.22412
1.22501
1.22584
1.22653
1.227
1.22722
1.22717
1.22686
1.22633
1.22565
1.22491
1.22419
1.22363
1.22332
1.22338
1.22387
1.22485
1.22632
1.22822
1.23047
1.23294
1.23548
1.23792
1.24008
1.24176
1.24273
1.24271
1.24139
1.23841
1.23346
1.22649
1.21801
1.20939
1.20273
1.20003
1.20199
1.20757
1.21483
1.22197
1.2279
1.23214
1.23453
1.23495
1.23327
1.22931
1.22289
1.214
1.20302
1.19102
1.17984
1.17174
1.16848
1.17044
1.17654
1.18488
1.19371
1.20185
1.20875
1.21426
1.21851
1.2217
1.22404
1.22573
1.22693
1.22776
1.22833
1.22871
1.22895
1.2291
1.22919
1.22922
1.22921
1.22915
1.22904
1.22887
1.2286
1.22821
1.22766
1.22689
1.22584
1.22443
1.2226
1.22028
1.21743
1.21404
1.21021
1.20611
1.20198
1.19812
1.19479
1.19214
1.19022
1.18896
1.18832
1.18829
1.18888
1.19012
1.19196
1.19425
1.19679
1.19937
1.20184
1.20408
1.20603
1.20765
1.20888
1.20965
1.2099
1.20958
1.2087
1.20734
1.20572
1.2041
1.2028
1.20209
1.20216
1.20305
1.20472
1.20702
1.20979
1.21285
1.21604
1.21925
1.22237
1.22533
1.22808
1.23061
1.23292
1.23502
1.23695
1.23873
1.24039
1.24193
1.24337
1.24469
1.24586
1.24682
1.2475
1.24779
1.24758
1.24676
1.24523
1.24294
1.23993
1.23638
1.23255
1.22879
1.22547
1.2228
1.22081
1.21931
1.21799
1.21657
1.21487
1.21299
1.21123
1.21
1.20964
1.21027
1.21182
1.21409
1.21686
1.21995
1.22318
1.22641
1.22949
1.23232
1.23486
1.2371
1.23911
1.24096
1.24277
1.24458
1.24639
1.24812
1.2496
1.25063
1.251
1.25052
1.24916
1.24702
1.2444
1.24181
1.23979
1.23879
1.23898
1.24018
1.24196
1.24379
1.24518
1.24575
1.24528
1.24373
1.24119
1.23791
1.23429
1.23076
1.22775
1.22556
1.22433
1.22395
1.22415
1.22457
1.22488
1.22486
1.22446
1.2238
1.22307
1.22246
1.22205
1.22181
1.22155
1.22108
1.22022
1.21891
1.21722
1.21534
1.2135
1.21195
1.21082
1.21009
1.20954
1.2088
1.20751
1.20544
1.20267
1.19972
1.19739
1.19649
1.19743
1.19998
1.20341
1.20693
1.20991
1.21206
1.21336
1.21395
1.21405
1.21386
1.21354
1.2132
1.21289
1.2126
1.21231
1.21198
1.2116
1.21115
1.21064
1.21009
1.20954
1.20902
1.20855
1.20817
1.20788
1.20768
1.20757
1.2075
1.20745
1.20737
1.2072
1.20687
1.20635
1.20557
1.2045
1.20309
1.20128
1.19899
1.19609
1.1924
1.18775
1.18213
1.17579
1.16949
1.16444
1.16207
1.16341
1.16846
1.17617
1.18493
1.19328
1.20025
1.20546
1.20889
1.21074
1.21128
1.2108
1.20954
1.20776
1.20568
1.20349
1.20139
1.19954
1.19805
1.197
1.1964
1.1962
1.19635
1.19673
1.19726
1.19788
1.19854
1.19923
1.19998
1.20081
1.20175
1.2028
1.20394
1.20515
1.20635
1.20747
1.20845
1.20921
1.20971
1.20992
1.20983
1.20945
1.20883
1.20799
1.20697
1.2058
1.20453
1.20321
1.20194
1.20088
1.20021
1.20011
1.20068
1.20192
1.20371
1.20585
1.20807
1.21017
1.21196
1.21336
1.21433
1.21488
1.21506
1.21492
1.21452
1.2139
1.2131
1.21214
1.211
1.20965
1.20803
1.20607
1.20371
1.2009
1.19767
1.19416
1.19065
1.18753
1.18523
1.18405
1.18404
1.18497
1.18639
1.18778
1.18872
1.18891
1.18826
1.18683
1.18482
1.18253
1.18031
1.17847
1.17719
1.17655
1.17649
1.17688
1.17756
1.17841
1.17933
1.18022
1.18103
1.18169
1.18217
1.18245
1.18252
1.18239
1.18211
1.18171
1.18122
1.18068
1.18008
1.1794
1.17856
1.17741
1.17568
1.17297
1.1687
1.1621
1.1525
1.13983
1.12562
1.11367
1.10862
1.11249
1.12278
1.13488
1.14536
1.15302
1.15811
1.16136
1.16346
1.16492
1.16604
1.16703
1.16797
1.16893
1.16994
1.17102
1.17216
1.17335
1.17455
1.17571
1.17675
1.17761
1.17819
1.1784
1.17813
1.17727
1.17567
1.17324
1.1699
1.16569
1.16082
1.15574
1.15115
1.14783
1.14638
1.14691
1.14899
1.15184
1.15463
1.15681
1.15822
1.15902
1.15961
1.1604
1.16167
1.16347
1.16562
1.16781
1.16973
1.17117
1.17202
1.17231
1.17214
1.17167
1.17108
1.17053
1.17017
1.17008
1.17031
1.17082
1.17156
1.17245
1.17341
1.17435
1.17522
1.176
1.17665
1.17719
1.17761
1.17794
1.17818
1.17837
1.1785
1.17861
1.17871
1.1788
1.17891
1.17904
1.17922
1.17946
1.17979
1.1802
1.18072
1.18134
1.18206
1.18285
1.1837
1.18459
1.18547
1.18632
1.18712
1.18783
1.18844
1.18892
1.18927
1.18948
1.18954
1.18945
1.18923
1.18888
1.18845
1.18796
1.18746
1.18702
1.18671
1.18661
1.18678
1.18727
1.18813
1.18933
1.19086
1.19267
1.19468
1.1968
1.19896
1.20107
1.20306
1.20486
1.20642
1.20769
1.20864
1.20924
1.20948
1.20933
1.20882
