-0.35164
-0.354648
-0.356961
-0.358956
-0.360673
-0.362136
-0.363358
-0.364369
-0.365193
-0.36584
-0.36634
-0.366706
-0.36699
-0.367207
-0.36739
-0.367566
-0.367743
-0.367943
-0.368147
-0.368353
-0.368531
-0.368632
-0.368605
-0.368382
-0.367866
-0.366977
-0.36558
-0.363547
-0.360722
-0.356971
-0.352156
-0.346238
-0.339291
-0.331627
-0.323846
-0.316838
-0.311674
-0.309251
-0.310071
-0.313947
-0.320118
-0.327552
-0.335258
-0.342516
-0.348912
-0.354268
-0.358598
-0.361993
-0.364601
-0.366551
-0.367964
-0.36894
-0.369567
-0.369884
-0.369958
-0.369826
-0.369536
-0.369104
-0.368572
-0.36796
-0.367318
-0.366649
-0.36595
-0.365201
-0.364336
-0.36326
-0.361816
-0.359845
-0.3572
-0.353786
-0.34968
-0.345161
-0.340677
-0.336764
-0.333806
-0.33183
-0.330464
-0.329185
-0.327637
-0.325966
-0.324895
-0.325343
-0.327968
-0.332721
-0.338834
-0.34532
-0.351305
-0.356244
-0.359907
-0.362233
-0.363129
-0.362449
-0.359911
-0.355328
-0.348786
-0.340982
-0.333348
-0.327772
-0.325791
-0.327648
-0.332159
-0.337434
-0.341801
-0.344409
-0.345213
-0.344753
-0.343781
-0.343065
-0.343144
-0.344253
-0.346301
-0.349003
-0.351978
-0.354822
-0.357282
-0.359192
-0.360483
-0.361161
-0.361257
-0.360837
-0.359964
-0.358736
-0.357222
-0.355524
-0.353804
-0.352235
-0.350971
-0.350137
-0.349768
-0.349767
-0.349943
-0.350033
-0.349771
-0.348952
-0.347369
-0.344953
-0.341736
-0.337816
-0.333419
-0.328925
-0.324872
-0.321983
-0.320961
-0.322308
-0.32607
-0.331737
-0.338432
-0.345165
-0.351124
-0.355787
-0.358954
-0.360708
-0.361254
-0.361006
-0.360406
-0.359914
-0.359889
-0.360549
-0.361932
-0.363936
-0.366322
-0.368829
-0.371194
-0.373162
-0.374558
-0.375227
-0.375042
-0.373845
-0.371486
-0.367738
-0.362369
-0.355155
-0.346078
-0.335562
-0.324738
-0.315517
-0.30994
-0.309184
-0.312712
-0.3185
-0.324087
-0.32757
-0.328034
-0.325581
-0.321091
-0.315967
-0.311826
-0.310136
-0.311969
-0.317639
-0.326611
-0.337528
-0.348698
-0.358618
-0.366337
-0.371471
-0.374169
-0.37489
-0.374322
-0.373195
-0.372169
-0.371658
-0.371804
-0.372469
-0.373329
-0.374066
-0.374403
-0.374184
-0.373346
-0.371904
-0.369891
-0.367363
-0.364384
-0.361031
-0.357432
-0.35376
-0.350248
-0.347166
-0.34477
-0.343219
-0.342615
-0.34289
-0.343902
-0.345452
-0.347314
-0.34928
-0.351163
-0.352814
-0.354108
-0.354925
-0.355169
-0.354806
-0.353835
-0.352324
-0.350379
-0.34815
-0.345829
-0.343614
-0.341869
-0.341035
-0.341669
-0.344175
-0.348611
-0.354517
-0.361059
-0.367324
-0.37258
-0.37638
-0.378575
-0.379246
-0.378555
-0.376754
-0.374076
-0.370761
-0.367051
-0.363216
-0.3595
-0.356251
-0.353783
-0.352448
-0.352521
-0.354142
-0.357274
-0.361675
-0.366949
-0.372628
-0.378268
-0.38345
-0.38787
-0.391298
-0.39358
-0.394593
-0.394261
-0.392553
-0.389454
-0.385125
-0.379815
-0.373931
-0.368076
-0.36295
-0.359246
-0.357482
-0.357851
-0.360185
-0.364002
-0.368644
-0.373459
-0.377981
-0.381884
-0.385065
-0.387544
-0.389435
-0.390913
-0.392154
-0.393331
-0.394564
-0.395919
-0.397424
-0.399078
-0.400825
-0.402625
-0.40442
-0.406138
-0.407688
-0.409005
-0.409977
-0.410503
-0.410458
-0.409702
-0.408103
-0.405523
-0.401838
-0.396952
-0.390823
-0.383495
-0.375105
-0.365897
-0.35624
-0.346608
-0.337528
-0.329573
-0.323154
-0.318504
-0.315621
-0.314291
-0.314149
-0.314778
-0.315797
-0.316978
-0.31831
-0.31995
-0.32219
-0.325338
-0.329648
-0.335209
-0.341879
-0.349316
-0.356996
-0.364397
-0.371068
-0.376672
-0.381084
-0.384298
-0.38641
-0.38756
-0.387922
-0.387644
-0.386882
-0.385774
-0.384432
-0.382944
-0.38139
-0.379841
-0.378344
-0.37693
-0.375595
-0.374331
-0.373086
-0.371801
-0.370401
-0.368787
-0.366872
-0.364568
-0.361819
-0.35859
-0.354916
-0.350889
-0.34671
-0.342633
-0.33895
-0.335961
-0.333905
-0.332922
-0.333053
-0.334217
-0.336287
-0.339059
-0.342309
-0.345753
-0.349109
-0.352069
-0.354364
-0.355817
-0.356364
-0.356115
-0.35531
-0.354319
-0.353584
-0.353501
-0.354342
-0.356231
-0.359162
-0.362969
-0.367459
-0.372407
-0.377608
-0.382856
-0.387962
-0.392775
-0.397154
-0.401001
-0.404232
-0.406783
-0.408647
-0.409825
-0.410348
-0.410267
-0.40966
-0.408648
-0.407334
-0.405836
-0.404272
-0.402675
-0.401025
-0.399205
-0.397004
-0.394166
-0.390354
-0.385312
-0.378821
-0.370838
-0.361568
-0.351556
-0.341648
-0.332904
-0.326403
-0.322979
-0.323104
-0.326868
-0.333945
-0.34369
-0.355212
-0.367501
-0.379601
-0.390726
-0.400361
-0.408232
-0.414271
-0.418506
-0.421028
-0.42193
-0.421343
-0.419459
-0.416562
-0.41309
-0.409593
-0.406689
-0.404899
-0.404512
-0.405468
-0.407468
-0.41005
-0.41275
-0.415207
-0.417211
-0.418669
-0.419531
-0.419843
-0.419596
-0.418827
-0.417545
-0.415773
-0.413535
-0.410895
-0.407899
-0.404652
-0.401291
-0.397941
-0.394745
-0.391852
-0.389393
-0.387409
-0.385957
-0.385008
-0.384556
-0.384568
-0.385009
-0.385832
-0.386943
-0.38823
-0.389563
-0.39079
-0.39179
-0.392462
-0.392746
-0.392634
-0.392116
-0.391303
-0.39026
-0.389143
-0.388088
-0.387266
-0.386856
-0.386995
-0.387809
-0.389363
-0.391631
-0.394543
-0.397962
-0.401689
-0.4055
-0.409136
-0.412314
-0.41474
-0.416072
-0.41588
-0.413678
-0.408925
-0.401184
-0.390445
-0.37759
-0.364791
-0.355277
-0.351913
-0.355487
-0.36426
-0.375236
-0.385812
-0.394477
-0.400568
-0.403852
-0.404181
-0.401344
-0.39505
-0.385042
-0.371344
-0.354627
-0.336597
-0.320136
-0.308618
-0.304527
-0.308212
-0.317822
-0.330529
-0.343736
-0.355779
-0.365915
-0.373993
-0.380193
-0.384833
-0.388236
-0.390691
-0.392427
-0.39364
-0.394468
-0.395006
-0.395354
-0.39556
-0.395679
-0.395718
-0.395694
-0.395596
-0.395425
-0.395152
-0.394731
-0.394124
-0.393276
-0.392079
-0.390449
-0.388285
-0.385481
-0.381914
-0.377553
-0.372404
-0.366603
-0.360418
-0.354247
-0.34852
-0.343611
-0.339756
-0.336973
-0.33519
-0.334322
-0.334368
-0.335351
-0.337315
-0.340153
-0.343632
-0.347473
-0.35135
-0.355013
-0.358325
-0.361209
-0.363576
-0.365349
-0.366443
-0.366738
-0.366176
-0.364765
-0.362682
-0.360215
-0.357814
-0.355941
-0.354978
-0.355194
-0.356657
-0.359262
-0.362796
-0.366993
-0.371607
-0.37642
-0.381225
-0.38587
-0.390278
-0.394377
-0.39814
-0.401578
-0.404715
-0.40759
-0.41024
-0.412709
-0.414999
-0.417139
-0.419102
-0.420824
-0.422228
-0.423197
-0.423565
-0.423169
-0.42183
-0.419419
-0.415862
-0.411259
-0.405856
-0.400097
-0.394518
-0.38962
-0.385723
-0.382822
-0.380625
-0.378657
-0.376477
-0.373891
-0.371056
-0.368464
-0.366735
-0.366323
-0.367423
-0.369874
-0.37337
-0.377595
-0.382245
-0.387108
-0.391926
-0.396518
-0.400729
-0.404489
-0.407809
-0.41078
-0.413558
-0.416266
-0.418985
-0.4217
-0.424271
-0.426445
-0.427902
-0.428328
-0.427487
-0.425306
-0.421979
-0.418026
-0.41418
-0.41128
-0.409959
-0.410417
-0.412341
-0.415059
-0.417776
-0.419753
-0.420464
-0.419606
-0.417118
-0.413174
-0.408188
-0.402738
-0.397494
-0.393078
-0.389939
-0.38823
-0.387781
-0.388152
-0.388796
-0.389213
-0.38912
-0.388484
-0.387466
-0.38637
-0.385472
-0.384891
-0.384542
-0.384148
-0.383391
-0.382037
-0.380011
-0.37743
-0.374596
-0.371874
-0.369611
-0.367996
-0.366952
-0.366124
-0.36496
-0.362909
-0.359682
-0.355466
-0.351073
-0.347742
-0.346661
-0.348343
-0.352333
-0.357556
-0.36278
-0.367135
-0.370232
-0.372057
-0.372858
-0.372943
-0.372629
-0.372153
-0.371649
-0.371174
-0.370737
-0.370294
-0.369804
-0.369228
-0.368541
-0.367752
-0.366933
-0.366107
-0.365318
-0.364625
-0.36407
-0.363647
-0.363356
-0.363187
-0.363081
-0.362991
-0.362868
-0.362587
-0.362073
-0.361258
-0.360048
-0.35839
-0.356215
-0.353439
-0.349924
-0.345464
-0.339793
-0.332683
-0.324112
-0.314548
-0.305173
-0.297901
-0.294867
-0.297451
-0.305526
-0.317367
-0.330537
-0.342893
-0.35311
-0.360641
-0.365536
-0.368097
-0.368744
-0.367881
-0.3659
-0.363168
-0.360015
-0.356731
-0.353617
-0.350891
-0.348719
-0.347216
-0.346374
-0.346142
-0.346393
-0.346975
-0.347781
-0.348716
-0.349713
-0.350753
-0.351882
-0.35314
-0.354566
-0.356158
-0.357879
-0.359675
-0.361467
-0.363136
-0.364585
-0.365699
-0.366402
-0.366668
-0.366486
-0.36588
-0.364913
-0.363624
-0.362071
-0.360317
-0.3584
-0.356416
-0.354538
-0.352989
-0.352058
-0.351997
-0.352953
-0.354912
-0.357661
-0.360888
-0.364229
-0.367336
-0.369969
-0.371997
-0.37338
-0.374145
-0.374359
-0.374106
-0.373462
-0.372506
-0.371283
-0.369805
-0.368072
-0.366013
-0.363549
-0.360561
-0.356948
-0.352667
-0.347773
-0.342494
-0.337271
-0.332694
-0.329403
-0.32781
-0.327967
-0.329463
-0.331612
-0.333657
-0.334962
-0.335142
-0.334045
-0.331799
-0.328715
-0.325271
-0.321978
-0.319283
-0.317463
-0.316607
-0.316588
-0.317218
-0.318277
-0.319567
-0.320944
-0.322276
-0.323476
-0.324457
-0.32515
-0.325537
-0.325618
-0.32541
-0.324977
-0.324352
-0.323608
-0.322783
-0.321879
-0.320843
-0.319548
-0.317748
-0.315038
-0.310791
-0.304087
-0.293794
-0.278915
-0.259515
-0.238234
-0.221051
-0.214773
-0.221801
-0.237826
-0.255919
-0.27126
-0.28233
-0.289649
-0.294298
-0.297335
-0.299441
-0.301098
-0.302553
-0.303962
-0.305411
-0.306935
-0.308569
-0.310301
-0.312095
-0.313889
-0.315614
-0.317163
-0.318412
-0.319239
-0.319496
-0.319004
-0.31761
-0.315116
-0.311335
-0.306184
-0.299749
-0.292372
-0.284776
-0.278034
-0.273305
-0.271418
-0.272491
-0.275796
-0.280109
-0.284233
-0.287393
-0.289395
-0.290526
-0.291403
-0.29264
-0.29464
-0.297412
-0.300665
-0.303924
-0.30674
-0.308812
-0.310009
-0.310362
-0.310052
-0.309326
-0.308424
-0.307627
-0.307124
-0.307038
-0.307419
-0.308227
-0.309368
-0.31072
-0.312147
-0.313554
-0.314859
-0.316005
-0.31697
-0.317763
-0.318372
-0.318847
-0.319214
-0.319482
-0.319687
-0.319847
-0.319987
-0.320117
-0.320279
-0.320489
-0.320763
-0.321151
-0.321652
-0.322297
-0.323092
-0.324034
-0.32513
-0.326334
-0.327627
-0.32895
-0.33028
-0.331551
-0.332733
-0.333791
-0.334681
-0.335385
-0.335887
-0.336174
-0.336233
-0.336081
-0.335721
-0.335196
-0.334535
-0.333792
-0.333051
-0.332406
-0.331965
-0.331846
-0.332156
-0.332951
-0.334284
-0.336147
-0.338489
-0.341238
-0.344259
-0.347464
-0.350713
-0.35387
-0.356821
-0.359477
-0.361779
-0.36363
-0.365006
-0.365853
-0.366148
-0.365874
-0.365051
