0.0705148
0.0600362
0.0601141
0.0601813
0.060239
0.0602881
0.0603295
0.0603638
0.0603916
0.0604136
0.0604305
0.0604432
0.0604526
0.0604599
0.0604659
0.0604715
0.0604773
0.0604837
0.0604905
0.0604974
0.0605034
0.0605071
0.0605068
0.0605002
0.0604845
0.0604563
0.0604119
0.0603468
0.060256
0.0601347
0.0599785
0.0597856
0.0595581
0.0593054
0.0590463
0.0588096
0.0586302
0.0585397
0.0585559
0.058675
0.0588735
0.0591176
0.0593739
0.0596172
0.0598326
0.0600138
0.0601608
0.0602765
0.0603654
0.0604321
0.0604806
0.0605142
0.0605358
0.0605475
0.0605508
0.0605473
0.060538
0.0605241
0.0605067
0.0604867
0.0604652
0.0604428
0.0604197
0.0603951
0.060367
0.0603322
0.0602858
0.0602223
0.0601365
0.0600256
0.0598912
0.0597417
0.0595919
0.0594594
0.0593578
0.0592892
0.0592428
0.0592006
0.0591501
0.0590944
0.0590554
0.0590642
0.0591438
0.0592948
0.0594949
0.0597105
0.0599116
0.0600793
0.0602053
0.0602869
0.0603217
0.0603043
0.0602265
0.0600812
0.05987
0.0596135
0.0593568
0.0591623
0.0590832
0.059133
0.0592767
0.0594519
0.0596017
0.0596945
0.0597267
0.0597143
0.0596825
0.0596567
0.0596561
0.0596896
0.0597552
0.0598436
0.0599417
0.060037
0.0601202
0.0601854
0.0602303
0.0602547
0.0602599
0.0602479
0.0602208
0.0601809
0.0601312
0.0600753
0.060018
0.059965
0.0599217
0.0598925
0.0598784
0.0598772
0.0598827
0.0598866
0.0598798
0.0598544
0.0598045
0.0597273
0.0596229
0.0594948
0.05935
0.0592005
0.0590639
0.058963
0.0589221
0.0589587
0.0590759
0.0592588
0.059479
0.0597037
0.0599051
0.0600649
0.0601754
0.0602376
0.0602593
0.0602531
0.0602339
0.0602165
0.0602136
0.060233
0.0602767
0.0603414
0.0604199
0.0605032
0.0605823
0.0606495
0.0606981
0.0607231
0.0607197
0.0606836
0.0606092
0.0604898
0.0603173
0.0600842
0.0597888
0.059443
0.0590825
0.0587679
0.0585683
0.0585269
0.058632
0.0588201
0.0590094
0.0591339
0.0591599
0.0590873
0.0589431
0.0587728
0.0586296
0.0585637
0.0586117
0.0587877
0.0590762
0.0594346
0.0598071
0.0601425
0.0604067
0.0605859
0.060683
0.0607127
0.060697
0.0606603
0.0606249
0.0606058
0.0606085
0.0606291
0.0606577
0.0606831
0.0606959
0.0606906
0.0606649
0.060619
0.0605541
0.060472
0.0603746
0.0602645
0.0601457
0.0600238
0.0599064
0.0598024
0.05972
0.0596658
0.0596424
0.0596487
0.0596802
0.0597302
0.0597913
0.0598565
0.0599197
0.0599756
0.0600199
0.0600486
0.060059
0.060049
0.0600188
0.0599701
0.0599066
0.0598332
0.0597558
0.0596816
0.0596211
0.0595893
0.0596044
0.0596811
0.0598223
0.0600145
0.0602311
0.0604414
0.0606201
0.0607516
0.0608302
0.0608573
0.0608387
0.0607821
0.0606956
0.0605875
0.0604656
0.0603382
0.0602143
0.0601041
0.0600191
0.0599705
0.0599679
0.0600166
0.0601157
0.060258
0.0604309
0.0606191
0.060807
0.060981
0.0611307
0.0612482
0.0613279
0.0613661
0.0613598
0.0613075
0.0612097
0.06107
0.0608962
0.0607021
0.0605067
0.0603331
0.0602045
0.0601389
0.0601442
0.0602157
0.0603381
0.0604901
0.0606504
0.0608019
0.060934
0.0610419
0.0611263
0.0611908
0.0612411
0.0612831
0.0613222
0.0613626
0.0614069
0.0614562
0.0615103
0.0615682
0.061628
0.0616877
0.061745
0.0617972
0.0618417
0.0618752
0.0618943
0.0618948
0.0618725
0.0618226
0.0617405
0.0616221
0.0614641
0.061265
0.0610259
0.0607508
0.0604473
0.0601274
0.0598065
0.0595028
0.0592344
0.0590159
0.0588557
0.0587545
0.0587059
0.0586981
0.0587171
0.05875
0.0587889
0.0588323
0.0588853
0.058957
0.059058
0.0591969
0.0593772
0.0595952
0.05984
0.0600951
0.0603425
0.0605665
0.0607564
0.060907
0.0610177
0.0610913
0.0611325
0.0611467
0.0611393
0.0611155
0.0610795
0.0610353
0.0609863
0.060935
0.0608838
0.0608341
0.0607869
0.0607425
0.0607003
0.060659
0.0606166
0.0605705
0.0605178
0.0604553
0.0603802
0.0602903
0.0601847
0.0600641
0.0599317
0.0597934
0.0596573
0.0595333
0.0594315
0.0593599
0.0593238
0.0593244
0.0593598
0.0594256
0.0595156
0.0596221
0.0597364
0.0598485
0.0599485
0.0600274
0.0600787
0.0601
0.0600939
0.0600684
0.0600356
0.0600096
0.0600038
0.0600282
0.0600874
0.0601811
0.0603048
0.060452
0.0606153
0.0607875
0.0609618
0.0611321
0.061293
0.06144
0.0615694
0.0616785
0.0617657
0.0618299
0.0618713
0.0618906
0.0618897
0.0618711
0.0618383
0.0617953
0.0617462
0.0616944
0.0616417
0.0615873
0.0615277
0.0614563
0.0613644
0.0612417
0.0610787
0.0608681
0.0606079
0.0603041
0.0599732
0.0596424
0.0593466
0.0591216
0.0589966
0.0589887
0.0591018
0.0593265
0.0596423
0.0600204
0.0604272
0.0608306
0.0612039
0.0615292
0.0617968
0.0620035
0.0621501
0.0622392
0.0622744
0.0622597
0.0622013
0.0621081
0.061994
0.0618771
0.061778
0.0617143
0.0616966
0.0617244
0.0617881
0.0618725
0.0619621
0.062045
0.0621134
0.0621637
0.0621946
0.0622065
0.0622001
0.0621761
0.0621351
0.0620779
0.0620052
0.0619187
0.0618203
0.0617133
0.0616015
0.0614898
0.0613831
0.0612862
0.0612028
0.0611355
0.0610853
0.0610523
0.0610357
0.0610346
0.061048
0.061074
0.0611101
0.0611525
0.0611967
0.061238
0.0612722
0.0612958
0.0613066
0.061304
0.0612886
0.0612624
0.0612286
0.0611914
0.0611559
0.0611278
0.0611125
0.0611152
0.0611398
0.0611887
0.0612616
0.0613564
0.0614684
0.0615914
0.0617178
0.0618393
0.0619469
0.0620305
0.0620788
0.0620781
0.0620124
0.061864
0.0616176
0.0612706
0.0608484
0.0604191
0.0600875
0.0599529
0.06005
0.0603281
0.0606895
0.0610451
0.0613405
0.0615518
0.0616704
0.0616915
0.0616081
0.061411
0.0610914
0.0606486
0.0601019
0.0595042
0.0589475
0.058544
0.0583816
0.0584795
0.0587829
0.0591983
0.059638
0.0600435
0.0603866
0.0606613
0.060873
0.0610317
0.0611483
0.0612324
0.061292
0.0613336
0.0613619
0.0613808
0.061393
0.0614005
0.0614045
0.0614061
0.0614055
0.0614027
0.0613973
0.0613886
0.0613754
0.0613561
0.0613285
0.0612901
0.0612377
0.0611679
0.0610768
0.0609612
0.0608191
0.0606507
0.0604599
0.0602555
0.0600499
0.0598576
0.0596917
0.05956
0.0594641
0.0594017
0.0593698
0.059368
0.0593976
0.0594594
0.0595507
0.0596647
0.0597912
0.05992
0.0600429
0.0601544
0.0602515
0.0603319
0.0603932
0.0604319
0.0604445
0.0604285
0.0603844
0.060317
0.060236
0.0601554
0.0600906
0.0600554
0.0600586
0.0601032
0.0601861
0.0603007
0.0604385
0.0605908
0.0607501
0.0609099
0.0610651
0.0612123
0.0613493
0.0614753
0.0615903
0.0616952
0.0617913
0.0618799
0.0619623
0.0620392
0.0621109
0.0621767
0.0622349
0.0622828
0.0623165
0.062331
0.0623207
0.0622797
0.0622033
0.0620893
0.0619398
0.0617627
0.0615719
0.0613851
0.0612196
0.0610867
0.0609874
0.0609127
0.0608473
0.0607762
0.0606918
0.0605982
0.0605107
0.0604494
0.0604312
0.0604626
0.0605398
0.0606528
0.060791
0.0609446
0.0611055
0.061266
0.0614195
0.0615607
0.061687
0.0617987
0.0618985
0.061991
0.0620807
0.0621708
0.062261
0.0623471
0.062421
0.0624724
0.0624905
0.062467
0.0623992
0.0622925
0.0621624
0.0620332
0.0619327
0.0618829
0.0618922
0.0619518
0.0620405
0.0621317
0.0622008
0.0622292
0.0622061
0.0621286
0.0620021
0.0618392
0.0616588
0.0614829
0.0613329
0.0612241
0.0611626
0.0611438
0.0611538
0.0611748
0.0611901
0.0611891
0.0611694
0.0611365
0.0611002
0.0610696
0.0610494
0.0610371
0.0610244
0.0610009
0.0609582
0.060893
0.0608089
0.0607149
0.0606235
0.0605463
0.0604902
0.0604538
0.0604262
0.0603897
0.0603254
0.060222
0.0600844
0.0599373
0.0598213
0.0597767
0.0598234
0.05995
0.0601212
0.0602962
0.0604445
0.0605516
0.0606162
0.0606458
0.0606508
0.0606413
0.0606256
0.0606087
0.060593
0.0605785
0.060564
0.0605478
0.0605288
0.0605064
0.0604811
0.0604539
0.0604264
0.0604003
0.0603771
0.060358
0.0603436
0.0603338
0.060328
0.0603249
0.0603224
0.0603182
0.0603096
0.0602936
0.0602674
0.0602287
0.0601753
0.060105
0.0600151
0.0599012
0.0597566
0.0595728
0.0593416
0.0590616
0.0587461
0.058432
0.0581805
0.0580628
0.0581293
0.0583807
0.0587646
0.059201
0.0596164
0.0599636
0.0602229
0.0603938
0.060486
0.060513
0.0604889
0.0604266
0.0603379
0.0602341
0.0601252
0.0600206
0.0599283
0.0598542
0.0598018
0.0597718
0.0597622
0.0597693
0.0597884
0.059815
0.0598457
0.0598785
0.0599131
0.0599504
0.0599918
0.0600384
0.0600906
0.0601477
0.0602075
0.0602672
0.0603232
0.0603718
0.0604099
0.0604348
0.0604451
0.0604406
0.060422
0.0603908
0.0603489
0.0602981
0.06024
0.0601766
0.060111
0.060048
0.0599953
0.059962
0.0599567
0.0599849
0.0600468
0.0601361
0.0602424
0.0603532
0.0604574
0.0605468
0.0606165
0.0606648
0.0606923
0.0607012
0.0606942
0.0606741
0.0606433
0.0606036
0.0605556
0.0604988
0.0604316
0.0603512
0.0602538
0.060136
0.059996
0.0598351
0.0596604
0.0594857
0.0593306
0.0592161
0.0591572
0.0591567
0.0592029
0.0592734
0.0593429
0.0593895
0.0593992
0.0593668
0.0592955
0.0591954
0.0590816
0.0589711
0.0588792
0.0588157
0.0587838
0.0587807
0.0587999
0.0588339
0.0588763
0.0589219
0.0589664
0.0590066
0.0590397
0.0590636
0.0590773
0.0590807
0.0590746
0.0590606
0.0590406
0.0590164
0.0589892
0.0589595
0.0589256
0.0588838
0.0588264
0.0587404
0.0586056
0.0583927
0.0580645
0.0575866
0.0569555
0.0562481
0.055653
0.0554014
0.0555936
0.0561061
0.0567084
0.0572304
0.0576121
0.0578656
0.0580273
0.0581319
0.0582043
0.0582605
0.0583094
0.0583563
0.058404
0.0584544
0.0585081
0.0585651
0.0586245
0.0586843
0.0587418
0.0587938
0.0588364
0.0588654
0.0588759
0.0588625
0.0588193
0.05874
0.0586189
0.0584526
0.0582429
0.0580003
0.0577475
0.0575189
0.0573537
0.0572813
0.0573077
0.0574115
0.057553
0.057692
0.0578008
0.057871
0.057911
0.0579401
0.0579794
0.0580428
0.0581325
0.0582394
0.0583484
0.0584441
0.0585156
0.0585581
0.0585725
0.0585641
0.0585407
0.0585111
0.0584838
0.0584658
0.0584616
0.0584728
0.0584984
0.0585353
0.0585796
0.058627
0.0586739
0.0587175
0.0587561
0.0587887
0.0588154
0.0588365
0.0588527
0.0588649
0.058874
0.0588809
0.0588864
0.058891
0.0588957
0.0589009
0.0589076
0.0589166
0.0589287
0.0589449
0.0589656
0.0589914
0.0590223
0.0590579
0.0590974
0.0591399
0.0591838
0.0592278
0.0592703
0.0593099
0.0593453
0.0593755
0.0593996
0.059417
0.0594273
0.0594302
0.0594259
0.0594149
0.0593978
0.0593761
0.0593516
0.0593269
0.059305
0.0592897
0.0592845
0.059293
0.0593176
0.05936
0.05942
0.0594964
0.0595863
0.0596862
0.0597919
0.0598994
0.0600045
0.0601035
0.0601931
0.0602708
0.0603342
0.0603816
0.0604116
0.0604231
0.0604159
0.0603903
