1.76526
1.44791
1.44794
1.44797
1.44799
1.44801
1.44804
1.44806
1.44807
1.44809
1.4481
1.44811
1.44811
1.44812
1.44811
1.44811
1.4481
1.4481
1.4481
1.4481
1.4481
1.44811
1.44813
1.44815
1.4482
1.44824
1.4483
1.44837
1.44846
1.44855
1.44866
1.44877
1.44886
1.44891
1.44889
1.44877
1.44853
1.44822
1.44789
1.44761
1.44742
1.44734
1.44735
1.44742
1.44751
1.44762
1.44771
1.44781
1.44788
1.44793
1.44798
1.44802
1.44804
1.44808
1.4481
1.44813
1.44814
1.44815
1.44816
1.44817
1.44816
1.44816
1.44816
1.44817
1.44819
1.44821
1.44826
1.44832
1.44838
1.44845
1.44851
1.44852
1.44849
1.44842
1.44831
1.44823
1.44819
1.4482
1.44823
1.44822
1.44812
1.44793
1.44771
1.4475
1.44742
1.44743
1.4475
1.44761
1.44775
1.44788
1.44803
1.44819
1.44838
1.44858
1.44876
1.44884
1.44874
1.44846
1.44806
1.4477
1.44752
1.44753
1.44767
1.44786
1.44802
1.44811
1.44812
1.44806
1.44797
1.44786
1.44779
1.44775
1.44773
1.44776
1.44781
1.44786
1.44792
1.44798
1.44804
1.4481
1.44816
1.44818
1.4482
1.44821
1.44821
1.44818
1.44814
1.44809
1.44804
1.448
1.44799
1.44802
1.44808
1.44813
1.44821
1.4483
1.44837
1.44843
1.44847
1.44846
1.44839
1.44824
1.44803
1.44779
1.44756
1.44741
1.44734
1.44738
1.44749
1.44764
1.4478
1.44792
1.44803
1.44809
1.44811
1.44808
1.44801
1.44794
1.44787
1.44782
1.4478
1.4478
1.44782
1.44787
1.44794
1.44802
1.44811
1.44822
1.44833
1.44848
1.44866
1.44885
1.44902
1.44912
1.44908
1.44883
1.4484
1.44791
1.44755
1.44743
1.44754
1.44781
1.44813
1.44839
1.44853
1.44853
1.44836
1.44806
1.44768
1.44731
1.44703
1.44691
1.44696
1.44715
1.44739
1.44765
1.44787
1.44805
1.44814
1.44817
1.44812
1.44806
1.448
1.44795
1.44795
1.44798
1.44803
1.44809
1.44815
1.44821
1.44827
1.44832
1.44837
1.4484
1.44842
1.44842
1.4484
1.44835
1.44826
1.44818
1.44808
1.448
1.44793
1.44789
1.44787
1.44787
1.44789
1.44792
1.44796
1.44801
1.44807
1.44814
1.4482
1.44824
1.44827
1.44829
1.44828
1.44826
1.44818
1.44806
1.44788
1.44769
1.44751
1.44739
1.44737
1.44745
1.44757
1.44773
1.4479
1.44805
1.44818
1.44827
1.44835
1.4484
1.44844
1.44844
1.44842
1.44835
1.44826
1.44813
1.44798
1.44783
1.44768
1.44757
1.4475
1.44749
1.44751
1.44757
1.44766
1.44777
1.44789
1.44803
1.44817
1.4483
1.44846
1.44857
1.44865
1.44868
1.44865
1.44855
1.44838
1.44817
1.44796
1.44778
1.44765
1.44759
1.4476
1.44765
1.44772
1.44779
1.44785
1.44791
1.44794
1.44797
1.44797
1.44795
1.44793
1.44791
1.44789
1.44789
1.44789
1.44789
1.4479
1.44792
1.44794
1.44798
1.44803
1.44809
1.44818
1.44827
1.44838
1.44849
1.44862
1.44875
1.44888
1.44898
1.44904
1.44906
1.44903
1.44896
1.44883
1.44867
1.44849
1.44833
1.44819
1.4481
1.44804
1.44802
1.44801
1.44798
1.44794
1.44786
1.44775
1.44763
1.4475
1.4474
1.44734
1.44734
1.44739
1.44747
1.44759
1.44771
1.44783
1.44793
1.44802
1.44809
1.44815
1.44819
1.44821
1.44823
1.44824
1.44825
1.44825
1.44825
1.44824
1.44824
1.44823
1.44823
1.44824
1.44825
1.44828
1.44831
1.44835
1.44839
1.44844
1.44848
1.44852
1.44853
1.44851
1.44846
1.44838
1.44828
1.44817
1.44806
1.44797
1.44788
1.44782
1.44778
1.44777
1.4478
1.44785
1.44793
1.44802
1.44812
1.44818
1.44822
1.44822
1.44817
1.44808
1.44798
1.44787
1.44776
1.44768
1.44763
1.4476
1.44759
1.44759
1.44761
1.44765
1.4477
1.44775
1.4478
1.44788
1.44795
1.44802
1.44808
1.44813
1.44817
1.4482
1.44822
1.44824
1.44824
1.44825
1.44826
1.44828
1.44834
1.4484
1.44852
1.44865
1.4488
1.44894
1.44906
1.4491
1.44904
1.44888
1.4486
1.44826
1.4479
1.44754
1.44724
1.44701
1.44687
1.44684
1.44689
1.44702
1.44718
1.44737
1.44755
1.44773
1.4479
1.44805
1.4482
1.44832
1.44841
1.44845
1.44842
1.44834
1.44821
1.44807
1.44795
1.44787
1.44783
1.44783
1.44787
1.44792
1.44798
1.44805
1.4481
1.44815
1.44819
1.44824
1.44829
1.44834
1.44837
1.4484
1.44843
1.44842
1.44841
1.44839
1.44836
1.44831
1.44826
1.44821
1.44816
1.44811
1.44807
1.44803
1.44799
1.44797
1.44796
1.44796
1.44797
1.448
1.44804
1.44808
1.44812
1.44817
1.44819
1.44822
1.44822
1.4482
1.44818
1.44813
1.44807
1.448
1.44791
1.44784
1.44779
1.44774
1.44772
1.44772
1.44774
1.4478
1.4479
1.44802
1.44819
1.44841
1.44869
1.44901
1.4493
1.44943
1.4493
1.44882
1.44814
1.44749
1.4471
1.44701
1.44714
1.44738
1.44765
1.44794
1.44824
1.44857
1.44892
1.4493
1.44966
1.4499
1.44993
1.44962
1.44898
1.44819
1.44745
1.44698
1.44679
1.44683
1.447
1.4472
1.4474
1.44757
1.44772
1.44782
1.4479
1.44796
1.448
1.44803
1.44806
1.44808
1.4481
1.4481
1.44811
1.44811
1.44813
1.44814
1.44815
1.44817
1.4482
1.44821
1.44825
1.44831
1.44836
1.44842
1.44851
1.44859
1.44866
1.44872
1.44874
1.44872
1.44866
1.44857
1.44846
1.44835
1.44825
1.44816
1.44806
1.44797
1.44787
1.44778
1.44774
1.44771
1.44771
1.44775
1.4478
1.44784
1.44789
1.44796
1.44804
1.44812
1.4482
1.44828
1.44833
1.44836
1.44834
1.44826
1.44816
1.44804
1.44792
1.44781
1.44773
1.44768
1.44766
1.44765
1.44765
1.44769
1.44771
1.44774
1.44777
1.4478
1.44782
1.44784
1.44786
1.44787
1.4479
1.44792
1.44794
1.44797
1.44801
1.44805
1.44812
1.44821
1.44831
1.44842
1.44854
1.44864
1.44871
1.44872
1.44867
1.44859
1.44848
1.44839
1.44834
1.44833
1.44837
1.44842
1.44843
1.44839
1.44827
1.44813
1.44798
1.44786
1.44777
1.4477
1.44768
1.44767
1.44768
1.44771
1.44776
1.4478
1.44785
1.44788
1.44789
1.44789
1.44788
1.44788
1.4479
1.44796
1.44805
1.44817
1.4483
1.44844
1.44855
1.44858
1.44854
1.44841
1.44823
1.44805
1.44793
1.44788
1.44791
1.44801
1.44816
1.44832
1.44847
1.4486
1.44868
1.4487
1.44865
1.44854
1.4484
1.44826
1.44814
1.44807
1.44806
1.44811
1.44817
1.44821
1.44824
1.44824
1.44822
1.44819
1.44817
1.44818
1.44823
1.4483
1.44836
1.4484
1.44841
1.44837
1.44831
1.44824
1.44819
1.44818
1.44825
1.44836
1.44847
1.44854
1.4485
1.44834
1.44808
1.44781
1.44763
1.44756
1.44761
1.44773
1.44785
1.44798
1.44807
1.44813
1.44816
1.44816
1.44816
1.44816
1.44816
1.44816
1.44817
1.44817
1.44818
1.44821
1.44821
1.44821
1.44821
1.4482
1.44818
1.44817
1.44817
1.44816
1.44817
1.44819
1.44819
1.44821
1.44824
1.44827
1.44831
1.44836
1.44841
1.44848
1.44857
1.44867
1.4488
1.44895
1.44908
1.44914
1.44906
1.44875
1.44824
1.44766
1.44716
1.44689
1.44687
1.44702
1.44727
1.44754
1.4478
1.44801
1.44818
1.44831
1.44842
1.44848
1.4485
1.44851
1.44847
1.44842
1.44836
1.44828
1.44822
1.44816
1.44812
1.44812
1.44811
1.4481
1.44809
1.4481
1.44809
1.44808
1.44806
1.44804
1.44804
1.44805
1.44805
1.44807
1.44808
1.44812
1.44816
1.44821
1.44826
1.4483
1.44833
1.44835
1.44838
1.44838
1.44839
1.44839
1.44838
1.44834
1.44826
1.44817
1.44806
1.44797
1.44791
1.44788
1.44788
1.44791
1.44797
1.44804
1.44811
1.44818
1.44823
1.44827
1.44831
1.44834
1.44837
1.4484
1.44842
1.44846
1.4485
1.44855
1.44862
1.44868
1.44873
1.44874
1.4487
1.44861
1.44845
1.44827
1.4481
1.44799
1.44797
1.44802
1.44811
1.44823
1.44835
1.44844
1.44851
1.44853
1.44849
1.44842
1.44833
1.44822
1.44815
1.4481
1.44806
1.44805
1.44804
1.44806
1.44807
1.44808
1.44811
1.44813
1.44816
1.44818
1.44819
1.44821
1.44823
1.44823
1.44824
1.44826
1.44829
1.44836
1.44848
1.44867
1.44896
1.44936
1.44984
1.45023
1.4502
1.44946
1.44816
1.44693
1.44634
1.4464
1.44678
1.44721
1.44752
1.44774
1.44786
1.44793
1.44797
1.44799
1.44799
1.44798
1.44797
1.44796
1.44794
1.44794
1.44794
1.44795
1.44797
1.448
1.44805
1.44811
1.4482
1.44829
1.44839
1.44853
1.44867
1.44878
1.44885
1.44883
1.44869
1.44844
1.44815
1.44787
1.44769
1.44764
1.44771
1.44783
1.44794
1.44801
1.44801
1.44796
1.44787
1.4478
1.44777
1.44779
1.44786
1.44794
1.44802
1.4481
1.44816
1.44818
1.44819
1.44816
1.44813
1.44808
1.44804
1.448
1.44798
1.44796
1.44796
1.44797
1.44798
1.44799
1.44801
1.44802
1.44804
1.44806
1.44806
1.44807
1.44807
1.44807
1.44807
1.44808
1.44808
1.44807
1.44807
1.44804
1.44803
1.44801
1.44799
1.44798
1.44796
1.44794
1.44793
1.44793
1.44793
1.44794
1.44795
1.44796
1.44798
1.448
1.44802
1.44804
1.44807
1.44809
1.44812
1.44813
1.44814
1.44814
1.44814
1.44813
1.4481
1.44807
1.44801
1.44796
1.4479
1.44785
1.44781
1.44777
1.44776
1.44774
1.44773
1.44773
1.44777
1.44781
1.44785
1.44791
1.44796
1.44801
1.44807
1.44812
1.44817
