2.1169
1.80256
1.80491
1.80693
1.80867
1.81015
1.81139
1.81243
1.81327
1.81393
1.81444
1.81482
1.8151
1.81532
1.8155
1.81567
1.81585
1.81604
1.81624
1.81645
1.81663
1.81674
1.81674
1.81654
1.81606
1.81521
1.81388
1.81191
1.80918
1.80552
1.80082
1.79501
1.78815
1.78054
1.77273
1.7656
1.7602
1.75748
1.75796
1.76155
1.76754
1.77489
1.78261
1.78994
1.79643
1.80189
1.80631
1.8098
1.81248
1.81449
1.81595
1.81696
1.81761
1.81796
1.81806
1.81796
1.81768
1.81726
1.81673
1.81613
1.81548
1.81481
1.81411
1.81337
1.81252
1.81147
1.81008
1.80816
1.80558
1.80224
1.79819
1.79368
1.78917
1.78518
1.78212
1.78006
1.77866
1.77739
1.77586
1.77419
1.77301
1.77328
1.77567
1.78023
1.78625
1.79275
1.79881
1.80386
1.80765
1.81011
1.81116
1.81064
1.80829
1.80391
1.79755
1.78982
1.78209
1.77623
1.77385
1.77535
1.77968
1.78496
1.78947
1.79226
1.79324
1.79286
1.7919
1.79113
1.79111
1.79212
1.79409
1.79676
1.79971
1.80258
1.80509
1.80705
1.80841
1.80914
1.8093
1.80894
1.80812
1.80692
1.80542
1.80374
1.80201
1.80041
1.79911
1.79823
1.79781
1.79777
1.79793
1.79805
1.79785
1.79708
1.79558
1.79325
1.79011
1.78625
1.78189
1.77738
1.77326
1.77023
1.769
1.7701
1.77363
1.77914
1.78578
1.79255
1.79861
1.80343
1.80675
1.80863
1.80928
1.80909
1.80851
1.80799
1.8079
1.80849
1.80981
1.81175
1.81412
1.81663
1.81901
1.82103
1.8225
1.82325
1.82315
1.82206
1.81982
1.81622
1.81102
1.804
1.7951
1.78468
1.77382
1.76435
1.75834
1.75709
1.76026
1.76593
1.77163
1.77538
1.77616
1.77397
1.76963
1.7645
1.76018
1.7582
1.75965
1.76495
1.77364
1.78444
1.79566
1.80576
1.81372
1.81912
1.82204
1.82294
1.82247
1.82136
1.82029
1.81972
1.8198
1.82042
1.82128
1.82205
1.82243
1.82227
1.8215
1.82011
1.81816
1.81569
1.81275
1.80944
1.80586
1.80218
1.79865
1.79551
1.79303
1.7914
1.79069
1.79089
1.79183
1.79334
1.79518
1.79715
1.79905
1.80073
1.80207
1.80293
1.80324
1.80295
1.80203
1.80057
1.79865
1.79644
1.79411
1.79188
1.79005
1.7891
1.78955
1.79186
1.79612
1.80191
1.80843
1.81477
1.82015
1.82411
1.82648
1.82729
1.82673
1.82503
1.82242
1.81916
1.81549
1.81165
1.80792
1.8046
1.80204
1.80058
1.8005
1.80197
1.80496
1.80924
1.81445
1.82012
1.82578
1.83102
1.83553
1.83907
1.84147
1.84262
1.84243
1.84086
1.83791
1.8337
1.82846
1.82262
1.81673
1.8115
1.80763
1.80565
1.80581
1.80797
1.81166
1.81624
1.82106
1.82563
1.82961
1.83286
1.8354
1.83734
1.83886
1.84012
1.8413
1.84252
1.84385
1.84534
1.84697
1.84871
1.85051
1.85231
1.85404
1.85561
1.85695
1.85796
1.85853
1.85855
1.85788
1.85637
1.8539
1.85033
1.84557
1.83957
1.83237
1.82408
1.81494
1.8053
1.79563
1.78649
1.7784
1.77182
1.76699
1.76395
1.76248
1.76225
1.76282
1.76381
1.76498
1.76629
1.76789
1.77005
1.77309
1.77728
1.78271
1.78928
1.79665
1.80434
1.81179
1.81854
1.82426
1.82879
1.83213
1.83434
1.83558
1.83601
1.83579
1.83507
1.83399
1.83266
1.83118
1.82963
1.82809
1.82659
1.82517
1.82384
1.82256
1.82132
1.82004
1.81865
1.81706
1.81518
1.81292
1.81021
1.80703
1.8034
1.79941
1.79524
1.79114
1.78741
1.78434
1.78218
1.7811
1.78111
1.78218
1.78417
1.78688
1.79009
1.79353
1.79691
1.79992
1.80229
1.80384
1.80448
1.8043
1.80353
1.80254
1.80176
1.80158
1.80232
1.8041
1.80692
1.81065
1.81508
1.82001
1.82519
1.83045
1.83558
1.84042
1.84485
1.84875
1.85204
1.85466
1.8566
1.85784
1.85842
1.85839
1.85783
1.85685
1.85555
1.85407
1.85251
1.85092
1.84928
1.84749
1.84534
1.84257
1.83887
1.83396
1.82762
1.81978
1.81063
1.80066
1.79069
1.78178
1.775
1.77124
1.771
1.77441
1.78118
1.7907
1.80209
1.81434
1.82649
1.83774
1.84754
1.8556
1.86183
1.86624
1.86893
1.86998
1.86954
1.86778
1.86497
1.86153
1.85802
1.85503
1.85311
1.85258
1.85342
1.85534
1.85788
1.86058
1.86307
1.86514
1.86665
1.86758
1.86794
1.86775
1.86702
1.86579
1.86406
1.86187
1.85927
1.8563
1.85308
1.84971
1.84635
1.84313
1.84021
1.8377
1.83567
1.83416
1.83317
1.83267
1.83264
1.83304
1.83382
1.83491
1.83619
1.83752
1.83876
1.83979
1.8405
1.84083
1.84075
1.84029
1.8395
1.83848
1.83736
1.83629
1.83544
1.83498
1.83506
1.83581
1.83728
1.83948
1.84233
1.84571
1.84941
1.85322
1.85688
1.86012
1.86264
1.86409
1.86407
1.86209
1.85762
1.8502
1.83974
1.82702
1.81409
1.8041
1.80005
1.80298
1.81136
1.82224
1.83296
1.84185
1.84822
1.85179
1.85242
1.84991
1.84397
1.83434
1.821
1.80453
1.78652
1.76975
1.7576
1.75271
1.75567
1.76481
1.77732
1.79057
1.80278
1.81312
1.82139
1.82777
1.83255
1.83606
1.83859
1.84039
1.84164
1.8425
1.84307
1.84343
1.84366
1.84378
1.84383
1.84381
1.84372
1.84356
1.8433
1.8429
1.84232
1.84149
1.84033
1.83875
1.83665
1.83391
1.83042
1.82614
1.82107
1.81532
1.80916
1.80297
1.79718
1.79218
1.78821
1.78532
1.78344
1.78248
1.78243
1.78332
1.78518
1.78794
1.79137
1.79518
1.79906
1.80276
1.80612
1.80904
1.81147
1.81331
1.81448
1.81486
1.81438
1.81305
1.81101
1.80858
1.80615
1.8042
1.80313
1.80323
1.80458
1.80708
1.81053
1.81468
1.81927
1.82407
1.82888
1.83356
1.83799
1.84212
1.84591
1.84938
1.85254
1.85543
1.8581
1.86058
1.8629
1.86506
1.86704
1.86879
1.87024
1.87125
1.87169
1.87138
1.87014
1.86784
1.86441
1.8599
1.85457
1.84882
1.84319
1.83821
1.8342
1.83121
1.82896
1.82699
1.82485
1.82231
1.81949
1.81685
1.81501
1.81446
1.8154
1.81773
1.82114
1.8253
1.82993
1.83477
1.83961
1.84423
1.84849
1.85229
1.85565
1.85866
1.86145
1.86415
1.86687
1.86958
1.87218
1.8744
1.87595
1.87649
1.87579
1.87374
1.87053
1.86661
1.86272
1.85969
1.85819
1.85847
1.86027
1.86294
1.86569
1.86777
1.86862
1.86793
1.86559
1.86178
1.85687
1.85144
1.84614
1.84162
1.83834
1.83649
1.83592
1.83623
1.83686
1.83732
1.83729
1.8367
1.83571
1.83461
1.83369
1.83308
1.83271
1.83233
1.83162
1.83033
1.82837
1.82583
1.823
1.82025
1.81792
1.81623
1.81514
1.81431
1.81321
1.81127
1.80816
1.80401
1.79958
1.79608
1.79474
1.79615
1.79996
1.80512
1.81039
1.81486
1.81808
1.82003
1.82092
1.82107
1.82079
1.82031
1.81981
1.81933
1.8189
1.81846
1.81797
1.8174
1.81672
1.81596
1.81514
1.81431
1.81353
1.81283
1.81225
1.81182
1.81152
1.81135
1.81125
1.81118
1.81105
1.81079
1.81031
1.80952
1.80836
1.80675
1.80463
1.80192
1.79849
1.79413
1.78859
1.78163
1.77319
1.76369
1.75423
1.74665
1.74311
1.74511
1.75269
1.76426
1.7774
1.78992
1.80038
1.80819
1.81333
1.81611
1.81692
1.81619
1.81432
1.81165
1.80852
1.80524
1.80209
1.79931
1.79708
1.7955
1.79459
1.7943
1.79452
1.79509
1.79589
1.79682
1.79781
1.79885
1.79997
1.80122
1.80262
1.8042
1.80592
1.80772
1.80952
1.8112
1.81267
1.81382
1.81457
1.81488
1.81474
1.81418
1.81324
1.81198
1.81045
1.8087
1.80679
1.80481
1.80291
1.80133
1.80032
1.80016
1.80101
1.80288
1.80557
1.80877
1.81211
1.81525
1.81794
1.82004
1.82149
1.82232
1.82259
1.82238
1.82177
1.82085
1.81965
1.8182
1.81649
1.81447
1.81204
1.80911
1.80556
1.80134
1.7965
1.79123
1.78597
1.7813
1.77785
1.77608
1.77606
1.77746
1.77958
1.78167
1.78308
1.78337
1.78239
1.78024
1.77723
1.7738
1.77047
1.7677
1.76579
1.76483
1.76474
1.76531
1.76634
1.76762
1.76899
1.77033
1.77154
1.77254
1.77326
1.77367
1.77377
1.77359
1.77317
1.77256
1.77183
1.77102
1.77012
1.7691
1.76784
1.76611
1.76352
1.75946
1.75304
1.74316
1.72876
1.70974
1.68843
1.67051
1.66293
1.66873
1.68417
1.70232
1.71804
1.72953
1.73717
1.74204
1.74519
1.74737
1.74906
1.75054
1.75195
1.75339
1.75491
1.75652
1.75824
1.76003
1.76183
1.76356
1.76513
1.76642
1.76729
1.7676
1.7672
1.7659
1.76351
1.75986
1.75485
1.74853
1.74122
1.73361
1.72672
1.72175
1.71957
1.72036
1.72349
1.72775
1.73194
1.73522
1.73733
1.73854
1.73941
1.7406
1.74251
1.74521
1.74843
1.75171
1.7546
1.75675
1.75803
1.75847
1.75821
1.75751
1.75661
1.75579
1.75525
1.75512
1.75546
1.75623
1.75734
1.75868
1.76011
1.76152
1.76283
1.764
1.76498
1.76578
1.76642
1.7669
1.76727
1.76755
1.76776
1.76792
1.76806
1.7682
1.76836
1.76856
1.76883
1.7692
1.76968
1.77031
1.77108
1.77201
1.77309
1.77428
1.77556
1.77688
1.77821
1.77949
1.78068
1.78175
1.78266
1.78338
1.78391
1.78421
1.7843
1.78417
1.78384
1.78333
1.78267
1.78193
1.78119
1.78053
1.78007
1.77991
1.78017
1.78091
1.78219
1.784
1.7863
1.78901
1.79201
1.7952
1.79844
1.8016
1.80459
1.80729
1.80963
1.81154
1.81296
1.81387
1.81421
1.814
1.81323
