6.49562 0.47926 0.00319023
0.0969496 0 0
0.161583 0 0
0.226216 0 0
0.290849 0 0
0.355482 0 0
0.420115 0 0
0.484748 0 0
0.549381 0 0
0.614014 0 0
0.678647 0 0
0.74328 0 0
0.807913 0 0
0.872546 0 0
0.937179 0 0
1.00181 0.0749433 0.0125645
1.06645 0.424881 0.0294771
1.13108 0.787518 0.03726
1.19571 0.900807 0.0355215
1.26034 0.753403 0.0290962
1.32498 0.771303 0.0283744
1.38961 0.651653 0.0286731
1.45424 0.581012 0.0197329
1.51888 0.525706 0.0209652
1.58351 0.483673 0.0191133
1.64814 0.496003 0.0180811
1.71278 0.4212 0.0167383
1.77741 0.456075 0.0173328
1.84204 0.413884 0.0143827
1.90667 0.447133 0.0172777
1.97131 0.444109 0.0166627
2.03594 0.454313 0.0147862
2.10057 0.458306 0.0136282
2.16521 0.453238 0.0144891
2.22984 0.485121 0.0115446
2.29447 0.482861 0.0132042
2.35911 0.482575 0.013453
2.42374 0.503755 0.0108624
2.48837 0.47314 0.0113296
2.55301 0.432348 0.00993558
2.61764 0.436218 0.0107245
2.68227 0.460448 0.0113788
2.7469 0.444475 0.0112887
2.81154 0.422545 0.0102175
2.87617 0.462473 0.0112491
2.9408 0.456868 0.00959665
3.00544 0.442731 0.0108113
3.07007 0.464441 0.00843463
3.1347 0.467065 0.010544
3.19934 0.450613 0.00889319
3.26397 0.450065 0.00780075
3.3286 0.456216 0.0087539
3.39323 0.462368 0.0085658
3.45787 0.475945 0.00875588
3.5225 0.477566 0.00944713
3.58713 0.455728 0.00807974
3.65177 0.470856 0.00769378
3.7164 0.470139 0.00750471
3.78103 0.47366 0.00558505
3.84567 0.483773 0.00411684
3.9103 0.47179 0.00689205
3.97493 0.478939 0.00552867
4.03957 0.470163 0.00747203
4.1042 0.482678 0.00537924
4.16883 0.475568 0.00641496
4.23346 0.476551 0.00571709
4.2981 0.477013 0.00511256
4.36273 0.461667 0.00686237
4.42736 0.470038 0.00547408
4.492 0.474801 0.00473414
4.55663 0.492065 0.00519218
4.62126 0.487578 0.00504119
4.6859 0.48772 0.00575097
4.75053 0.484945 0.00422585
4.81516 0.49296 0.00466628
4.87979 0.497031 0.00416251
4.94443 0.498484 0.00533479
5.00906 0.480705 0.0042086
5.07369 0.482442 0.00389142
5.13833 0.475735 0.00346575
5.20296 0.48513 0.00228394
5.26759 0.479214 0.00380369
5.33223 0.486432 0.00496658
5.39686 0.485027 0.0044011
5.46149 0.481794 0.00446624
5.52612 0.476264 0.00454895
5.59076 0.480635 0.00355086
5.65539 0.486821 0.00226332
5.72002 0.481247 0.00203786
5.78466 0.478048 0.0029178
5.84929 0.478871 0.0018557
5.91392 0.489517 0.00207475
5.97856 0.492195 0.00272883
6.04319 0.493398 0.00136728
6.10782 0.49774 0.00189996
6.17246 0.479831 0.00199846
6.23709 0.502232 0.00132704
6.30172 0.507599 -nan
6.36635 0.499483 0.00314291
6.43099 0.491699 -nan
