1 0.169918 0.122649
2 0.331166 0.729649
3 0.571835 0.477115
4 0.0860072 0.705029
5 0.905484 0.656019
6 0.836567 0.371496
7 0.0211376 0.776048
8 0.572439 0.168325
9 0.545858 0.279233
10 0.583179 0.0173017
11 0.754654 0.0646429
12 0.193293 0.233157
13 0.756047 0.493226
14 0.49426 0.479138
15 0.239268 0.257893
16 0.584917 0.471797
17 0.580468 0.616809
18 0.159259 0.0839539
19 0.754052 0.931865
20 0.024284 0.501858
21 0.369351 0.686006
22 0.213852 0.651955
23 0.0982145 0.67838
24 0.680137 0.12096
25 0.840005 0.577269
26 0.453507 0.0527608
27 0.970267 0.765764
28 0.99461 0.22611
29 0.939875 0.918855
30 0.0179424 0.813285
31 0.0534795 0.133804
32 0.111777 0.713423
