0 29.4726
1 28.8412
2 28.8412
3 28.4615
4 28.1285
5 26.4147
6 26.4147
7 25.0167
8 24.6868
9 23.5946
10 22.3444
11 22.3444
12 22.3444
13 21.3083
14 19.925
15 19.925
16 19.925
17 19.925
18 19.624
19 19.3865
20 19.3736
21 19.3736
22 19.3736
23 17.4336
24 17.4336
25 17.4336
26 17.4336
27 14.8218
28 14.8218
29 14.8218
30 14.0388
31 14.0388
32 14.0388
33 14.0388
34 14.0388
35 14.0388
36 14.0388
37 14.0388
38 14.0388
39 14.0388
40 14.0388
41 14.0388
42 14.0388
43 13.7206
44 13.7206
45 13.7206
46 12.7852
47 12.4635
48 12.4635
49 12.4635
50 12.4635
51 12.4635
52 12.4635
53 12.3236
54 12.3236
55 12.3236
56 12.3236
57 12.264
58 12.264
59 12.2042
60 12.2042
61 12.0505
62 12.0505
63 11.8004
64 11.8004
65 11.8004
66 11.8004
67 11.7428
68 11.7428
69 11.6684
70 11.6684
71 11.5913
72 11.5913
73 11.4391
74 11.4391
75 11.4391
76 11.4391
77 9.89284
78 9.89284
79 9.89284
80 9.89284
81 9.89284
82 9.89284
83 9.89284
84 9.89284
85 9.89284
86 9.89284
87 9.89284
88 9.89284
89 9.89284
90 9.89284
91 9.89284
92 9.89284
93 9.82174
94 9.33252
95 9.33252
96 9.33252
97 9.33252
98 9.33252
99 9.33074
100 9.33074
101 9.31857
102 9.20635
103 9.07043
104 7.8709
105 7.8709
106 7.8709
107 7.8709
108 7.56893
109 7.56893
110 7.33858
111 7.33858
112 7.33858
113 7.02567
114 7.02567
115 7.02567
116 7.02567
117 7.02567
118 7.02567
119 7.02567
120 6.53397
121 6.53397
122 6.53397
123 6.53397
124 6.53397
125 6.53397
126 6.45762
127 6.45762
128 6.45762
129 6.45762
130 6.45762
131 6.45762
132 6.45762
133 6.45762
134 6.45762
135 6.45004
136 6.45004
137 6.45004
138 6.45004
139 6.45004
140 6.45004
141 6.45004
142 6.45004
143 6.45004
144 6.45004
145 6.45004
146 6.45004
147 6.45004
148 6.45004
149 6.45004
150 6.45004
151 6.44472
152 6.44472
153 6.44472
154 6.44472
155 6.44472
156 6.44472
157 6.44472
158 6.44472
159 6.44472
160 6.44472
161 6.44472
162 6.44472
163 6.44472
164 6.44472
165 6.44472
166 6.44472
167 6.44472
168 6.44472
169 6.44472
170 6.44472
171 6.44472
172 6.44472
173 6.28066
174 6.28066
175 6.28066
176 6.26776
177 6.26776
178 6.26019
179 6.26019
180 6.26019
181 6.26019
182 6.26019
183 6.26019
184 6.26019
185 6.26019
186 6.26019
187 6.26019
188 6.26019
189 6.26019
190 6.26019
191 6.26019
192 6.26019
193 6.26019
194 6.26019
195 6.26019
196 6.26019
197 6.26019
198 6.26019
199 6.26019
200 6.26019
201 6.26019
202 6.26019
203 6.26019
204 6.26019
205 6.26019
206 6.26019
207 6.26019
208 6.26019
209 6.26019
210 6.26019
211 6.26019
212 6.26019
213 6.26019
214 6.26019
215 6.26019
216 6.26019
217 6.26019
218 6.26019
219 6.26019
220 6.26019
221 6.26019
222 6.26019
223 6.26019
224 6.26019
225 6.26019
226 6.26019
227 6.26019
228 6.26019
229 6.26019
230 6.26019
231 6.26019
232 6.26019
233 6.26019
234 6.26019
235 6.26019
236 6.26019
237 6.26019
238 6.26019
239 6.26019
240 6.26019
241 6.26019
242 6.26019
243 6.26019
244 6.2403
245 6.2403
246 6.2403
247 6.2403
248 6.2403
249 6.2403
250 6.2403
251 6.2403
252 6.2403
253 6.2403
254 6.2403
255 6.2403
256 6.2403
257 6.2403
258 6.2403
259 6.2403
260 6.2403
261 6.2403
262 6.2403
263 6.2403
264 6.2403
265 6.2403
266 6.2403
267 6.2403
268 6.2403
269 6.2403
270 6.2403
271 6.2403
272 6.2403
273 6.2403
274 6.2403
275 6.2403
276 6.2403
277 6.2403
278 6.2403
279 6.2403
280 6.2403
281 6.2403
282 6.2403
283 6.2403
284 6.2403
285 6.2403
286 6.2403
287 6.2403
288 6.2403
289 6.2403
290 6.2403
291 6.2403
292 6.2403
293 6.2403
294 6.2403
295 6.2403
296 6.2403
297 6.2403
298 6.2403
299 6.2403
300 6.2403
301 6.2403
302 6.2403
303 6.2403
304 6.2403
305 6.2403
306 6.2403
307 6.2403
308 6.2403
309 6.2403
310 6.2403
311 6.2403
312 6.2403
313 6.2403
314 6.2403
315 6.2403
316 6.2403
317 6.2403
318 6.2403
319 6.2403
320 6.2403
321 6.2403
322 6.2403
323 6.2403
324 6.2403
325 6.2403
326 6.2403
327 6.2403
328 6.2403
329 6.2403
330 6.2403
331 6.2403
332 6.2403
333 6.2403
334 6.2403
335 6.2403
336 6.2403
337 6.2403
338 6.2403
339 6.2403
340 6.2403
341 6.2403
342 6.2403
343 6.2403
344 6.2403
345 6.2403
346 6.2403
347 6.2403
348 6.2403
349 6.2403
350 6.2403
351 6.2403
352 6.2403
353 6.2403
354 6.2403
355 6.2403
356 6.2403
357 6.2403
358 6.2403
359 6.2403
360 6.2403
361 6.2403
362 6.2403
363 6.2403
364 6.2403
365 6.2403
366 6.2403
367 6.2403
368 6.2403
369 6.2403
370 6.2403
371 6.2403
372 6.2403
373 6.2403
374 6.2403
375 6.2403
376 6.2403
377 6.2403
378 6.2403
379 6.2403
380 6.2403
381 6.2403
382 6.2403
383 6.2403
384 6.2403
385 6.2403
386 6.2403
387 6.2403
388 6.2403
389 6.2403
390 6.2403
391 6.2403
392 6.2403
393 6.2403
394 6.2403
395 6.2403
396 6.2403
397 6.2403
398 6.2403
399 6.2403
400 6.2403
401 6.2403
402 6.2403
403 6.2403
404 6.2403
405 6.2403
406 6.2403
407 6.2403
408 6.2403
409 6.2403
410 6.2403
411 6.2403
412 6.2403
413 6.2403
414 6.2403
415 6.2403
416 6.2403
417 6.2403
418 6.2403
419 6.2403
420 6.2403
421 6.2403
422 6.2403
423 6.2403
424 6.2403
425 6.2403
426 6.2403
427 6.2403
428 6.2403
429 6.2403
430 6.2403
431 6.2403
432 6.2403
433 6.2403
434 6.2403
435 6.2403
436 6.2403
437 6.2403
438 6.2403
439 6.2403
440 6.2403
441 6.2403
442 6.2403
443 6.2403
444 6.2403
445 6.2403
446 6.2403
447 6.2403
448 6.2403
449 6.2403
450 6.2403
451 6.2403
452 6.2403
453 6.2403
454 6.2403
455 6.2403
456 6.2403
457 6.2403
458 6.2403
459 6.2403
460 6.2403
461 6.2403
462 6.2403
463 6.2403
464 6.2403
465 6.2403
466 6.2403
467 6.2403
468 6.2403
469 6.2403
470 6.2403
471 6.2403
472 6.2403
473 6.2403
474 6.2403
475 6.2403
476 6.2403
477 6.2403
478 6.2403
479 6.2403
480 6.2403
481 6.2403
482 6.2403
483 6.2403
484 6.2403
485 6.2403
486 6.2403
487 6.2403
488 6.2403
489 6.2403
490 6.2403
491 6.2403
492 6.2403
493 6.2403
494 6.2403
495 6.2403
496 6.2403
497 6.2403
498 6.2403
499 6.2403
500 6.2403
501 6.2403
502 6.2403
503 6.2403
504 6.2403
505 6.2403
506 6.2403
507 6.2403
508 6.2403
509 6.2403
510 6.2403
511 6.2403
512 6.2403
513 6.2403
514 6.2403
515 6.2403
516 6.2403
517 6.2403
518 6.2403
519 6.2403
520 6.2403
521 6.2403
522 6.2403
523 6.2403
524 6.2403
525 6.2403
526 6.2403
527 6.2403
528 6.2403
529 6.2403
530 6.2403
531 6.2403
532 6.2403
533 6.2403
534 6.2403
535 6.2403
536 6.2403
537 6.2403
538 6.2403
539 6.2403
540 6.2403
541 6.2403
542 6.2403
543 6.2403
544 6.2403
545 6.2403
546 6.2403
547 6.2403
548 6.2403
549 6.2403
550 6.2403
551 6.2403
552 6.2403
553 6.2403
554 6.2403
555 6.2403
556 6.2403
557 6.2403
558 6.2403
559 6.2403
560 6.2403
561 6.2403
562 6.2403
563 6.2403
564 6.2403
565 6.2403
566 6.2403
567 6.2403
568 6.2403
569 6.2403
570 6.2403
571 6.2403
572 6.2403
573 6.2403
574 6.2403
575 6.2403
576 6.2403
577 6.2403
578 6.2403
579 6.2403
580 6.2403
581 6.2403
582 6.2403
583 6.2403
584 6.2403
585 6.2403
586 6.2403
587 6.2403
588 6.2403
589 6.2403
590 6.2403
591 6.2403
592 6.2403
593 6.2403
594 6.2403
595 6.2403
596 6.2403
597 6.2403
598 6.2403
599 6.2403
600 6.2403
601 6.2403
602 6.2403
603 6.2403
604 6.2403
605 6.2403
606 6.2403
607 6.2403
608 6.2403
609 6.2403
610 6.2403
611 6.2403
612 6.2403
613 6.2403
614 6.2403
615 6.2403
616 6.2403
617 6.2403
618 6.2403
619 6.2403
620 6.2403
621 6.2403
622 6.2403
623 6.2403
624 6.2403
625 6.2403
626 6.2403
627 6.2403
628 6.2403
629 6.2403
630 6.2403
631 6.2403
632 6.2403
633 6.2403
634 6.2403
635 6.2403
636 6.2403
637 6.2403
638 6.2403
639 6.2403
640 6.2403
641 6.2403
642 6.2403
643 6.2403
644 6.2403
645 6.2403
646 6.2403
647 6.2403
648 6.2403
649 6.2403
650 6.2403
651 6.2403
652 6.2403
653 6.2403
654 6.2403
655 6.2403
656 6.2403
657 6.2403
658 6.2403
659 6.2403
660 6.2403
661 6.2403
662 6.2403
663 6.2403
664 6.2403
665 6.2403
666 6.2403
667 6.2403
668 6.2403
669 6.2403
670 6.2403
671 6.2403
672 6.2403
673 6.2403
674 6.2403
675 6.2403
676 6.2403
677 6.2403
678 6.2403
679 6.2403
680 6.2403
681 6.2403
682 6.2403
683 6.2403
684 6.2403
685 6.2403
686 6.2403
687 6.2403
688 6.2403
689 6.2403
690 6.2403
691 6.2403
692 6.2403
693 6.2403
694 6.2403
695 6.2403
696 6.2403
697 6.2403
698 6.2403
699 6.2403
700 6.2403
701 6.2403
702 6.2403
703 6.2403
704 6.2403
705 6.2403
706 6.2403
707 6.2403
708 6.2403
709 6.2403
710 6.2403
711 6.2403
712 6.2403
713 6.2403
714 6.2403
715 6.2403
716 6.2403
717 6.2403
718 6.2403
719 6.2403
720 6.2403
721 6.2403
722 6.2403
723 6.2403
724 6.2403
725 6.2403
726 6.2403
727 6.2403
728 6.2403
729 6.2403
730 6.2403
731 6.2403
732 6.2403
733 6.2403
734 6.2403
735 6.2403
736 6.2403
737 6.2403
738 6.2403
739 6.2403
740 6.2403
741 6.2403
742 6.2403
743 6.2403
744 6.2403
745 6.2403
746 6.2403
747 6.2403
748 6.2403
749 6.2403
750 6.2403
751 6.2403
752 6.2403
753 6.2403
754 6.2403
755 6.2403
756 6.2403
757 6.2403
758 6.2403
759 6.2403
760 6.2403
761 6.2403
762 6.2403
763 6.2403
764 6.2403
765 6.2403
766 6.2403
767 6.2403
768 6.2403
769 6.2403
770 6.2403
771 6.2403
772 6.2403
773 6.2403
774 6.2403
775 6.2403
776 6.2403
777 6.2403
778 6.2403
779 6.2403
780 6.2403
781 6.2403
782 6.2403
783 6.2403
784 6.2403
785 6.2403
786 6.2403
787 6.2403
788 6.2403
789 6.2403
790 6.2403
791 6.2403
792 6.2403
793 6.2403
794 6.2403
795 6.2403
796 6.2403
797 6.2403
798 6.2403
799 6.2403
800 6.2403
801 6.2403
802 6.2403
803 6.2403
804 6.2403
805 6.2403
806 6.2403
807 6.2403
808 6.2403
809 6.2403
810 6.2403
811 6.2403
812 6.2403
813 6.2403
814 6.2403
815 6.2403
816 6.2403
817 6.2403
818 6.2403
819 6.2403
820 6.2403
821 6.2403
822 6.2403
823 6.2403
824 6.2403
825 6.2403
826 6.2403
827 6.2403
828 6.2403
829 6.2403
830 6.2403
831 6.2403
832 6.2403
833 6.2403
834 6.2403
835 6.2403
836 6.2403
837 6.2403
838 6.2403
839 6.2403
840 6.2403
841 6.2403
842 6.2403
843 6.2403
844 6.2403
845 6.2403
846 6.2403
847 6.2403
848 6.2403
849 6.2403
850 6.2403
851 6.2403
852 6.2403
853 6.2403
854 6.2403
855 6.2403
856 6.2403
857 6.2403
858 6.2403
859 6.2403
860 6.2403
861 6.2403
862 6.2403
863 6.2403
864 6.2403
865 6.2403
866 6.2403
867 6.2403
868 6.2403
869 6.2403
870 6.2403
871 6.2403
872 6.2403
873 6.2403
874 6.2403
875 6.2403
876 6.2403
877 6.2403
878 6.2403
879 6.2403
880 6.2403
881 6.2403
882 6.2403
883 6.2403
884 6.2403
885 6.2403
886 6.2403
887 6.2403
888 6.2403
889 6.2403
890 6.2403
891 6.2403
892 6.2403
893 6.2403
894 6.2403
895 6.2403
896 6.2403
897 6.2403
898 6.2403
899 6.2403
900 6.2403
901 6.2403
902 6.2403
903 6.2403
904 6.2403
905 6.2403
906 6.2403
907 6.2403
908 6.2403
909 6.2403
910 6.2403
911 6.2403
912 6.2403
913 6.2403
914 6.2403
915 6.2403
916 6.2403
917 6.2403
918 6.2403
919 6.2403
920 6.2403
921 6.2403
922 6.2403
923 6.2403
924 6.2403
925 6.2403
926 6.2403
927 6.2403
928 6.2403
929 6.2403
930 6.2403
931 6.2403
932 6.2403
933 6.2403
934 6.2403
935 6.2403
936 6.2403
937 6.2403
938 6.2403
939 6.2403
940 6.2403
941 6.2403
942 6.2403
943 6.2403
944 6.2403
945 6.2403
946 6.2403
947 6.2403
948 6.2403
949 6.2403
950 6.2403
951 6.2403
952 6.2403
953 6.2403
954 6.2403
955 6.2403
956 6.2403
957 6.2403
958 6.2403
959 6.2403
960 6.2403
961 6.2403
962 6.2403
963 6.2403
964 6.2403
965 6.2403
966 6.2403
967 6.2403
968 6.2403
969 6.2403
970 6.2403
971 6.2403
972 6.2403
973 6.2403
974 6.2403
975 6.2403
976 6.2403
977 6.2403
978 6.2403
979 6.2403
980 6.2403
981 6.2403
982 6.2403
983 6.2403
984 6.2403
985 6.2403
986 6.2403
987 6.2403
988 6.2403
989 6.2403
990 6.2403
991 6.2403
992 6.2403
993 6.2403
994 6.2403
995 6.2403
996 6.2403
997 6.2403
998 6.2403
999 6.2403
1000 6.2403
1001 6.2403
1002 6.2403
1003 6.2403
1004 6.2403
1005 6.2403
1006 6.2403
1007 6.2403
1008 6.2403
1009 6.2403
1010 6.2403
1011 6.2403
1012 6.2403
1013 6.2403
1014 6.2403
1015 6.2403
1016 6.2403
1017 6.2403
1018 6.2403
1019 6.2403
1020 6.2403
1021 6.2403
1022 6.2403
1023 6.2403
1024 6.2403
