           1   0.0491227   0.0491227           0
           2   0.0491433    0.049133 7.26056e-06
           3   0.0490362   0.0491007 2.67841e-05
           4   0.0490724   0.0490937 2.10034e-05
           5   0.0489297   0.0490609 3.38029e-05
           6   0.0488599   0.0490274 4.15738e-05
           7   0.0491469   0.0490444 3.89829e-05
           8   0.0487117   0.0490028 5.17412e-05
           9   0.0493124   0.0490372 5.62762e-05
          10   0.0491234   0.0490459 5.13046e-05
          11   0.0490378   0.0490451 4.66458e-05
          12   0.0490147   0.0490426 4.28274e-05
          13   0.0488689   0.0490292 4.15652e-05
          14   0.0490949   0.0490339 3.88604e-05
          15   0.0488893   0.0490243 3.74471e-05
          16   0.0493154   0.0490425 3.92782e-05
          17   0.0488686   0.0490323 3.82756e-05
          18   0.0491397   0.0490382  3.6612e-05
          19   0.0487522   0.0490232 3.76533e-05
          20   0.0487662   0.0490103 3.79001e-05
