           1   -0.410033   -0.410033           0
           2    -0.41359   -0.411811  0.00125774
           3   -0.412147   -0.411923 0.000843461
           4   -0.414414   -0.412546   0.0008313
           5   -0.414214    -0.41288 0.000728878
           6   -0.412897   -0.412882 0.000607404
           7   -0.414034   -0.413047 0.000542459
           8   -0.412611   -0.412992 0.000477386
           9   -0.415033   -0.413219 0.000475126
          10   -0.415169   -0.413414 0.000465891
          11   -0.417267   -0.413764 0.000539383
          12   -0.413261   -0.413722 0.000496066
          13    -0.41226    -0.41361 0.000470495
          14   -0.412932   -0.413562 0.000439369
          15   -0.414379   -0.413616  0.00041344
          16   -0.413476   -0.413607 0.000387692
          17   -0.415862    -0.41374 0.000386902
          18   -0.415418   -0.413833 0.000376469
          19   -0.415531   -0.413922 0.000367107
          20   -0.416192   -0.414036 0.000365871
