0.0969496 0 0
0.161583 0 0
0.226216 0 0
0.290849 0 0
0.355482 0 0
0.420115 0 0
0.484748 0 0
0.549381 0 0
0.614014 0 0
0.678647 0 0
0.74328 0 0
0.807913 0 0
0.872546 0 0
0.937179 0 0
1.00181 0.0340651 0.0181325
1.06645 0.531102 0.082967
1.13108 0.988852 0.0921295
1.19571 1.08416 0.0960587
1.26034 0.896909 0.0672143
1.32498 0.902451 0.0489954
1.38961 0.655195 0.0739483
1.45424 0.700663 0.0525325
1.51888 0.607724 0.0533406
1.58351 0.609137 0.0557115
1.64814 0.629445 0.061243
1.71278 0.594498 0.0443964
1.77741 0.490714 0.0410129
1.84204 0.524074 0.0431791
1.90667 0.423302 0.0306822
1.97131 0.47227 0.0327893
2.03594 0.464763 0.025347
2.10057 0.516692 0.0228165
2.16521 0.53737 0.0472088
2.22984 0.472282 0.0311156
2.29447 0.487192 0.0270229
2.35911 0.446525 0.0224191
2.42374 0.492888 0.0315414
2.48837 0.535735 0.030192
2.55301 0.472225 0.0242976
2.61764 0.504096 0.0210802
2.68227 0.540306 0.0261774
2.7469 0.510648 0.0290528
2.81154 0.487441 0.0289793
2.87617 0.457512 0.0302794
2.9408 0.487713 0.0253207
3.00544 0.501038 0.0263692
3.07007 0.475326 0.0211071
3.1347 0.466369 0.0181884
3.19934 0.500062 0.0223009
3.26397 0.511486 0.0332888
3.3286 0.509307 0.0263075
3.39323 0.508902 0.0194066
3.45787 0.489102 0.0196448
3.5225 0.464888 0.0236067
3.58713 0.464233 0.0218309
3.65177 0.460769 0.0246127
3.7164 0.506786 0.0167168
3.78103 0.475255 0.0159721
3.84567 0.465581 0.0202363
3.9103 0.457773 0.0161324
3.97493 0.48702 0.0166378
4.03957 0.494614 0.0150614
4.1042 0.454795 0.0196009
4.16883 0.476224 0.016177
4.23346 0.476424 0.0187934
4.2981 0.504783 0.0181786
4.36273 0.491135 0.0134729
4.42736 0.4769 0.0179822
4.492 0.46497 0.0120187
4.55663 0.464502 0.0140219
4.62126 0.49644 0.0193721
4.6859 0.470898 0.0119361
4.75053 0.489996 0.0161411
4.81516 0.469064 0.0113854
4.87979 0.469168 0.0176552
4.94443 0.489158 0.0144702
5.00906 0.487066 0.011081
5.07369 0.476065 0.0148586
5.13833 0.493093 0.0150926
5.20296 0.487235 0.0152452
5.26759 0.45974 0.0142734
5.33223 0.502389 0.0138577
5.39686 0.488471 0.0155914
5.46149 0.454047 0.0134084
5.52612 0.484552 0.011432
5.59076 0.481072 0.014909
5.65539 0.501506 0.0155389
5.72002 0.484313 0.012115
5.78466 0.499102 0.00958619
5.84929 0.461811 0.012207
5.91392 0.484693 0.0137387
5.97856 0.490536 0.0111758
6.04319 0.491962 0.0145989
6.10782 0.481605 0.0116091
6.17246 0.459603 0.0131902
6.23709 0.491154 0.00947423
6.30172 0.493188 0.01232
6.36635 0.475912 0.0109833
6.43099 0.476593 0.00967104
6.49562 0.472019 0.010262
