-6.17475
-6.16112
-6.14251
-6.11861
-6.08833
-6.05209
-6.00937
-5.9594
-5.90405
-5.84346
-5.78075
-5.71696
-5.65385
-5.59555
-5.54701
-5.50996
-5.48618
-5.47574
-5.47566
-5.48466
-5.49902
-5.51651
-5.53474
-5.5507
-5.56352
-5.57283
-5.57852
-5.58032
-5.58064
-5.58038
-5.58088
-5.58228
-5.58355
-5.58599
-5.58775
-5.58782
-5.58661
-5.58144
-5.5737
-5.5642
-5.55513
-5.54714
-5.54032
-5.53743
-5.53753
-5.5413
-5.54937
-5.55894
-5.5693
-5.58047
-5.58879
-5.59508
-5.59964
-5.6012
-5.60005
-5.59748
-5.59499
-5.59005
-5.58586
-5.58172
-5.5771
-5.57076
-5.56397
-5.55502
-5.54524
-5.53388
-5.5222
-5.50826
-5.49428
-5.48235
-5.47334
-5.46615
-5.46149
-5.45896
-5.45896
-5.46036
-5.46198
-5.46482
-5.46849
-5.47438
-5.48157
-5.48937
-5.4976
-5.5062
-5.51385
-5.51954
-5.52384
-5.52479
-5.52413
-5.52094
-5.51643
-5.51095
-5.50554
-5.50113
-5.49685
-5.49674
-5.49869
-5.50324
-5.51049
-5.51885
-5.5251
-5.53036
-5.53244
-5.53089
-5.52524
-5.51719
-5.50734
-5.49867
-5.48958
-5.48157
-5.47627
-5.47352
-5.47356
-5.47733
-5.48477
-5.49592
-5.50993
-5.52454
-5.53815
-5.55016
-5.55969
-5.56439
-5.56649
-5.56379
-5.55735
-5.5501
-5.54207
-5.53539
-5.52978
-5.52682
-5.52596
-5.52683
-5.52971
-5.53228
-5.5353
-5.53869
-5.54305
-5.54649
-5.55036
-5.55565
-5.56213
-5.57157
-5.58199
-5.5928
-5.60347
-5.61137
-5.61578
-5.61606
-5.61307
-5.60676
-5.59814
-5.58847
-5.57834
-5.56782
-5.55933
-5.5524
-5.54867
-5.54899
-5.5548
-5.56578
-5.58178
-5.60085
-5.61916
-5.63681
-5.65218
-5.66467
-5.67196
-5.67602
-5.67488
-5.66995
-5.66355
-5.65496
-5.64477
-5.635
-5.62518
-5.61543
-5.60708
-5.59999
-5.59418
-5.59216
-5.59124
-5.59279
-5.5947
-5.59813
-5.60193
-5.60487
-5.6073
-5.60825
-5.60861
-5.60834
-5.60602
-5.60264
-5.59719
-5.59049
-5.58094
-5.57092
-5.56049
-5.55223
-5.54443
-5.53815
-5.5321
-5.52816
-5.52487
-5.52438
-5.52468
-5.52787
-5.53354
-5.54039
-5.54757
-5.55396
-5.55617
-5.55437
-5.5465
-5.53094
-5.50921
-5.48439
-5.45978
-5.44071
-5.43172
-5.43306
-5.44193
-5.45572
-5.47111
-5.48743
-5.5013
-5.51415
-5.52635
-5.53608
-5.54411
-5.54881
-5.55194
-5.55246
-5.55223
-5.55008
-5.54447
-5.5383
-5.53108
-5.52227
-5.51057
-5.49904
-5.48761
-5.4773
-5.47082
-5.46747
-5.46576
-5.46784
-5.47272
-5.48049
-5.48892
-5.49649
-5.50299
-5.50843
-5.51271
-5.51565
-5.51705
-5.51721
-5.51645
-5.51608
-5.51513
-5.5136
-5.51144
-5.50743
-5.50247
-5.49445
-5.48582
-5.47674
-5.469
-5.46337
-5.46224
-5.46407
-5.47037
-5.47861
-5.48932
-5.50221
-5.51401
-5.5245
-5.53522
-5.54335
-5.54959
-5.5525
-5.55184
-5.54967
-5.54595
-5.54129
-5.53547
-5.53
-5.52298
-5.51483
-5.50591
-5.49687
-5.48696
-5.47813
-5.46952
-5.46482
-5.46359
-5.46494
-5.46969
-5.47625
-5.48404
-5.4917
-5.49745
-5.50177
-5.50324
-5.50365
-5.50217
-5.49831
-5.49445
-5.48931
-5.48355
-5.47716
-5.47123
-5.46543
-5.45955
-5.45294
-5.44738
-5.43967
-5.43336
-5.42707
-5.42153
-5.4196
-5.42187
-5.427
-5.43609
-5.44908
-5.46393
-5.48118
-5.49759
-5.51471
-5.53022
-5.54296
-5.55396
-5.56158
-5.56707
-5.56985
-5.56955
-5.56725
-5.56209
-5.55258
-5.54151
-5.52894
-5.51822
-5.50819
-5.49788
-5.49007
-5.48548
-5.48333
-5.48176
-5.48361
-5.48701
-5.49237
-5.4979
-5.50522
-5.51416
-5.52405
-5.53306
-5.54349
-5.55262
-5.55949
-5.5624
-5.56004
-5.55129
-5.53606
-5.51653
-5.49352
-5.47015
-5.44892
-5.43396
-5.42513
-5.425
-5.43294
-5.44722
-5.46553
-5.48487
-5.50389
-5.51998
-5.53145
-5.53799
-5.54017
-5.5355
-5.52729
-5.51586
-5.50128
-5.48685
-5.47367
-5.4626
-5.45498
-5.45028
-5.44814
-5.4486
-5.45062
-5.45344
-5.45782
-5.46333
-5.47017
-5.47663
-5.48365
-5.48773
-5.48901
-5.48521
-5.47769
-5.46778
-5.45785
-5.44776
-5.44067
-5.43805
-5.4417
-5.45248
-5.46944
-5.49178
-5.51812
-5.54734
-5.57607
-5.60181
-5.62108
-5.63455
-5.63954
-5.63836
-5.63173
-5.61938
-5.60443
-5.58924
-5.57358
-5.56066
-5.55077
-5.54367
-5.53827
-5.53567
-5.53309
-5.52992
-5.52655
-5.52212
-5.51617
-5.5083
-5.49946
-5.4902
-5.48067
-5.4732
-5.46656
-5.46134
-5.4587
-5.45707
-5.45741
-5.45627
-5.45553
-5.45281
-5.44976
-5.44774
-5.44649
-5.44663
-5.44921
-5.45296
-5.45802
-5.4636
-5.46758
-5.46923
-5.46812
-5.46536
-5.45847
-5.45077
-5.44022
-5.42831
-5.41542
-5.40385
-5.39226
-5.38227
-5.37617
-5.3751
-5.37858
-5.38784
-5.4024
-5.42048
-5.44068
-5.45987
-5.47854
-5.49469
-5.50822
-5.51743
-5.52421
-5.52661
-5.52753
-5.52589
-5.5219
-5.51773
-5.51478
-5.5127
-5.51034
-5.51008
-5.51052
-5.51007
-5.50897
-5.5054
-5.49939
-5.49223
-5.48364
-5.47588
-5.46939
-5.46488
-5.46355
-5.46594
-5.46958
-5.47332
-5.47732
-5.48086
-5.48246
-5.48276
-5.4821
-5.48061
-5.47808
-5.47443
-5.46946
-5.4621
-5.4543
-5.44616
-5.43872
-5.4317
-5.42583
-5.42247
-5.42121
-5.42176
-5.4247
-5.43026
-5.43665
-5.44279
-5.45096
-5.45868
-5.46809
-5.47581
-5.48348
-5.49028
-5.49598
-5.49846
-5.49905
-5.49782
-5.49417
-5.48947
-5.48466
-5.4806
-5.47975
-5.48165
-5.48445
-5.48886
-5.49324
-5.49669
-5.4978
-5.49666
-5.49333
-5.48764
-5.48113
-5.47629
-5.47268
-5.47283
-5.47609
-5.48279
-5.49375
-5.5042
-5.51582
-5.52662
-5.5366
-5.54373
-5.54827
-5.55066
-5.54943
-5.5435
-5.53471
-5.52453
-5.51199
-5.49954
-5.48996
-5.48289
-5.47965
-5.47992
-5.48078
-5.48147
-5.48276
-5.48601
-5.49006
-5.49566
-5.50255
-5.51001
-5.516
-5.52078
-5.52269
-5.5227
-5.51971
-5.51524
-5.50887
-5.50196
-5.49516
-5.48937
-5.48596
-5.48374
-5.48522
-5.48781
-5.49176
-5.49551
-5.49815
-5.49744
-5.49374
-5.48739
-5.47717
-5.46519
-5.45185
-5.43902
-5.4278
-5.41917
-5.41434
-5.41303
-5.41676
-5.42374
-5.43405
-5.44648
-5.45922
-5.47161
-5.4832
-5.49322
-5.50095
-5.50657
-5.50999
-5.51225
-5.51329
-5.51375
-5.5118
-5.50939
-5.50637
-5.50218
-5.49768
-5.49371
-5.49067
-5.48691
-5.48333
-5.47833
-5.47312
-5.46687
-5.45941
-5.45141
-5.44311
-5.43333
-5.42423
-5.41671
-5.41088
-5.40711
-5.40701
-5.40914
-5.41383
-5.42077
-5.42782
-5.43362
-5.43606
-5.4348
-5.42953
-5.42005
-5.40858
-5.39512
-5.38373
-5.37527
-5.36931
-5.36859
-5.37131
-5.37783
-5.38785
-5.39888
-5.40932
-5.41912
-5.42608
-5.43084
-5.43299
-5.43487
-5.43625
-5.43652
-5.43746
-5.43912
-5.44194
-5.44453
-5.44844
-5.45299
-5.45884
-5.46373
-5.4707
-5.47961
-5.4904
-5.50266
-5.51666
-5.53128
-5.54583
-5.55843
-5.56849
-5.57555
-5.57995
-5.57994
-5.57602
-5.57029
-5.56076
-5.54923
-5.53566
-5.52155
-5.50714
-5.49213
-5.47918
-5.46658
-5.4577
-5.45224
-5.44981
-5.45214
-5.45863
-5.46697
-5.47755
-5.48969
-5.50161
-5.51101
-5.51787
-5.5225
-5.52226
-5.51823
-5.51049
-5.49904
-5.48564
-5.46871
-5.45215
-5.4368
-5.42436
-5.41641
-5.41271
-5.41271
-5.41655
-5.42385
-5.43184
-5.44014
-5.44853
-5.45516
-5.46149
-5.46776
-5.47329
-5.4801
-5.48691
-5.49317
-5.49811
-5.50046
-5.49951
-5.49484
-5.48572
-5.47375
-5.46003
-5.44535
-5.43257
-5.42272
-5.4173
-5.41562
-5.41678
-5.42064
-5.42503
-5.42914
-5.43201
-5.43192
-5.42883
-5.42416
-5.41703
-5.40917
-5.40164
-5.395
-5.39183
-5.39128
-5.39442
-5.39989
-5.40748
-5.41746
-5.42931
-5.44353
-5.45638
-5.46891
-5.48169
-5.49272
-5.50427
-5.5137
-5.52447
-5.53273
-5.53961
-5.54294
-5.54214
-5.53908
-5.53287
-5.52487
-5.51616
-5.50753
-5.49956
-5.49144
-5.48441
-5.47815
-5.4738
-5.47039
-5.46583
-5.46191
-5.45642
-5.45172
-5.44657
-5.4432
-5.44206
-5.44198
-5.44255
-5.44271
-5.44322
-5.44221
-5.4435
-5.44743
-5.45499
-5.46589
-5.47969
-5.49529
-5.5113
-5.52446
-5.5363
-5.54312
-5.54816
-5.54993
-5.54796
-5.5433
-5.53575
-5.52589
-5.51508
-5.50199
-5.4885
-5.47323
-5.45759
-5.44207
-5.42646
-5.41072
-5.39527
-5.38251
-5.37329
-5.36676
-5.36602
-5.37143
-5.38169
-5.39444
-5.40859
-5.42312
-5.43817
-5.45285
-5.46577
-5.47849
-5.49104
-5.50136
-5.50826
-5.51177
-5.51244
-5.50962
-5.50698
-5.50235
-5.49757
-5.49213
-5.48626
-5.48027
-5.47494
-5.47072
-5.46658
-5.46461
-5.46268
-5.46237
-5.46189
-5.46194
-5.4609
-5.45879
-5.45754
-5.45716
-5.45976
-5.46605
-5.47444
-5.48463
-5.49612
-5.50807
-5.51835
-5.52684
-5.53324
-5.53734
-5.53787
-5.53539
-5.52809
-5.51796
-5.50414
-5.48827
-5.47102
-5.45431
-5.43816
-5.42447
-5.41094
-5.39983
-5.39027
-5.38207
-5.37576
-5.37141
-5.36975
-5.37183
-5.37844
-5.3895
-5.40465
-5.42287
-5.43977
-5.45624
-5.47032
-5.48172
-5.48954
-5.49427
-5.49372
-5.48909
-5.48018
-5.46728
-5.45202
-5.43607
-5.4215
-5.40946
-5.40215
-5.39859
-5.39707
-5.39874
-5.40229
-5.40795
-5.41644
-5.42771
-5.44199
-5.45832
-5.4775
-5.49808
-5.51909
-5.53879
-5.55697
-5.57158
-5.58489
-5.59203
-5.59659
-5.5963
-5.59189
-5.58435
-5.57366
-5.56224
-5.55142
-5.54064
-5.53028
-5.52219
-5.51463
-5.50742
-5.49975
-5.49208
-5.48363
-5.47532
-5.46813
-5.46172
-5.45624
-5.45198
-5.44746
-5.4442
-5.44297
-5.44288
-5.44516
-5.44916
-5.4522
-5.45719
-5.46032
-5.46163
-5.46233
-5.46105
-5.45978
-5.45947
-5.45992
-5.46043
-5.46149
-5.46327
-5.46524
-5.4659
-5.46655
-5.46732
-5.46761
-5.46665
-5.46486
-5.46185
-5.45711
-5.45166
-5.44847
-5.44571
-5.44496
-5.4454
-5.44763
-5.45166
-5.4567
-5.46326
-5.47081
-5.47824
-5.48676
-5.49438
-5.50018
-5.50595
-5.51115
-5.51409
-5.51623
-5.51665
-5.51485
-5.51199
-5.50935
-5.50487
-5.49932
-5.49228
-5.48517
-5.47169
-5.45112
-5.4252
-5.39884
-5.37287
-5.34805
-5.32569
-5.30275
-5.27882
-5.25292
-5.22563
-5.19865
-5.17547
-5.15922
-5.15343
-5.15875
-5.17095
-5.1855
-5.1967
-5.20275
-5.20171
-5.19484
-5.18382
-5.16869
-5.1497
-5.13112
-5.11538
-5.10749
-5.10961
-5.12119
-5.14276
-5.17206
-5.20807
-5.2474
-5.28589
-5.31923
-5.34206
-5.35251
-5.34906
-5.33175
-5.30332
-5.26696
-5.22928
-5.19453
-5.16602
-5.14752
-5.13778
-5.13675
-5.14207
-5.15201
-5.16583
-5.18166
-5.19662
-5.20874
-5.216
-5.2198
-5.2186
-5.21553
-5.21047
-5.20565
-5.20008
-5.19488
-5.19015
-5.18558
-5.18085
-5.17627
-5.172
-5.16845
-5.16959
-5.17795
-5.19739
-5.2263
-5.25833
-5.28871
-5.31398
-5.33334
-5.34389
-5.34694
-5.34132
-5.33057
-5.31597
-5.30137
-5.29069
-5.28502
-5.28387
-5.28642
-5.28979
-5.29124
-5.28941
-5.28441
-5.27548
-5.26199
-5.24626
-5.22891
-5.21172
-5.19496
-5.17912
-5.16527
-5.15238
-5.14048
-5.13387
-5.13276
-5.13929
-5.15349
-5.17038
-5.18637
-5.20225
-5.21497
-5.2252
-5.23345
-5.24281
-5.25461
-5.26781
-5.28194
-5.29647
-5.31092
-5.32423
-5.33241
-5.33367
-5.32666
-5.30924
-5.28633
-5.2596
-5.23089
-5.20494
-5.18116
-5.16421
-5.15335
-5.14752
-5.14718
-5.15032
-5.15349
-5.15615
-5.15764
-5.16006
-5.16504
-5.17209
-5.1803
-5.18842
-5.19424
-5.1976
-5.19713
-5.19193
-5.18207
-5.16998
-5.15722
-5.14409
-5.13326
-5.12537
-5.12207
-5.12281
-5.12811
-5.13953
-5.15381
-5.16868
-5.18291
-5.1937
-5.1989
-5.19945
-5.19514
-5.18677
-5.17654
-5.16587
-5.15907
-5.15622
-5.16167
-5.17171
-5.18631
-5.20146
-5.21607
-5.2271
-5.23578
-5.23865
-5.23916
-5.23459
-5.22876
-5.21923
-5.20723
-5.19497
-5.18234
-5.16985
-5.15909
-5.15048
-5.14593
-5.14717
-5.15482
-5.1674
-5.18434
-5.20652
-5.23069
-5.25549
-5.27869
-5.29905
-5.31669
-5.33041
-5.34202
-5.34704
-5.34769
-5.34249
-5.33127
-5.31393
-5.28815
-5.25981
-5.2292
-5.20085
-5.17548
-5.15661
-5.14157
-5.13268
-5.12883
-5.12722
-5.12768
-5.13141
-5.13556
-5.14003
-5.14349
-5.1457
-5.14703
-5.14881
-5.149
-5.14793
-5.14565
-5.14412
-5.14234
-5.14235
-5.14352
-5.14663
-5.15257
-5.15969
-5.16603
-5.17153
-5.17559
-5.17734
-5.17767
-5.17717
-5.17585
-5.17184
-5.16776
-5.16298
-5.15731
-5.15432
-5.15488
-5.15813
-5.16541
-5.17465
-5.18534
-5.19566
-5.20516
-5.21416
-5.22309
-5.23267
-5.24436
-5.25723
-5.27129
-5.28572
-5.30093
-5.31551
-5.33085
-5.34318
-5.35318
-5.36019
-5.36178
-5.35849
-5.34801
-5.33152
-5.3097
-5.28454
-5.25924
-5.23831
-5.224
-5.21894
-5.22242
-5.22954
-5.23787
-5.24486
-5.24832
-5.24865
-5.24515
-5.2403
-5.23224
-5.22274
-5.21255
-5.20103
-5.18957
-5.18064
-5.17501
-5.17294
-5.17658
-5.18257
-5.19056
-5.19792
-5.20518
-5.2116
-5.21675
-5.2226
-5.22889
-5.2358
-5.24197
-5.24763
-5.25207
-5.25439
-5.25604
-5.25382
-5.25152
-5.2468
-5.23816
-5.2256
-5.20753
-5.18556
-5.1592
-5.13032
-5.1042
-5.0813
-5.06833
-5.06486
-5.07076
-5.0825
-5.09867
-5.11896
-5.14204
-5.16636
-5.19312
-5.21872
-5.24288
-5.26405
-5.28245
-5.29461
-5.29996
-5.29789
-5.2896
-5.27815
-5.26435
-5.25299
-5.24477
-5.23785
-5.23382
-5.23034
-5.2249
-5.21558
-5.20564
-5.19142
-5.17548
-5.15662
-5.13781
-5.11898
-5.10275
-5.09084
-5.08364
-5.08172
-5.08498
-5.09343
-5.10659
-5.12326
-5.14191
-5.1615
-5.18294
-5.20711
-5.23126
-5.25671
-5.28107
-5.30195
-5.31729
-5.3274
-5.33245
-5.3338
-5.33359
-5.32885
-5.32296
-5.31678
-5.31025
-5.30593
-5.30421
-5.3048
-5.30484
-5.30132
-5.29342
-5.2786
-5.25634
-5.22735
-5.19416
-5.16112
-5.13235
-5.11326
-5.10856
-5.12028
-5.14483
-5.17617
-5.20858
-5.23947
-5.26422
-5.28089
-5.28815
-5.29112
-5.29062
-5.28501
-5.27624
-5.26413
-5.24994
-5.2324
-5.21449
-5.19722
-5.1817
-5.1695
-5.15986
-5.15438
-5.15137
-5.15119
-5.1518
-5.15251
-5.15145
-5.14659
-5.13713
-5.12425
-5.10872
-5.09157
-5.07584
-5.06303
-5.05433
-5.04981
-5.05249
-5.06188
-5.07561
-5.09114
-5.10744
-5.12239
-5.13524
-5.14873
-5.16314
-5.17601
-5.18973
-5.20144
-5.21141
-5.21756
-5.22208
-5.22523
-5.22749
-5.22885
-5.22986
-5.23128
-5.23394
-5.23495
-5.23329
-5.23114
-5.2269
-5.21957
-5.21126
-5.20489
-5.20089
-5.20373
-5.21346
-5.22784
-5.24551
-5.26189
-5.27669
-5.28864
-5.2985
-5.3065
-5.31159
-5.31488
-5.31426
-5.31251
-5.30722
-5.29997
-5.29221
-5.28371
-5.27547
-5.2672
-5.25869
-5.24853
-5.23419
-5.21745
-5.19825
-5.1777
-5.15838
-5.14599
-5.14101
-5.14437
-5.1547
-5.16926
-5.18543
-5.19932
-5.21101
-5.22021
-5.22734
-5.23302
-5.23828
-5.24092
-5.24344
-5.24492
-5.24301
-5.237
-5.22799
-5.21482
-5.19898
-5.18177
-5.16417
-5.14748
-5.13017
-5.11329
-5.09641
-5.08008
-5.06572
-5.05625
-5.0511
-5.0496
-5.05093
-5.05482
-5.06398
-5.07802
-5.09474
-5.11386
-5.13345
-5.15166
-5.17103
-5.18968
-5.20503
-5.21866
-5.22953
-5.2356
-5.23567
-5.22884
-5.21608
-5.19881
-5.17885
-5.1599
-5.14279
-5.12684
-5.11264
-5.10214
-5.09161
-5.08042
-5.07047
-5.06157
-5.05657
-5.05444
-5.05888
-5.06921
-5.0854
-5.10437
-5.12093
-5.13494
-5.14464
-5.15047
-5.15326
-5.15495
-5.15747
-5.16294
-5.17294
-5.18722
-5.20678
-5.2293
-5.2559
-5.28227
-5.30826
-5.33173
-5.35168
-5.36444
-5.37177
-5.37209
-5.36322
-5.34747
-5.32575
-5.30003
-5.27062
-5.23749
-5.20108
-5.16288
-5.12485
-5.09101
-5.06306
-5.04406
-5.03293
-5.03035
-5.03527
-5.04481
-5.05764
-5.06981
-5.08502
-5.10307
-5.12247
-5.14465
-5.16724
-5.18909
-5.20872
-5.22537
-5.24149
-5.25587
-5.26853
-5.27895
-5.28849
-5.29639
-5.30192
-5.30509
-5.30373
-5.29713
-5.28637
-5.26907
-5.24699
-5.22371
-5.20252
-5.18649
-5.17719
-5.1769
-5.1833
-5.1948
-5.20792
-5.21809
-5.22278
-5.22112
-5.21517
-5.20572
-5.19506
-5.18441
-5.17769
-5.175
-5.17954
-5.19223
-5.20832
-5.22655
-5.24405
-5.2566
-5.26289
-5.26189
-5.25663
-5.24752
-5.23641
-5.22374
-5.21083
-5.19591
-5.17804
-5.15697
-5.13546
-5.11216
-5.09018
-5.07497
-5.06639
-5.06826
-5.0782
-5.09417
-5.11245
-5.12855
-5.13987
-5.14689
-5.14863
-5.15013
-5.15008
-5.15126
-5.15574
-5.16453
-5.17756
-5.19332
-5.21358
-5.23675
-5.26065
-5.28455
-5.30514
-5.32332
-5.33764
-5.34888
-5.35609
-5.36124
-5.36163
-5.35922
-5.35375
-5.34727
-5.33859
-5.3281
-5.31612
-5.30276
-5.28645
-5.26623
-5.2442
-5.22018
-5.19573
-5.17427
-5.15689
-5.14544
-5.14257
-5.14823
-5.15963
-5.17771
-5.19937
-5.22135
-5.24015
-5.25565
-5.26449
-5.26869
-5.26867
-5.26901
-5.26888
-5.26949
-5.2707
-5.26967
-5.26344
-5.25557
-5.24398
-5.23125
-5.21537
-5.1997
-5.18307
-5.16606
-5.14866
-5.13197
-5.11602
-5.10372
-5.09678
-5.09867
-5.1097
-5.12875
-5.15596
-5.18794
-5.22051
-5.24945
-5.27506
-5.29563
-5.30621
-5.31052
-5.3061
-5.29455
-5.27497
-5.25206
-5.2255
-5.19739
-5.17087
-5.14645
-5.12415
-5.10236
-5.08104
-5.06061
-5.04295
-5.02909
-5.02092
-5.02278
-5.03619
-5.05937
-5.08993
-5.12232
-5.15416
-5.18295
-5.20452
-5.21938
-5.2265
-5.22504
-5.21567
-5.19907
-5.18084
-5.16321
-5.14787
-5.14152
-5.14346
-5.15266
-5.1678
-5.18753
-5.2082
-5.22794
-5.24605
-5.26032
-5.27096
-5.28018
-5.28498
-5.28629
-5.28403
-5.27828
-5.26908
-5.25854
-5.24929
-5.239
-5.23011
-5.22232
-5.2148
-5.20679
-5.19846
-5.18937
-5.18021
-5.17117
-5.1611
-5.15113
-5.14034
-5.12963
-5.12043
-5.11215
-5.10605
-5.1041
-5.10373
-5.10633
-5.11119
-5.11751
-5.12359
-5.12936
-5.13385
-5.13604
-5.1373
-5.13506
-5.13204
-5.12818
-5.12399
-5.11938
-5.11865
-5.12006
-5.1265
-5.13626
-5.14617
-5.15682
-5.16504
-5.17178
-5.17594
-5.17743
-5.17681
-5.17651
-5.17833
-5.18013
-5.1844
-5.18979
-5.19545
-5.20005
-5.20288
-5.20376
-5.20551
-5.20962
-5.21547
-5.22478
-5.23429
-5.24264
-5.24811
-5.24983
-5.24768
-5.24373
-5.23863
-5.23413
-5.23065
-5.23056
-5.23391
-5.24009
-5.24828
-5.25802
-5.26569
-5.2722
-5.27645
-5.27541
-5.27229
-5.26465
-5.25437
-5.24071
-5.22523
-5.20828
-5.19239
-5.17787
-5.1671
-5.16067
-5.16152
-5.16789
-5.1797
-5.19662
-5.21379
-5.23107
-5.24386
-5.25088
-5.25221
-5.24678
-5.23773
-5.22735
-5.21603
-5.20779
-5.20371
-5.2011
-5.20218
-5.20336
-5.20464
-5.20385
-5.20024
-5.194
-5.18686
-5.18026
-5.17725
-5.17854
-5.18318
-5.19232
-5.20322
-5.21559
-5.2268
-5.23424
-5.23811
-5.23896
-5.23319
-5.22143
-5.20207
-5.17869
-5.15343
-5.1267
-5.10223
-5.07995
-5.06091
-5.04469
-5.03169
-5.02214
-5.01787
-5.01986
-5.03035
-5.05269
-5.08262
-5.11679
-5.15122
-5.18161
-5.20747
-5.22888
-5.24749
-5.26254
-5.27351
-5.28259
-5.29026
-5.29418
-5.29535
-5.29311
-5.28519
-5.27323
-5.25611
-5.23766
-5.21849
-5.20129
-5.18337
-5.16667
-5.15006
-5.1336
-5.11792
-5.10447
-5.09308
-5.08582
-5.0815
-5.08264
-5.08687
-5.09328
-5.10057
-5.10717
-5.11144
-5.11543
-5.11548
-5.11662
-5.1185
-5.12218
-5.12682
-5.13469
-5.14397
-5.15544
-5.16603
-5.17401
-5.17867
-5.17785
-5.17402
-5.17192
-5.17206
-5.179
-5.19169
-5.21028
-5.23213
-5.2549
-5.27697
-5.29543
-5.30942
-5.31605
-5.31624
-5.30974
-5.29869
-5.28613
-5.27313
-5.26084
-5.24803
-5.23512
-5.21833
-5.19986
-5.18459
-5.17305
-5.16787
-5.17273
-5.18568
-5.20779
-5.23352
-5.26059
-5.28545
-5.30547
-5.31974
-5.32805
-5.32913
-5.32459
-5.31508
-5.30017
-5.28297
-5.2646
-5.24564
-5.22556
-5.20578
-5.1887
-5.17674
-5.17113
-5.17386
-5.18348
-5.19699
-5.21085
-5.22096
-5.22801
-5.23176
-5.23423
-5.24055
-5.25055
-5.25503
-5.22033
-5.06221
-4.84714
-4.98962
-5.25691
-5.36977
-5.39744
-5.38136
-5.30842
-5.13892
-5.03982
-5.29337
-5.53398
-5.59991
-5.54962
-5.42004
-5.26931
-5.22629
-5.33604
-5.45802
-5.51088
-5.49651
-5.43052
-5.3392
-5.26515
-5.24896
-5.2812
-5.32869
-5.36588
-5.37857
-5.35923
-5.31221
-5.27175
-5.26893
-5.30118
-5.33853
-5.36556
-5.37267
-5.35549
-5.30783
-5.23571
-5.16217
-5.12163
-5.13326
-5.18444
-5.24196
-5.28184
-5.29632
-5.29079
-5.27649
-5.26113
-5.24688
-5.23675
-5.23801
-5.24748
-5.25727
-5.25914
-5.25406
-5.24638
-5.23933
-5.23794
-5.24733
-5.263
-5.27899
-5.28973
-5.28714
-5.26815
-5.23174
-5.18211
-5.12887
-5.08456
-5.05935
-5.05923
-5.08176
-5.11436
-5.1478
-5.17419
-5.19211
-5.20046
-5.19965
-5.19321
-5.18177
-5.17011
-5.15847
-5.14567
-5.13016
-5.1109
-5.09192
-5.07828
-5.07532
-5.08202
-5.09244
-5.1043
-5.11432
-5.12404
-5.13203
-5.13996
-5.14839
-5.15397
-5.15514
-5.15218
-5.1444
-5.13298
-5.11929
-5.10556
-5.09365
-5.08574
-5.08206
-5.08136
-5.08379
-5.08801
-5.09237
-5.09666
-5.10115
-5.10761
-5.11589
-5.12323
-5.12817
-5.1287
-5.12338
-5.11311
-5.09708
-5.0795
-5.06237
-5.04982
-5.0435
-5.04045
-5.03781
-5.03351
-5.02409
-5.01135
-4.99693
-4.98638
-4.98403
-4.99789
-5.02541
-5.06338
-5.10447
-5.1432
-5.17434
-5.19578
-5.20607
-5.20857
-5.20536
-5.20173
-5.20153
-5.20693
-5.21654
-5.23206
-5.24653
-5.25506
-5.25641
-5.25017
-5.23674
-5.21832
-5.19751
-5.17719
-5.15476
-5.13285
-5.11316
-5.09265
-5.07307
-5.05619
-5.04118
-5.0295
-5.02346
-5.02366
-5.0294
-5.04146
-5.05836
-5.0785
-5.10051
-5.12275
-5.14358
-5.16091
-5.17518
-5.18869
-5.20244
-5.21519
-5.22488
-5.22775
-5.22186
-5.20753
-5.18729
-5.16365
-5.13947
-5.11903
-5.1043
-5.09441
-5.08963
-5.0876
-5.08838
-5.09169
-5.0958
-5.10255
-5.11433
-5.13041
-5.15128
-5.173
-5.19461
-5.21056
-5.22038
-5.22011
-5.21114
-5.19568
-5.17673
-5.15734
-5.14229
-5.134
-5.13224
-5.13594
-5.14246
-5.15005
-5.15516
-5.15658
-5.15528
-5.1488
-5.14047
-5.12811
-5.11777
-5.10669
-5.09594
-5.08681
-5.0802
-5.07742
-5.07644
-5.07676
-5.08024
-5.0852
-5.09244
-5.1
-5.11116
-5.126
-5.14528
-5.16822
-5.19273
-5.21638
-5.2388
-5.25893
-5.27397
-5.28406
-5.28936
-5.28981
-5.28449
-5.27477
-5.2592
-5.23765
-5.21062
-5.18107
-5.14797
-5.11527
-5.08797
-5.06938
-5.06228
-5.06715
-5.08224
-5.10223
-5.12196
-5.13693
-5.14671
-5.15179
-5.15459
-5.15611
-5.15807
-5.16308
-5.17074
-5.17646
-5.17976
-5.17861
-5.17217
-5.15958
-5.14063
-5.11803
-5.09503
-5.07469
-5.05947
-5.04869
-5.04301
-5.0412
-5.04121
-5.04315
-5.04503
-5.04684
-5.04991
-5.05325
-5.05681
-5.06486
-5.07992
-5.10102
-5.12665
-5.1536
-5.17648
-5.19463
-5.20926
-5.21857
-5.2246
-5.22835
-5.22856
-5.22504
-5.2186
-5.21028
-5.1992
-5.18915
-5.17768
-5.16433
-5.1485
-5.12896
-5.10521
-5.07864
-5.05457
-5.03447
-5.01906
-5.01151
-5.01154
-5.01755
-5.03073
-5.04948
-5.07001
-5.08868
-5.10554
-5.12147
-5.13334
-5.14184
-5.14672
-5.14789
-5.14679
-5.14259
-5.13722
-5.13119
-5.12531
-5.11945
-5.11587
-5.1135
-5.11492
-5.11677
-5.1171
-5.11431
-5.1062
-5.0897
-5.0671
-5.04113
-5.01675
-4.99744
-4.98564
-4.9843
-4.99356
-5.01247
-5.03934
-5.06943
-5.10163
-5.13457
-5.16788
-5.2001
-5.23159
-5.26218
-5.28963
-5.31244
-5.32684
-5.33474
-5.33358
-5.3237
-5.30635
-5.27987
-5.24852
-5.21457
-5.18277
-5.15551
-5.13505
-5.11972
-5.10857
-5.10055
-5.09208
-5.08437
-5.07544
-5.0638
-5.05136
-5.0419
-5.03743
-5.04133
-5.05294
-5.07224
-5.09553
-5.11941
-5.13877
-5.15219
-5.15846
-5.15766
-5.15143
-5.14059
-5.12843
-5.11638
-5.10915
-5.10574
-5.10922
-5.11863
-5.13169
-5.14362
-5.15491
-5.15888
-5.15635
-5.14314
-5.12408
-5.09656
-5.06774
-5.04143
-5.02125
-5.01028
-5.00628
-5.00651
-5.01159
-5.01842
-5.02714
-5.0376
-5.04967
-5.06179
-5.07348
-5.08522
-5.0965
-5.10936
-5.12781
-5.14744
-5.16891
-5.18785
-5.20319
-5.20976
-5.20752
-5.19569
-5.17551
-5.14882
-5.11764
-5.08858
-5.06675
-5.05751
-5.06326
-5.08363
-5.11024
-5.13823
-5.16177
-5.17995
-5.18685
-5.18414
-5.17724
-5.16683
-5.15849
-5.15542
-5.15594
-5.16093
-5.16856
-5.17641
-5.18402
-5.19089
-5.19784
-5.2055
-5.2158
-5.22579
-5.23371
-5.23963
-5.2419
-5.2397
-5.23216
-5.22153
-5.21061
-5.19952
-5.18799
-5.17618
-5.16352
-5.14871
-5.13515
-5.12086
-5.10711
-5.09409
-5.08275
-5.07378
-5.06517
-5.05678
-5.04788
-5.03809
-5.03003
-5.02628
-5.02725
-5.03451
-5.04789
-5.06625
-5.08463
-5.09994
-5.11043
-5.11242
-5.10889
-5.10376
-5.10191
-5.10742
-5.11982
-5.13152
-5.13697
-5.13438
-5.12551
-5.11287
-5.10041
-5.08855
-5.08142
-5.0764
-5.07426
-5.0746
-5.07501
-5.07734
-5.08029
-5.08246
-5.08313
-5.08075
-5.0761
-5.0678
-5.05907
-5.05278
-5.05063
-5.05605
-5.06618
-5.07919
-5.09003
-5.09777
-5.10067
-5.09884
-5.09231
-5.08244
-5.07302
-5.06583
-5.06639
-5.07531
-5.09173
-5.11399
-5.13903
-5.16218
-5.18208
-5.1966
-5.20406
-5.20509
-5.20205
-5.19631
-5.18871
-5.1832
-5.17874
-5.17683
-5.17629
-5.17447
-5.174
-5.17327
-5.17399
-5.17284
-5.17131
-5.16917
-5.16614
-5.16383
-5.16125
-5.16241
-5.1674
-5.17497
-5.186
-5.19719
-5.207
-5.21123
-5.20845
-5.19741
-5.17867
-5.15374
-5.12679
-5.09875
-5.074
-5.05453
-5.04241
-5.04077
-5.04984
-5.06588
-5.08597
-5.10428
-5.11818
-5.12562
-5.12524
-5.12025
-5.11085
-5.10124
-5.09342
-5.09129
-5.09255
-5.098
-5.10451
-5.10674
-5.10341
-5.09462
-5.08065
-5.06125
-5.03975
-5.01942
-5.00127
-4.98958
-4.98296
-4.9816
-4.98556
-4.99416
-5.0064
-5.02023
-5.03269
-5.04084
-5.04282
-5.03981
-5.03449
-5.03048
-5.03144
-5.03949
-5.05185
-5.06441
-5.07597
-5.0824
-5.08327
-5.07709
-5.06453
-5.04802
-5.03054
-5.01116
-4.99118
-4.96682
-4.93851
-4.90663
-4.87703
-4.85537
-4.84447
-4.84755
-4.86316
-4.88587
-4.91328
-4.9396
-4.9622
-4.98094
-4.9947
-5.00558
-5.01501
-5.025
-5.03779
-5.05333
-5.0706
-5.08851
-5.10669
-5.12241
-5.13614
-5.14643
-5.15369
-5.1575
-5.1577
-5.15509
-5.14808
-5.13577
-5.11811
-5.09672
-5.07343
-5.05258
-5.03646
-5.02524
-5.02041
-5.0186
-5.02236
-5.02661
-5.03329
-5.04187
-5.05104
-5.06044
-5.06821
-5.07495
-5.07911
-5.08192
-5.08365
-5.08609
-5.08882
-5.09001
-5.08667
-5.07873
-5.06399
-5.04293
-5.01681
-4.98972
-4.96617
-4.94989
-4.94499
-4.95529
-4.97798
-5.00952
-5.04046
-5.06752
-5.089
-5.10415
-5.11362
-5.12082
-5.12909
-5.13935
-5.15258
-5.16921
-5.18622
-5.20282
-5.21691
-5.22738
-5.23117
-5.23258
-5.22813
-5.22005
-5.20916
-5.1967
-5.18202
-5.16728
-5.15513
-5.14569
-5.13978
-5.13696
-5.13438
-5.13173
-5.12813
-5.12222
-5.11604
-5.10912
-5.10237
-5.09469
-5.08537
-5.07488
-5.0635
-5.05074
-5.03512
-5.01823
-5.00348
-4.99252
-4.98747
-4.99164
-5.00492
-5.02803
-5.05715
-5.09012
-5.12095
-5.14748
-5.16696
-5.1782
-5.18409
-5.1865
-5.18745
-5.18515
-5.18005
-5.17
-5.15703
-5.14082
-5.12296
-5.10673
-5.09269
-5.08298
-5.07746
-5.07707
-5.08095
-5.0875
-5.09893
-5.10851
-5.11622
-5.11903
-5.11697
-5.11151
-5.10458
-5.10064
-5.10005
-5.10353
-5.10862
-5.11337
-5.1181
-5.12324
-5.12911
-5.13692
-5.14583
-5.15204
-5.15715
-5.15654
-5.15111
-5.14112
-5.12568
-5.10607
-5.0854
-5.06374
-5.04297
-5.02474
-5.00725
-4.99311
-4.98323
-4.97525
-4.97085
-4.97169
-4.97972
-4.99347
-5.01051
-5.03016
-5.04979
-5.06961
-5.0882
-5.10654
-5.12499
-5.13957
-5.14885
-5.151
-5.14297
-5.12878
-5.10593
-5.07822
-5.04775
-5.01941
-4.99743
-4.98332
-4.97758
-4.98027
-4.99171
-5.00846
-5.02721
-5.04633
-5.06505
-5.08348
-5.09941
-5.11616
-5.12994
-5.14199
-5.14992
-5.15298
-5.15175
-5.14785
-5.13869
-5.1263
-5.113
-5.09798
-5.08318
-5.06911
-5.0584
-5.05339
-5.05224
-5.05551
-5.06515
-5.07778
-5.09347
-5.10979
-5.1261
-5.14105
-5.15065
-5.15401
-5.15041
-5.13999
-5.12416
-5.10867
-5.09503
-5.08234
-5.06728
-5.04826
-5.02629
-5.00292
-4.98179
-4.96434
-4.95424
-4.95177
-4.95614
-4.96779
-4.98466
-5.00482
-5.02741
-5.04961
-5.06953
-5.088
-5.10369
-5.11419
-5.11903
-5.11891
-5.11513
-5.10745
-5.09773
-5.08936
-5.08143
-5.07595
-5.07452
-5.0749
-5.07949
-5.0847
-5.09135
-5.09687
-5.10178
-5.10424
-5.10438
-5.10321
-5.1015
-5.09765
-5.09257
-5.08597
-5.07745
-5.06845
-5.0608
-5.05342
-5.04733
-5.04212
-5.03659
-5.03048
-5.02515
-5.02309
-5.02185
-5.02337
-5.02457
-5.02756
-5.03256
-5.0378
-5.04508
-5.05355
-5.06214
-5.067
-5.06663
-5.05919
-5.04532
-5.02694
-5.00598
-4.98629
-4.96843
-4.95462
-4.94443
-4.94031
-4.93846
-4.9416
-4.94879
-4.95937
-4.97544
-4.99593
-5.01895
-5.04439
-5.06997
-5.0955
-5.11985
-5.14131
-5.1589
-5.17129
-5.17556
-5.17377
-5.16714
-5.16171
-5.16013
-5.16401
-5.17734
-5.20045
-5.23008
-5.2627
-5.29555
-5.32325
-5.34369
-5.35478
-5.35509
-5.34346
-5.32191
-5.2892
-5.24566
-5.19331
-5.13846
-5.08884
-5.04975
-5.02581
-5.01274
-5.00853
-5.01196
-5.02646
-5.0503
-5.08076
-5.11515
-5.14743
-5.17574
-5.19775
-5.21012
-5.21388
-5.20788
-5.19234
-5.17014
-5.14397
-5.1171
-5.09141
-5.06993
-5.05253
-5.04
-5.03485
-5.03669
-5.04293
-5.05297
-5.06522
-5.07742
-5.08982
-5.10031
-5.1079
-5.11006
-5.10926
-5.10088
-5.08759
-5.06965
-5.04825
-5.02193
-4.99433
-4.9662
-4.94045
-4.91724
-4.90239
-4.89746
-4.90494
-4.92101
-4.94253
-4.96103
-4.96956
-4.96645
-4.95293
-4.93444
-4.91422
-4.89764
-4.89081
-4.89361
-4.90722
-4.93075
-4.95698
-4.98362
-5.00614
-5.02116
-5.03134
-5.03933
-5.04369
-5.04264
-5.0356
-5.02223
-5.0047
-4.98525
-4.96827
-4.9555
-4.95485
-4.96553
-4.98345
-5.00425
-5.02182
-5.03385
-5.04121
-5.04298
-5.03979
-5.03305
-5.02198
-5.0064
-4.98639
-4.96479
-4.94198
-4.92102
-4.90528
-4.89375
-4.88447
-4.8786
-4.87342
-4.8678
-4.86295
-4.8596
-4.85979
-4.86395
-4.8708
-4.87626
-4.88119
-4.88565
-4.88914
-4.89418
-4.90369
-4.91722
-4.93379
-4.95062
-4.96653
-4.98001
-4.99161
-5.00055
-5.00552
-5.00578
-4.99861
-4.98325
-4.95981
-4.92933
-4.90038
-4.88209
-4.88032
-4.89359
-4.91846
-4.94915
-4.97814
-5.00345
-5.0217
-5.03522
-5.04555
-5.05391
-5.06179
-5.06974
-5.07585
-5.07843
-5.07921
-5.07584
-5.07049
-5.06238
-5.0518
-5.03641
-5.01692
-4.99387
-4.97023
-4.94953
-4.9342
-4.9219
-4.91162
-4.90394
-4.89388
-4.88289
-4.87089
-4.86041
-4.85292
-4.85068
-4.85428
-4.86436
-4.87613
-4.88775
-4.89696
-4.90251
-4.90644
-4.90947
-4.91445
-4.91871
-4.92026
-4.91682
-4.90617
-4.88995
-4.8687
-4.84736
-4.82949
-4.81758
-4.81533
-4.82119
-4.83885
-4.86622
-4.89985
-4.93481
-4.97016
-5.00085
-5.02669
-5.04726
-5.0635
-5.07776
-5.08668
-5.09075
-5.08795
-5.07413
-5.05289
-5.02567
-4.99887
-4.98362
-4.98241
-4.99888
-5.0254
-5.05633
-5.08422
-5.10485
-5.11769
-5.12178
-5.11421
-5.09351
-5.06062
-5.0167
-4.96918
-4.9257
-4.89447
-4.87686
-4.8718
-4.87625
-4.88639
-4.89963
-4.91215
-4.92201
-4.9272
-4.92908
-4.92759
-4.92574
-4.92534
-4.92786
-4.93468
-4.94472
-4.95827
-4.97559
-4.99503
-5.017
-5.03791
-5.05457
-5.06249
-5.06017
-5.04554
-5.02383
-4.99612
-4.96872
-4.94608
-4.93193
-4.92773
-4.93848
-4.96249
-4.99439
-5.03107
-5.06919
-5.10583
-5.1372
-5.16252
-5.18118
-5.19205
-5.19603
-5.19107
-5.17604
-5.14892
-5.1117
-5.06686
-5.01774
-4.97624
-4.95467
-4.95652
-4.97659
-5.00394
-5.03639
-5.06533
-5.09067
-5.1129
-5.13208
-5.14908
-5.16076
-5.17013
-5.17109
-5.16364
-5.14896
-5.12705
-5.10049
-5.07372
-5.05144
-5.0385
-5.03435
-5.0373
-5.04408
-5.05058
-5.05446
-5.05343
-5.04722
-5.03653
-5.02543
-5.01548
-5.01016
-5.00701
-5.00495
-5.00247
-4.99841
-4.99537
-4.99435
-4.99746
-5.00299
-5.01151
-5.01834
-5.0213
-5.01589
-4.99941
-4.97111
-4.93148
-4.88523
-4.83517
-4.78608
-4.74476
-4.71526
-4.6982
-4.69322
-4.69972
-4.71233
-4.73156
-4.75605
-4.78455
-4.81786
-4.85312
-4.89184
-4.93098
-4.96787
-4.99999
-5.02655
-5.04098
-5.04704
-5.04609
-5.03863
-5.02861
-5.01532
-5.00443
-4.99667
-4.99251
-4.99092
-4.98939
-4.98735
-4.98175
-4.97429
-4.96669
-4.95812
-4.95374
-4.95206
-4.95411
-4.95785
-4.96328
-4.96929
-4.97283
-4.97123
-4.96335
-4.94938
-4.92823
-4.90477
-4.87979
-4.85732
-4.83873
-4.82398
-4.81551
-4.81499
-4.82285
-4.83819
-4.85905
-4.87984
-4.89944
-4.91417
-4.92112
-4.92105
-4.91321
-4.89976
-4.8844
-4.86757
-4.85413
-4.84468
-4.84266
-4.8514
-4.87579
-4.91372
-4.96091
-5.01009
-5.05132
-5.07762
-5.08514
-5.07377
-5.04457
-5.00215
-4.94901
-4.89358
-4.84043
-4.79545
-4.76467
-4.75122
-4.75323
-4.76462
-4.77929
-4.79132
-4.8007
-4.8074
-4.81636
-4.83222
-4.85614
-4.88594
-4.91851
-4.94829
-4.97333
-4.99183
-5.0016
-5.00322
-4.99913
-4.99027
-4.97985
-4.97097
-4.96401
-4.95737
-4.94933
-4.94208
-4.93694
-4.93464
-4.93644
-4.94402
-4.95581
-4.96975
-4.98302
-4.9937
-5.00064
-5.00563
-5.00597
-5.00323
-4.99766
-4.99064
-4.9818
-4.97305
-4.96256
-4.95323
-4.944
-4.93616
-4.93059
-4.92844
-4.93588
-4.95366
-4.97883
-5.01039
-5.03959
-5.06168
-5.07228
-5.07318
-5.06728
-5.05693
-5.04775
-5.04253
-5.04222
-5.04507
-5.05164
-5.05952
-5.06555
-5.0667
-5.06131
-5.04751
-5.02517
-4.99312
-4.95516
-4.91725
-4.88576
-4.86837
-4.87101
-4.88991
-4.91982
-4.95469
-4.98958
-5.01916
-5.0437
-5.06227
-5.0735
-5.07849
-5.07525
-5.06679
-5.05422
-5.03823
-5.02133
-5.00693
-4.99489
-4.98557
-4.98195
-4.98312
-4.98889
-4.99826
-5.01118
-5.02548
-5.0389
-5.0498
-5.05724
-5.06152
-5.06257
-5.05904
-5.0525
-5.04237
-5.02979
-5.01622
-5.00179
-4.99082
-4.98299
-4.98039
-4.98184
-4.98922
-4.99929
-5.01185
-5.0215
-5.0259
-5.02422
-5.01899
-5.00889
-4.99922
-4.99085
-4.98655
-4.98709
-4.99142
-5.00113
-5.01491
-5.02897
-5.04168
-5.05265
-5.05871
-5.06234
-5.06377
-5.06435
-5.06767
-5.07275
-5.07668
-5.07665
-5.07506
-5.06855
-5.05734
-5.04307
-5.02686
-5.01094
-4.99556
-4.98102
-4.96832
-4.95635
-4.94838
-4.94076
-4.93508
-4.93118
-4.92947
-4.92895
-4.92982
-4.93135
-4.9337
-4.93451
-4.93453
-4.93144
-4.92265
-4.91091
-4.90129
-4.8949
-4.89727
-4.90741
-4.924
-4.94439
-4.96488
-4.98546
-5.00008
-5.00761
-5.00749
-5.00058
-4.99142
-4.98168
-4.97491
-4.97463
-4.9839
-5.00006
-5.02339
-5.04673
-5.06856
-5.08507
-5.09388
-5.09461
-5.08899
-5.07919
-5.06657
-5.05319
-5.04285
-5.03538
-5.02943
-5.0249
-5.0191
-5.01291
-5.00389
-4.99396
-4.98178
-4.96867
-4.95565
-4.94367
-4.9327
-4.92186
-4.91064
-4.89818
-4.88777
-4.8803
-4.87771
-4.87857
-4.88494
-4.8938
-4.90737
-4.92187
-4.9407
-4.96202
-4.98305
-5.00317
-5.01874
-5.02982
-5.04039
-5.05171
-5.0626
-5.07177
-5.07712
-5.07901
-5.07687
-5.07188
-5.06536
-5.05959
-5.05862
-5.06216
-5.06966
-5.08095
-5.09483
-5.1086
-5.11813
-5.12253
-5.12088
-5.11174
-5.09809
-5.08241
-5.06351
-5.04331
-5.02522
-5.00789
-4.99269
-4.98377
-4.97876
-4.97965
-4.98498
-4.99477
-5.01079
-5.02803
-5.04431
-5.05886
-5.06954
-5.07643
-5.07767
-5.07271
-5.06382
-5.04926
-5.02936
-5.00802
-4.98335
-4.96329
-4.94791
-4.94101
-4.9433
-4.95393
-4.96881
-4.98608
-5.00154
-5.01458
-5.02592
-5.03886
-5.05405
-5.07092
-5.08741
-5.09878
-5.10195
-5.09478
-5.07727
-5.05257
-5.02304
-4.9994
-4.98548
-4.98398
-4.99107
-4.99982
-5.0048
-5.0062
-5.00519
-5.00533
-5.00644
-5.00999
-5.01178
-5.01067
-5.00947
-5.00655
-5.00411
-5.00097
-4.99565
-4.9851
-4.96948
-4.94726
-4.92084
-4.89496
-4.87623
-4.87094
-4.88068
-4.90645
-4.93911
-4.97316
-5.00424
-5.03042
-5.04995
-5.0665
-5.07813
-5.08612
-5.0863
-5.07982
-5.06547
-5.04811
-5.02733
-5.00667
-4.9898
-4.97577
-4.96687
-4.96592
-4.96981
-4.9797
-4.99422
-5.0098
-5.02551
-5.03822
-5.04861
-5.05695
-5.06171
-5.06441
-5.06323
-5.05689
-5.04227
-5.01705
-4.98165
-4.94055
-4.90262
-4.87278
-4.85664
-4.85391
-4.8644
-4.88299
-4.90658
-4.93143
-4.95295
-4.97124
-4.98834
-5.00417
-5.01746
-5.03139
-5.04368
-5.05315
-5.06162
-5.06592
-5.0699
-5.06946
-5.06618
-5.05576
-5.04023
-5.02308
-5.00771
-4.99725
-4.99054
-4.98703
-4.98268
-4.97558
-4.96234
-4.9412
-4.91596
-4.89113
-4.87242
-4.86344
-4.86258
-4.86877
-4.87701
-4.88589
-4.89232
-4.8962
-4.89502
-4.88995
-4.88551
-4.88391
-4.88976
-4.89935
-4.91225
-4.92653
-4.94246
-4.96098
-4.9849
-5.01149
-5.0393
-5.06365
-5.08285
-5.09534
-5.09801
-5.08988
-5.07287
-5.04622
-5.01283
-4.97531
-4.93854
-4.90142
-4.86814
-4.83824
-4.81305
-4.79131
-4.77088
-4.75152
-4.732
-4.71544
-4.70338
-4.69914
-4.70478
-4.72037
-4.74057
-4.76246
-4.78205
-4.79695
-4.81142
-4.82932
-4.85483
-4.88733
-4.9241
-4.96027
-4.99075
-5.01556
-5.03319
-5.04509
-5.05314
-5.05575
-5.05558
-5.04871
-5.03795
-5.02397
-5.01157
-4.99982
-4.99148
-4.98673
-4.9866
-4.99028
-4.99262
-4.99267
-4.98906
-4.97901
-4.96747
-4.95616
-4.95031
-4.95048
-4.95668
-4.9645
-4.96543
-4.95978
-4.9462
-4.93042
-4.91438
-4.90004
-4.89245
-4.89051
-4.89785
-4.91336
-4.93505
-4.95695
-4.97624
-4.9851
-4.98361
-4.97091
-4.95315
-4.93217
-4.91444
-4.90401
-4.90587
-4.91827
-4.93665
-4.95604
-4.97087
-4.97578
-4.97015
-4.95576
-4.9327
-4.90505
-4.87639
-4.85473
-4.8445
-4.85085
-4.87248
-4.904
-4.94015
-4.97856
-5.01475
-5.04484
-5.06623
-5.07837
-5.07777
-5.06755
-5.04878
-5.02504
-5.00087
-4.97837
-4.96103
-4.94971
-4.94523
-4.94811
-4.95689
-4.97333
-4.99382
-5.01612
-5.03392
-5.04364
-5.04312
-5.03378
-5.01578
-4.99454
-4.97105
-4.94924
-4.92984
-4.91469
-4.90408
-4.89902
-4.90092
-4.90862
-4.91722
-4.92604
-4.93487
-4.93935
-4.94121
-4.93842
-4.93428
-4.93134
-4.93319
-4.93951
-4.94486
-4.94969
-4.94657
-4.94156
-4.9406
-4.94896
-4.96814
-4.99556
-5.0245
-5.05229
-5.07229
-5.08162
-5.08151
-5.07494
-5.06831
-5.06175
-5.05999
-5.06295
-5.06928
-5.0789
-5.09203
-5.10695
-5.12316
-5.13944
-5.15029
-5.15385
-5.14579
-5.1256
-5.09654
-5.06456
-5.03572
-5.01067
-4.99347
-4.98231
-4.97375
-4.9691
-4.97021
-4.97928
-4.99683
-5.01968
-5.04555
-5.06928
-5.0871
-5.09504
-5.09625
-5.08701
-5.07051
-5.0498
-5.02684
-5.00231
-4.97889
-4.95593
-4.9311
-4.90188
-4.86772
-4.82929
-4.7915
-4.76201
-4.74516
-4.74958
-4.77694
-4.82206
-4.87454
-4.92384
-4.96499
-4.99671
-5.02082
-5.03477
-5.04214
-5.04376
-5.03886
-5.02747
-5.01018
-4.98412
-4.95297
-4.92202
-4.89757
-4.88305
-4.87702
-4.87997
-4.88881
-4.90464
-4.92307
-4.94533
-4.96822
-4.98779
-5.00372
-5.01601
-5.02613
-5.03325
-5.03825
-5.03906
-5.03396
-5.02386
-5.00911
-4.9894
-4.96749
-4.94324
-4.9191
-4.89757
-4.87928
-4.86725
-4.86523
-4.87333
-4.89164
-4.9176
-4.94812
-4.98041
-5.01306
-5.04202
-5.06587
-5.08235
-5.09026
-5.08898
-5.07907
-5.05666
-5.02554
-4.98547
-4.94097
