0 0.796818 0.0554462
1 0.67134 0.0972503
2 0.625607 0.0749822
3 0.606116 0.0587223
4 0.591211 0.0488524
5 0.584911 0.0411185
6 0.575939 0.0362846
7 0.564525 0.0334981
8 0.558423 0.0303401
9 0.553292 0.0277392
10 0.549447 0.0254967
11 0.545541 0.023697
12 0.544265 0.0219149
13 0.542802 0.0204013
14 0.543553 0.0190663
15 0.543209 0.0178862
16 0.545294 0.0169872
17 0.546579 0.0161081
18 0.54714 0.0152714
19 0.546986 0.0145211
20 0.54579 0.0138809
21 0.543773 0.0134483
22 0.54201 0.0130052
23 0.541147 0.0124981
24 0.539155 0.012158
25 0.53808 0.0117381
26 0.536486 0.0114172
27 0.535558 0.01106
28 0.534978 0.0106986
29 0.533476 0.010448
30 0.53243 0.0101641
31 0.530627 0.0100091
32 0.529406 0.00980232
33 0.529547 0.00951695
34 0.528703 0.00928399
35 0.528543 0.0090339
36 0.527508 0.00887474
37 0.526998 0.0086673
38 0.525998 0.00850894
39 0.525078 0.00834719
40 0.524059 0.00821115
41 0.524967 0.00807395
42 0.525069 0.00789055
43 0.524424 0.00774216
44 0.52338 0.00764035
45 0.522477 0.00752804
46 0.520899 0.00753389
47 0.520447 0.0074026
48 0.520288 0.00725357
49 0.519763 0.00712916
50 0.519254 0.00700771
51 0.518298 0.00693962
52 0.517636 0.00684356
53 0.517261 0.00672762
54 0.516883 0.00661639
55 0.5167 0.00650542
56 0.516581 0.00639699
57 0.516239 0.00629683
58 0.516056 0.00619381
59 0.515721 0.00609985
60 0.514888 0.00605833
61 0.514598 0.00597084
62 0.514406 0.00587982
63 0.513771 0.00582509
64 0.512963 0.00579207
65 0.511901 0.00580241
66 0.511193 0.00575978
67 0.510753 0.00569318
68 0.511041 0.00562177
69 0.511027 0.00554897
70 0.510734 0.00548148
71 0.510516 0.00541537
72 0.509927 0.00537456
73 0.509758 0.00530516
74 0.509208 0.00526482
75 0.508531 0.00523999
76 0.507943 0.00520893
77 0.508038 0.00514439
78 0.507906 0.00508268
79 0.507478 0.00503735
80 0.507267 0.00498428
81 0.507393 0.00492675
82 0.506753 0.00491464
83 0.506258 0.00488755
84 0.506243 0.00483036
85 0.505999 0.00478049
86 0.505832 0.00473015
87 0.505909 0.00467871
88 0.505303 0.0046682
89 0.504868 0.00464308
90 0.504595 0.0046045
91 0.50413 0.00458035
92 0.504482 0.00454883
93 0.504692 0.00450792
94 0.504466 0.00446709
95 0.504203 0.00442842
96 0.504001 0.00438741
97 0.503745 0.00435035
98 0.50364 0.00430898
99 0.503675 0.00426633
0 0.804281 0.0373301
1 0.755464 0.0397156
2 0.733295 0.032666
3 0.738556 0.0267922
4 0.732957 0.0228414
5 0.730733 0.0192047
6 0.727416 0.016763
7 0.732489 0.0157931
8 0.73621 0.0144808
9 0.734674 0.0133183
10 0.732098 0.0124764
11 0.735119 0.0118821
12 0.734266 0.0112435
13 0.7319 0.0107004
14 0.72971 0.0102557
15 0.727949 0.00981246
16 0.726706 0.00933022
17 0.726801 0.00883128
18 0.725416 0.00850467
19 0.728124 0.00854129
20 0.72772 0.00830622
21 0.725792 0.00815185
22 0.724262 0.00794157
23 0.723332 0.00766601
24 0.722729 0.007399
25 0.724375 0.00734234
26 0.726251 0.00737306
27 0.726596 0.00712034
28 0.726074 0.00690029
29 0.726184 0.00667786
30 0.726375 0.00648574
31 0.724386 0.006595
32 0.725055 0.0064717
33 0.725466 0.00630299
34 0.72409 0.0063002
35 0.723566 0.00621136
36 0.725148 0.00624375
37 0.726036 0.00616316
38 0.725344 0.00608389
39 0.726032 0.00598029
40 0.725318 0.00588009
41 0.723723 0.00596905
42 0.722639 0.00594958
43 0.722774 0.00581714
44 0.722859 0.00569045
45 0.723713 0.00564081
46 0.724478 0.00557929
47 0.724002 0.00548994
48 0.724191 0.00538349
49 0.723771 0.0053148
50 0.722234 0.00543021
51 0.722034 0.00534757
52 0.721546 0.00528986
53 0.720253 0.00535144
54 0.71983 0.00527412
55 0.72092 0.00531184
56 0.720982 0.00529159
57 0.719647 0.00537352
58 0.719829 0.00530162
59 0.720418 0.00525493
60 0.720323 0.005172
61 0.720221 0.00509283
62 0.720439 0.00502203
63 0.719544 0.00502839
64 0.719082 0.00497329
65 0.719709 0.00495669
66 0.720713 0.00498713
67 0.720527 0.00492862
68 0.720781 0.00487003
69 0.721015 0.0048113
70 0.720388 0.00478759
71 0.720868 0.00475449
72 0.720407 0.00473721
73 0.719579 0.00476804
74 0.719431 0.00471304
75 0.719572 0.00466464
76 0.719898 0.00461863
77 0.719619 0.0045719
78 0.718994 0.00455708
79 0.718478 0.00452953
80 0.718214 0.00448223
81 0.718166 0.00442849
82 0.718396 0.00438144
83 0.71873 0.00434335
84 0.71874 0.00429875
85 0.718837 0.00425389
86 0.718832 0.00420535
87 0.718727 0.00415978
88 0.71863 0.00412325
89 0.717665 0.00419113
90 0.717759 0.00415908
91 0.71805 0.00412966
92 0.717518 0.00412286
93 0.717 0.00411174
94 0.716778 0.00407531
95 0.717075 0.00405305
96 0.717341 0.00402588
97 0.717483 0.00399854
98 0.717915 0.0039875
99 0.717893 0.00394941
0 0.836423 0.0780902
1 0.888348 0.0699218
2 0.903748 0.0515295
3 0.906017 0.039026
4 0.899877 0.0331968
5 0.896799 0.0278742
6 0.894344 0.0240402
7 0.884388 0.0234595
8 0.878999 0.0214979
9 0.870847 0.0208591
10 0.865831 0.0195802
11 0.859837 0.01885
12 0.85494 0.0180707
13 0.847691 0.0181921
14 0.846876 0.0170873
15 0.84818 0.0160817
16 0.845 0.0155266
17 0.842192 0.0149931
18 0.842601 0.0142288
19 0.840328 0.0137007
20 0.840495 0.0130697
21 0.839643 0.0125055
22 0.837922 0.0120929
23 0.836621 0.0116877
24 0.838647 0.0114057
25 0.837685 0.01108
26 0.837181 0.0106894
27 0.836588 0.0103571
28 0.834338 0.0102417
29 0.834085 0.00995306
30 0.834634 0.00965793
31 0.832668 0.00957684
32 0.831848 0.00933717
33 0.831191 0.0090869
34 0.829313 0.00905063
35 0.829113 0.00890258
36 0.83099 0.00888567
37 0.830138 0.00870345
38 0.829207 0.00855242
39 0.828832 0.00835016
40 0.828296 0.00818736
41 0.826737 0.00814437
42 0.826758 0.00797479
43 0.82625 0.00783105
44 0.826399 0.00766064
45 0.826862 0.00751254
46 0.827484 0.00738447
47 0.826775 0.00727361
48 0.82567 0.00721541
49 0.825272 0.00708323
50 0.824531 0.00698433
51 0.823681 0.00690257
52 0.823036 0.00680338
53 0.823135 0.00669421
54 0.823448 0.00658023
55 0.823652 0.00646622
56 0.823828 0.00636996
57 0.823208 0.00629742
58 0.82282 0.0062031
59 0.821771 0.00619782
60 0.820788 0.00617501
61 0.820138 0.00611137
62 0.818239 0.00632341
63 0.816898 0.00637736
64 0.816769 0.00628743
65 0.816396 0.00621512
66 0.815711 0.00616198
67 0.815252 0.00609071
68 0.814249 0.0060952
69 0.814424 0.00601718
70 0.815002 0.00596342
71 0.814973 0.00588146
72 0.814319 0.00584351
73 0.81407 0.00579149
74 0.814245 0.00572195
75 0.814007 0.00565285
76 0.813876 0.00558129
77 0.813926 0.00551189
78 0.813083 0.0055102
79 0.812739 0.00546284
80 0.812341 0.00542586
81 0.811894 0.00538813
82 0.811956 0.00532556
83 0.811678 0.00527159
84 0.811687 0.00521281
85 0.81083 0.00522602
86 0.81057 0.00517848
87 0.810345 0.00512497
88 0.810195 0.00506978
89 0.809731 0.00503547
90 0.809293 0.00500011
91 0.808543 0.00500815
92 0.807956 0.00500034
93 0.808222 0.00495455
94 0.809251 0.0050168
95 0.809193 0.00499588
96 0.809305 0.00495973
97 0.809176 0.00492038
98 0.808985 0.00487609
99 0.808275 0.00489181
0 0.890683 0.012899
1 0.898294 0.0168058
2 0.906505 0.0145152
3 0.91363 0.0127752
4 0.906277 0.0128489
5 0.898103 0.0130955
6 0.899244 0.0115941
7 0.897818 0.0105827
8 0.903297 0.0109008
9 0.907175 0.0107324
10 0.903474 0.0104606
11 0.900642 0.0100098
12 0.8971 0.00998462
13 0.89805 0.00979826
14 0.90126 0.00977528
15 0.905426 0.0100826
16 0.903654 0.00968868
17 0.903054 0.00917969
18 0.904906 0.00891781
19 0.905966 0.00874957
20 0.910613 0.00959118
21 0.912044 0.00938506
22 0.915738 0.00972096
23 0.917129 0.00941698
24 0.917547 0.00905102
25 0.916869 0.00887257
26 0.912015 0.00980993
27 0.912161 0.00954714
28 0.912518 0.00922859
29 0.912239 0.00892624
30 0.910566 0.0088416
31 0.909084 0.00870648
32 0.907767 0.00858029
33 0.907978 0.00847053
34 0.90518 0.00868767
35 0.905072 0.00848122
36 0.904889 0.0082574
37 0.905246 0.00805112
38 0.905007 0.00785228
39 0.90602 0.00773118
40 0.907018 0.00761121
41 0.906447 0.00747603
42 0.907482 0.00737864
43 0.90792 0.00722928
44 0.90874 0.00712097
45 0.909113 0.0069788
46 0.909465 0.00684195
47 0.910509 0.00677916
48 0.910857 0.00666353
49 0.910422 0.00654459
50 0.909888 0.00644167
51 0.910084 0.00632202
52 0.911007 0.00627716
53 0.911464 0.00618098
54 0.910914 0.0061003
55 0.910557 0.00601843
56 0.91137 0.00596938
57 0.912386 0.00595635
58 0.91293 0.00589476
59 0.913385 0.00582334
60 0.913578 0.0057472
61 0.913909 0.00567544
62 0.914415 0.00562204
63 0.914622 0.00553811
64 0.914472 0.00546704
65 0.914465 0.00541673
66 0.914898 0.00536448
67 0.915149 0.00529804
68 0.915143 0.00525404
69 0.914792 0.00520805
70 0.915355 0.00516596
71 0.915365 0.00509884
72 0.914646 0.00508021
73 0.914209 0.00503578
74 0.914807 0.00500881
75 0.913839 0.00506519
76 0.912223 0.00525819
77 0.912119 0.00521914
78 0.912431 0.00516566
79 0.912401 0.00510256
80 0.91207 0.00505378
81 0.911924 0.00499703
82 0.911735 0.0049432
83 0.9113 0.00491474
84 0.911708 0.00487974
85 0.911821 0.00483034
86 0.911714 0.00478482
87 0.911468 0.00473712
88 0.911391 0.00468719
89 0.911969 0.00467089
90 0.912839 0.00470216
91 0.912966 0.00465615
92 0.913476 0.00463642
93 0.912947 0.00464338
94 0.91263 0.00464139
95 0.912572 0.00460602
96 0.91245 0.00456864
97 0.912591 0.00452928
98 0.91226 0.00450269
99 0.912648 0.00448097
