1.64305
1.63085
1.61338
1.59036
1.56144
1.5263
1.48468
1.43656
1.38225
1.32257
1.25908
1.19407
1.13062
1.07222
1.02236
0.983897
0.958488
0.946185
0.945525
0.95393
0.968318
0.985662
1.00337
1.01943
1.03245
1.04171
1.04714
1.04937
1.04952
1.04895
1.0489
1.05002
1.05227
1.05488
1.05677
1.05691
1.05461
1.04969
1.04245
1.03365
1.02441
1.01597
1.0095
1.00597
1.006
1.00972
1.01674
1.02614
1.03662
1.04683
1.05564
1.06231
1.06652
1.06831
1.06795
1.06584
1.0624
1.05813
1.05336
1.04834
1.04301
1.03706
1.03009
1.02174
1.01182
1.00043
0.987938
0.974912
0.962078
0.950299
0.940448
0.933144
0.928529
0.926246
0.925658
0.926209
0.927725
0.93043
0.93468
0.940697
0.948353
0.957134
0.96628
0.974968
0.98247
0.98821
0.991826
0.993153
0.992256
0.989389
0.985
0.979722
0.97428
0.969467
0.966065
0.964797
0.966172
0.970308
0.976764
0.98447
0.991899
0.997433
0.999736
0.998129
0.992802
0.984665
0.975044
0.965267
0.956349
0.948922
0.94341
0.94025
0.939965
0.943077
0.949847
0.960084
0.972987
0.987241
1.00127
1.01352
1.0228
1.02834
1.02993
1.02786
1.02287
1.01604
1.00861
1.0018
0.996597
0.993557
0.992782
0.993945
0.996424
0.999567
1.00289
1.00614
1.00929
1.01256
1.01634
1.02119
1.02765
1.03598
1.04598
1.05677
1.06699
1.07516
1.08009
1.08121
1.07857
1.0727
1.06442
1.05469
1.04442
1.03443
1.02549
1.01846
1.01438
1.01438
1.01937
1.02955
1.04425
1.06205
1.0811
1.09952
1.11564
1.12823
1.13657
1.14046
1.14017
1.13631
1.12968
1.1211
1.1113
1.10095
1.09063
1.08094
1.07244
1.06562
1.0608
1.05812
1.05746
1.05856
1.06097
1.06419
1.06769
1.07098
1.07364
1.07544
1.07621
1.07577
1.07391
1.0704
1.06512
1.05813
1.04976
1.04054
1.03115
1.0222
1.01415
1.00716
1.0013
0.996629
0.993336
0.991745
0.992266
0.995205
1.00051
1.00755
1.01508
1.02138
1.0246
1.02293
1.01498
1.0001
0.978912
0.953692
0.928636
0.908926
0.898582
0.898519
0.906603
0.919481
0.934333
0.949469
0.964034
0.977606
0.989812
1.00021
1.00833
1.0139
1.01696
1.01782
1.01686
1.01426
1.01003
1.00405
0.996242
0.986823
0.976256
0.965192
0.954439
0.944873
0.93738
0.932793
0.931638
0.933986
0.93936
0.946831
0.955236
0.963474
0.970712
0.976464
0.980604
0.983232
0.984592
0.984977
0.984721
0.984079
0.98316
0.981839
0.97965
0.975971
0.970314
0.962627
0.953481
0.944049
0.935811
0.930162
0.928049
0.929799
0.935161
0.943458
0.953853
0.965465
0.97742
0.988907
0.99918
1.00753
1.01344
1.01662
1.01713
1.01531
1.01173
1.007
1.00155
0.995537
0.98889
0.98143
0.973056
0.963921
0.954455
0.945389
0.937652
0.932216
0.929893
0.931049
0.935377
0.941929
0.949399
0.956544
0.962451
0.966646
0.969051
0.969768
0.968898
0.966538
0.96281
0.957923
0.952223
0.946146
0.940051
0.934093
0.928214
0.922229
0.915949
0.909322
0.902554
0.896181
0.891059
0.888243
0.888769
0.89333
0.902027
0.914389
0.92948
0.946179
0.963354
0.979972
0.995207
1.00847
1.01941
1.02789
1.03379
1.037
1.03731
1.03455
1.02878
1.02027
1.00966
0.997909
0.986082
0.975159
0.965864
0.958596
0.953489
0.95052
0.949654
0.950851
0.954051
0.959091
0.965689
0.973508
0.982221
0.991609
1.00149
1.01149
1.02076
1.02793
1.03131
1.02939
1.02128
1.00694
0.98725
0.964017
0.939823
0.917757
0.900917
0.89169
0.891148
0.898803
0.912866
0.930919
0.950397
0.969012
0.984985
0.997051
1.0044
1.00664
1.00381
0.99633
0.985066
0.97126
0.956527
0.942576
0.93091
0.922494
0.917602
0.915803
0.916243
0.918015
0.920601
0.924113
0.929011
0.935425
0.942628
0.949067
0.953021
0.953341
0.94976
0.942824
0.933658
0.923724
0.91466
0.908133
0.905773
0.908961
0.918613
0.934927
0.957197
0.983824
1.01252
1.04069
1.06581
1.08583
1.09938
1.10584
1.10532
1.09864
1.08714
1.07255
1.05677
1.04157
1.02839
1.01805
1.01067
1.00581
1.00265
1.00019
0.997535
0.993986
0.989093
0.982696
0.974937
0.966179
0.956933
0.947811
0.939464
0.932505
0.927397
0.924258
0.9228
0.92233
0.921983
0.921025
0.919143
0.916583
0.914055
0.912513
0.91275
0.915123
0.919328
0.924506
0.929547
0.933402
0.935272
0.934722
0.931608
0.926014
0.918212
0.908578
0.897536
0.885609
0.873425
0.861861
0.852074
0.845434
0.843253
0.846469
0.855334
0.869291
0.887076
0.907002
0.92731
0.946465
0.96334
0.977199
0.987661
0.994635
0.99826
0.998853
0.996971
0.993406
0.9891
0.985026
0.981917
0.98004
0.979242
0.979048
0.978796
0.977679
0.974916
0.970026
0.963051
0.954692
0.94625
0.939239
0.934875
0.933683
0.93537
0.939029
0.943504
0.947727
0.950947
0.952831
0.953404
0.952849
0.951308
0.948732
0.944924
0.93965
0.932883
0.924881
0.916173
0.907476
0.899578
0.893216
0.889011
0.887339
0.888243
0.891435
0.896398
0.902552
0.909394
0.916626
0.924161
0.932029
0.94019
0.948336
0.955846
0.961895
0.965687
0.966722
0.964988
0.961052
0.955948
0.950912
0.947126
0.945442
0.946189
0.949116
0.95344
0.958011
0.961618
0.963264
0.962391
0.958988
0.953596
0.94726
0.941391
0.937505
0.936835
0.940008
0.946834
0.956382
0.967366
0.978564
0.989025
0.998113
1.00531
1.01012
1.01206
1.01072
1.00589
0.997712
0.986838
0.974507
0.962397
0.95224
0.945267
0.941717
0.940869
0.94162
0.943156
0.945286
0.948283
0.952496
0.957984
0.964367
0.97095
0.976897
0.981405
0.983847
0.983941
0.981765
0.977619
0.971973
0.965417
0.958733
0.952821
0.948592
0.94672
0.94736
0.950092
0.953979
0.95781
0.960339
0.960519
0.957598
0.95129
0.941805
0.929864
0.916591
0.903368
0.891627
0.882657
0.877417
0.876429
0.879748
0.88697
0.897331
0.909761
0.923084
0.936155
0.948055
0.958131
0.966084
0.971904
0.975804
0.978063
0.978923
0.978587
0.977192
0.974866
0.971764
0.968079
0.964053
0.959927
0.955826
0.951762
0.947604
0.943106
0.937976
0.931972
0.924924
0.916858
0.908013
0.898837
0.889976
0.882151
0.876111
0.872516
0.871812
0.874107
0.879031
0.885709
0.892799
0.898666
0.901755
0.900927
0.895776
0.88677
0.875169
0.862744
0.851315
0.84239
0.836959
0.835525
0.838154
0.844489
0.853685
0.864477
0.87543
0.88525
0.893049
0.898496
0.901748
0.903303
0.903844
0.904108
0.904684
0.905958
0.908089
0.911056
0.914745
0.919085
0.924102
0.929953
0.936941
0.945386
0.95555
0.967488
0.980919
0.995196
1.00937
1.0223
1.03294
1.04049
1.0445
1.04485
1.04171
1.03538
1.02625
1.01478
1.00151
0.987037
0.972027
0.957258
0.943549
0.931768
0.922724
0.917051
0.915146
0.917097
0.92265
0.931191
0.941773
0.953283
0.964537
0.974433
0.982014
0.98653
0.987435
0.98441
0.977368
0.966566
0.952671
0.936766
0.920326
0.905061
0.892571
0.884038
0.880028
0.880385
0.884365
0.890879
0.898782
0.907088
0.915086
0.922392
0.928946
0.934949
0.940779
0.946802
0.953133
0.959431
0.964829
0.968077
0.967964
0.963721
0.955298
0.943448
0.929543
0.915264
0.902268
0.891946
0.885225
0.882412
0.883117
0.886338
0.890701
0.894757
0.897241
0.897275
0.894472
0.888983
0.881532
0.873238
0.865436
0.859331
0.855733
0.855029
0.857277
0.86233
0.869981
0.879904
0.891606
0.904405
0.917555
0.930439
0.942685
0.954233
0.965224
0.975764
0.985707
0.994567
1.00153
1.00578
1.00669
1.00412
0.99847
0.990631
0.981675
0.972571
0.963925
0.956024
0.949045
0.943129
0.938234
0.934031
0.929944
0.925476
0.920477
0.915306
0.910668
0.907291
0.905537
0.905195
0.905586
0.905938
0.905875
0.905739
0.906555
0.909718
0.916428
0.927107
0.941098
0.956915
0.972719
0.986876
0.99827
1.00635
1.01097
1.0123
1.01061
1.00621
0.999345
0.990295
0.97935
0.966853
0.95316
0.93857
0.923292
0.907514
0.891456
0.875522
0.860391
0.847089
0.836879
0.831054
0.830524
0.835416
0.844973
0.857791
0.872299
0.887279
0.902067
0.91648
0.930504
0.943919
0.956167
0.966434
0.973942
0.978232
0.979349
0.977811
0.974405
0.969857
0.964678
0.959117
0.953268
0.947283
0.941459
0.936241
0.93212
0.929407
0.928099
0.927864
0.928125
0.928225
0.927708
0.926546
0.925263
0.92488
0.926598
0.931356
0.939299
0.949749
0.961491
0.973205
0.9838
0.992506
0.998855
1.0025
1.00305
1.00018
0.993687
0.983727
0.970778
0.955669
0.939392
0.92295
0.907156
0.892564
0.879481
0.868055
0.858318
0.850261
0.843916
0.839502
0.837555
0.838944
0.84463
0.855075
0.869728
0.887033
0.90502
0.921972
0.936758
0.948762
0.95754
0.962528
0.963064
0.958633
0.949284
0.935815
0.919794
0.90332
0.888482
0.876829
0.868995
0.86479
0.863611
0.864904
0.868392
0.874116
0.882338
0.893321
0.907172
0.923706
0.942406
0.96245
0.982876
1.00269
1.02093
1.03673
1.04934
1.0581
1.06264
1.06278
1.05876
1.05122
1.04117
1.02981
1.01834
1.00762
0.998038
0.989556
0.9818
0.974285
0.966645
0.958703
0.95056
0.942522
0.934959
0.928164
0.92228
0.917323
0.913311
0.910384
0.908844
0.909024
0.910983
0.914419
0.918635
0.922769
0.926021
0.927932
0.928456
0.927997
0.927175
0.926652
0.926868
0.927912
0.929533
0.93132
0.932881
0.934036
0.934732
0.934945
0.934556
0.933382
0.93124
0.928159
0.924374
0.92029
0.916441
0.913411
0.911748
0.91185
0.913888
0.917747
0.923115
0.929585
0.936775
0.94434
0.951961
0.959329
0.966109
0.971987
0.976703
0.980087
0.982064
0.982628
0.981857
0.97987
0.976742
0.972522
0.967225
0.960885
0.953691
1.63818
1.61855
1.59374
1.56682
1.54054
1.51614
1.49311
1.47009
1.44587
1.41998
1.39289
1.36606
1.34211
1.32456
1.31691
1.3203
1.33196
1.34639
1.35847
1.36527
1.36591
1.36052
1.34958
1.33393
1.31526
1.29636
1.28083
1.27224
1.27305
1.28408
1.30475
1.33363
1.3687
1.40714
1.44515
1.47832
1.5024
1.51419
1.51214
1.49655
1.46954
1.43489
1.3975
1.36243
1.33373
1.3137
1.30291
1.30076
1.30603
1.31702
1.33166
1.34763
1.36265
1.37483
1.38298
1.38675
1.38664
1.38364
1.37887
1.37319
1.36718
1.36133
1.35607
1.35158
1.34759
1.3435
1.33908
1.33547
1.3357
1.34371
1.36184
1.38872
1.41999
1.45067
1.47697
1.49662
1.50844
1.51201
1.50772
1.49703
1.48262
1.46812
1.4571
1.45148
1.45084
1.45308
1.45577
1.45699
1.45548
1.45041
1.44143
1.42872
1.4132
1.39622
1.37913
1.36287
1.34768
1.33344
1.32026
1.30912
1.30199
1.30094
1.30706
1.31954
1.3359
1.35303
1.36842
1.38097
1.39107
1.4001
1.40951
1.42025
1.43254
1.44624
1.46101
1.47597
1.48928
1.4982
1.50012
1.49353
1.47854
1.45679
1.43078
1.40329
1.37681
1.35352
1.33523
1.32312
1.31731
1.31657
1.31879
1.32181
1.32439
1.32648
1.32909
1.3334
1.33994
1.34807
1.35627
1.3628
1.36622
1.36571
1.36107
1.35261
1.3412
1.3282
1.31529
1.30406
1.29581
1.29147
1.29173
1.29698
1.30705
1.32077
1.33607
1.35051
1.36187
1.3685
1.36961
1.36534
1.35684
1.3461
1.3357
1.32832
1.32608
1.33001
1.3397
1.35342
1.3687
1.38307
1.3946
1.40233
1.40604
1.406
1.40252
1.3958
1.38609
1.37397
1.36043
1.3467
1.33391
1.32306
1.31502
1.31079
1.31135
1.31751
1.32952
1.34689
1.36843
1.39245
1.41713
1.44081
1.46221
1.48049
1.49519
1.50599
1.51253
1.51417
1.51005
1.49936
1.48178
1.45793
1.42946
1.39903
1.36966
1.34396
1.32361
1.30906
1.29984
1.295
1.29355
1.2947
1.29769
1.30177
1.30611
1.30996
1.31287
1.31475
1.31571
1.31584
1.31515
1.31369
1.31173
1.30989
1.30913
1.31037
1.314
1.31964
1.32627
1.33269
1.33789
1.34138
1.34314
1.34344
1.3426
1.34077
1.33792
1.33408
1.32962
1.32538
1.32263
1.32256
1.32591
1.3326
1.34168
1.35173
1.36152
1.3705
1.37891
1.38748
1.39694
1.40774
1.42
1.43363
1.44842
1.46403
1.47984
1.49499
1.50846
1.51923
1.52635
1.52891
1.52592
1.51656
1.50056
1.47865
1.45294
1.42697
1.40498
1.39041
1.38465
1.38659
1.3934
1.40175
1.40883
1.41294
1.41347
1.41071
1.40534
1.39791
1.38873
1.37806
1.36656
1.35544
1.34623
1.34036
1.33862
1.34098
1.34657
1.354
1.36184
1.36905
1.37525
1.38074
1.38612
1.39191
1.39818
1.40452
1.41028
1.41486
1.41794
1.41944
1.41936
1.41742
1.413
1.4052
1.39311
1.37614
1.35432
1.32857
1.3008
1.27395
1.25161
1.23712
1.23223
1.23654
1.24813
1.26479
1.28494
1.30766
1.33228
1.35807
1.38402
1.40883
1.43096
1.44881
1.46099
1.46657
1.46544
1.45842
1.44726
1.4344
1.42225
1.41253
1.40578
1.4013
1.39754
1.39274
1.38553
1.37517
1.36155
1.34511
1.32668
1.30743
1.28876
1.27223
1.25929
1.25111
1.24846
1.2516
1.26016
1.27311
1.28909
1.30698
1.32641
1.34765
1.371
1.39609
1.4216
1.44561
1.4663
1.48244
1.49351
1.49964
1.50138
1.49952
1.49499
1.48889
1.48239
1.47664
1.47256
1.47076
1.47092
1.47137
1.46932
1.46193
1.44728
1.42499
1.3961
1.363
1.32933
1.29985
1.27997
1.2743
1.2845
1.30812
1.33975
1.37333
1.40395
1.4285
1.44563
1.45539
1.45878
1.45707
1.45136
1.4423
1.43018
1.41533
1.39839
1.38051
1.36311
1.34763
1.3351
1.32602
1.32036
1.31769
1.3172
1.31778
1.318
1.3163
1.31137
1.30247
1.28977
1.27429
1.25761
1.24157
1.22797
1.21847
1.21454
1.21702
1.22571
1.23909
1.25481
1.27072
1.28564
1.29948
1.31283
1.32631
1.34007
1.35357
1.36577
1.3757
1.38288
1.38748
1.39017
1.39187
1.39337
1.39511
1.39712
1.39906
1.40033
1.40021
1.39799
1.39326
1.38613
1.37769
1.37016
1.36652
1.36926
1.37896
1.39388
1.41103
1.42772
1.44245
1.45479
1.46487
1.47278
1.47841
1.48151
1.48192
1.47968
1.47505
1.46856
1.46088
1.4527
1.44446
1.43607
1.42693
1.41609
1.40265
1.3862
1.36719
1.34709
1.32849
1.3147
1.30855
1.31108
1.32097
1.33527
1.35084
1.36538
1.37763
1.38724
1.39444
1.3998
1.40396
1.40728
1.40975
1.41082
1.40951
1.40479
1.39603
1.38337
1.36774
1.35061
1.33328
1.31639
1.29971
1.28258
1.26496
1.24801
1.23373
1.22366
1.21795
1.21583
1.21684
1.22139
1.23024
1.24356
1.26059
1.27988
1.29991
1.31956
1.33828
1.35584
1.3721
1.38656
1.39811
1.40517
1.4062
1.40037
1.38803
1.37082
1.35113
1.33133
1.31309
1.29721
1.28357
1.27158
1.26054
1.24992
1.23962
1.23026
1.22326
1.22071
1.22447
1.23506
1.25102
1.26933
1.28674
1.30085
1.31068
1.31655
1.31968
1.32169
1.32435
1.32936
1.33815
1.35178
1.3704
1.39332
1.41899
1.44553
1.4711
1.49414
1.51334
1.52743
1.53516
1.5355
1.52801
1.5131
1.49205
1.46642
1.43719
1.40468
1.36915
1.33165
1.29436
1.26006
1.23142
1.21051
1.19848
1.19523
1.19937
1.20867
1.22098
1.23511
1.25089
1.26872
1.28868
1.31016
1.33203
1.35311
1.37261
1.39021
1.40591
1.41985
1.43221
1.44308
1.45247
1.46024
1.46601
1.46905
1.46829
1.46255
1.45102
1.43379
1.41218
1.38862
1.36636
1.34878
1.33864
1.33719
1.34367
1.35531
1.36822
1.37865
1.38407
1.38359
1.3778
1.36831
1.35723
1.34684
1.3394
1.33701
1.34117
1.35216
1.36859
1.38753
1.40533
1.41876
1.42587
1.4264
1.42144
1.41276
1.40195
1.38985
1.37649
1.36133
1.34386
1.32392
1.30196
1.27923
1.258
1.24139
1.23251
1.23312
1.2426
1.25805
1.27543
1.2911
1.30274
1.30962
1.31244
1.31286
1.31289
1.31444
1.31888
1.3271
1.33955
1.35627
1.37667
1.39953
1.42315
1.44586
1.4664
1.48413
1.49877
1.51018
1.5182
1.52266
1.52354
1.52113
1.51603
1.50897
1.50042
1.49052
1.47904
1.46546
1.44928
1.43024
1.40859
1.38514
1.36137
1.33931
1.32126
1.30939
1.30525
1.30935
1.32111
1.339
1.36059
1.38284
1.40263
1.41763
1.42689
1.43105
1.43199
1.43188
1.43214
1.43289
1.43316
1.43162
1.42723
1.41954
1.40869
1.39527
1.38012
1.36405
1.3476
1.33091
1.31398
1.29709
1.28125
1.26838
1.26104
1.26172
1.27193
1.29148
1.31854
1.35011
1.38275
1.41339
1.43955
1.45946
1.47203
1.47668
1.47335
1.46238
1.44462
1.42153
1.39517
1.36781
1.34129
1.31652
1.29347
1.2716
1.25037
1.22985
1.21101
1.19601
1.18776
1.18901
1.20118
1.22348
1.25306
1.28595
1.31819
1.3466
1.369
1.38405
1.39094
1.38941
1.38
1.36435
1.34522
1.3263
1.31142
1.30365
1.30442
1.31334
1.32859
1.34775
1.36853
1.38899
1.40765
1.42345
1.43581
1.44449
1.44951
1.45088
1.44867
1.44308
1.43472
1.42459
1.41396
1.40388
1.39488
1.38686
1.37932
1.37179
1.36395
1.35567
1.34686
1.33744
1.32728
1.31647
1.30537
1.29459
1.2848
1.27663
1.27059
1.26716
1.26664
1.26898
1.27364
1.27973
1.28626
1.29242
1.2975
1.30093
1.30228
1.30132
1.2982
1.2934
1.28785
1.28306
1.28092
1.28293
1.28929
1.2987
1.30921
1.31921
1.32776
1.33427
1.33838
1.34009
1.33991
1.339
1.33885
1.34071
1.34493
1.35069
1.35657
1.36132
1.36459
1.36686
1.36929
1.37319
1.3794
1.38779
1.39714
1.40567
1.41175
1.41444
1.41366
1.41009
1.40491
1.39972
1.39615
1.39543
1.39814
1.40404
1.41222
1.42134
1.4299
1.43652
1.44019
1.44042
1.43705
1.4302
1.42008
1.40699
1.39155
1.3748
1.35821
1.34342
1.33207
1.32554
1.32487
1.33047
1.34191
1.35775
1.37562
1.39269
1.40625
1.41434
1.41601
1.41158
1.40245
1.39081
1.37921
1.36989
1.36421
1.36232
1.36321
1.36514
1.36629
1.36517
1.3611
1.35445
1.3467
1.34002
1.33647
1.33717
1.34204
1.35016
1.36033
1.37132
1.38188
1.39065
1.39613
1.39691
1.39191
1.38063
1.36333
1.34111
1.31575
1.28944
1.2643
1.24186
1.22278
1.207
1.19417
1.18442
1.17899
1.18031
1.19097
1.21203
1.2416
1.27559
1.3096
1.34056
1.36704
1.38888
1.40665
1.42109
1.4329
1.44249
1.44993
1.4549
1.45672
1.45462
1.44792
1.43656
1.42127
1.40357
1.38515
1.36713
1.34976
1.33274
1.31582
1.29916
1.28335
1.26922
1.25768
1.24958
1.24558
1.24586
1.24992
1.25647
1.26378
1.27024
1.27486
1.27751
1.27872
1.2794
1.28058
1.28317
1.28787
1.29504
1.30457
1.31565
1.32667
1.33544
1.34011
1.34016
1.3371
1.33404
1.33444
1.3406
1.353
1.3707
1.39199
1.41486
1.43713
1.45645
1.47061
1.47797
1.4781
1.47197
1.46166
1.44949
1.43707
1.42479
1.41195
1.39756
1.38125
1.36384
1.34755
1.33542
1.33045
1.33452
1.34781
1.36871
1.3943
1.42126
1.44644
1.46744
1.48265
1.49119
1.49293
1.48837
1.47855
1.46486
1.44861
1.43082
1.41208
1.39278
1.37354
1.35587
1.34242
1.33612
1.33846
1.34825
1.36204
1.37578
1.38659
1.39342
1.39696
1.65251
1.65853
1.66809
1.67404
1.64626
1.50454
1.27696
1.37877
1.65562
1.78246
1.81549
1.8042
1.73893
1.57855
1.45269
1.67958
1.9372
2.01786
1.97568
1.85285
1.69855
1.63865
1.73733
1.86437
1.92495
1.91617
1.85462
1.76309
1.68489
1.66273
1.69212
1.73849
1.77675
1.79235
1.77563
1.73055
1.68704
1.68124
1.71181
1.75042
1.77813
1.78727
1.77194
1.72739
1.6573
1.58284
1.53788
1.5442
1.59231
1.65096
1.69316
1.70926
1.70418
1.68951
1.67364
1.65862
1.64758
1.64675
1.65591
1.6664
1.67032
1.66621
1.65763
1.65016
1.64899
1.65674
1.67192
1.68902
1.70057
1.69966
1.68199
1.64702
1.59878
1.54598
1.50056
1.4738
1.4714
1.49069
1.52248
1.55621
1.58419
1.60293
1.61205
1.61275
1.60697
1.59728
1.58626
1.57511
1.56284
1.54741
1.52852
1.50943
1.49572
1.49158
1.49677
1.50736
1.51912
1.52974
1.53896
1.54745
1.5557
1.56335
1.56906
1.57113
1.56838
1.56075
1.5493
1.53585
1.52247
1.51103
1.5029
1.49868
1.4981
1.50019
1.50372
1.50775
1.51213
1.5174
1.52416
1.53221
1.54026
1.54615
1.54767
1.54328
1.53269
1.51705
1.49892
1.48193
1.46942
1.46271
1.46018
1.45827
1.45375
1.44506
1.4326
1.4186
1.40719
1.40414
1.41479
1.44075
1.47823
1.52018
1.55963
1.59155
1.6133
1.62458
1.62718
1.62456
1.62083
1.61975
1.62381
1.63365
1.64745
1.66139
1.67115
1.67362
1.66787
1.6549
1.63699
1.61661
1.59555
1.5746
1.55388
1.5334
1.51342
1.49446
1.47721
1.4625
1.45131
1.44475
1.44376
1.44875
1.45951
1.47535
1.49518
1.51736
1.53971
1.55995
1.57685
1.59112
1.60475
1.6188
1.63194
1.64127
1.64413
1.63906
1.62594
1.6061
1.58235
1.55843
1.5377
1.52198
1.51157
1.50592
1.50415
1.5053
1.50845
1.51315
1.51992
1.5302
1.54533
1.56507
1.58718
1.60819
1.62474
1.6343
1.63549
1.62823
1.61381
1.59496
1.57555
1.55966
1.55019
1.54791
1.55145
1.55826
1.5655
1.57076
1.57243
1.56989
1.56345
1.55413
1.54323
1.53195
1.52124
1.5117
1.50375
1.4977
1.49378
1.49225
1.49323
1.4965
1.50161
1.50824
1.51664
1.52764
1.54223
1.56095
1.58329
1.60784
1.63262
1.65576
1.67567
1.69133
1.70221
1.70815
1.7091
1.70492
1.6953
1.68001
1.65902
1.63276
1.60233
1.56963
1.53745
1.50949
1.48987
1.48182
1.48614
1.50033
1.51964
1.53912
1.55516
1.56608
1.57217
1.57515
1.57738
1.58081
1.58625
1.59308
1.59969
1.60395
1.60366
1.59728
1.58427
1.56549
1.5431
1.52001
1.49915
1.48267
1.47138
1.46496
1.46238
1.46236
1.46362
1.46533
1.46714
1.46898
1.47119
1.47494
1.4826
1.49664
1.51746
1.54269
1.56857
1.59196
1.61118
1.6258
1.63612
1.64265
1.64582
1.64588
1.64295
1.63723
1.62911
1.61923
1.60821
1.59626
1.5828
1.5667
1.54695
1.52363
1.49847
1.47429
1.45385
1.43889
1.43035
1.42901
1.43533
1.44854
1.46638
1.48609
1.50549
1.52317
1.53833
1.55039
1.55883
1.56334
1.5641
1.56187
1.5578
1.55279
1.54726
1.5414
1.53576
1.53138
1.52935
1.52994
1.53205
1.53336
1.53108
1.52276
1.50728
1.48535
1.4597
1.43443
1.41384
1.40127
1.39871
1.40692
1.42508
1.4509
1.4813
1.51357
1.5462
1.57877
1.6113
1.64359
1.67482
1.7034
1.72725
1.74437
1.7533
1.75334
1.74448
1.72718
1.70229
1.67154
1.63797
1.60554
1.5777
1.55601
1.54003
1.52825
1.51913
1.51135
1.50357
1.49451
1.48364
1.47191
1.46195
1.4571
1.45999
1.4714
1.49009
1.51316
1.53662
1.55663
1.57072
1.57798
1.57858
1.57319
1.56303
1.55022
1.53781
1.52901
1.52614
1.5299
1.5393
1.55216
1.56557
1.57638
1.58165
1.57908
1.56753
1.54743
1.52096
1.49198
1.46521
1.44471
1.43245
1.42792
1.42895
1.43319
1.4394
1.44746
1.45757
1.46937
1.4818
1.49373
1.50478
1.51581
1.52868
1.54508
1.56517
1.58695
1.60701
1.62196
1.62937
1.6279
1.61714
1.59749
1.57049
1.53932
1.50908
1.48592
1.47523
1.47951
1.49723
1.52362
1.55245
1.57795
1.59584
1.60403
1.60289
1.59508
1.5847
1.57587
1.57138
1.57202
1.57684
1.58403
1.59188
1.5994
1.60645
1.61351
1.62122
1.62993
1.63917
1.6477
1.6538
1.65605
1.65384
1.64756
1.63835
1.62754
1.61603
1.60423
1.59202
1.57914
1.56546
1.55119
1.53673
1.52261
1.50947
1.49793
1.48833
1.48022
1.47247
1.46398
1.45467
1.44597
1.4404
1.44041
1.44729
1.46045
1.47765
1.49581
1.5118
1.52278
1.52672
1.52374
1.51779
1.51567
1.52175
1.53361
1.54467
1.5498
1.54759
1.53935
1.52753
1.51474
1.50325
1.49458
1.48924
1.48685
1.48669
1.48817
1.49086
1.49424
1.4974
1.49905
1.49791
1.4933
1.48568
1.47692
1.46997
1.46782
1.47201
1.48159
1.49363
1.50486
1.51286
1.51638
1.51517
1.50963
1.50101
1.49165
1.48489
1.48436
1.4924
1.50884
1.53116
1.55571
1.57913
1.59889
1.61339
1.62178
1.624
1.62095
1.61452
1.60704
1.6006
1.59623
1.59384
1.59277
1.59227
1.59195
1.59167
1.59135
1.59071
1.58928
1.58679
1.58349
1.58034
1.57875
1.57988
1.58437
1.59224
1.60277
1.6143
1.62414
1.62929
1.62731
1.6171
1.59906
1.57491
1.54725
1.51896
1.49306
1.47257
1.4604
1.45846
1.46662
1.4824
1.50177
1.52037
1.53469
1.54266
1.54384
1.53918
1.53076
1.5214
1.51399
1.51077
1.51236
1.51731
1.52274
1.52553
1.52338
1.5152
1.50116
1.48256
1.46174
1.4415
1.42443
1.4122
1.40548
1.40419
1.40798
1.41632
1.42828
1.44193
1.45439
1.46263
1.46492
1.46186
1.45641
1.45262
1.45375
1.4608
1.47239
1.48571
1.49758
1.50517
1.50643
1.50064
1.4886
1.47251
1.4548
1.43643
1.41614
1.39194
1.36326
1.33204
1.30233
1.27915
1.26697
1.26811
1.28173
1.30425
1.3309
1.35729
1.38033
1.39865
1.41249
1.42327
1.433
1.44358
1.45627
1.47142
1.48855
1.50659
1.52427
1.54036
1.55393
1.56439
1.57153
1.57536
1.5759
1.57292
1.56589
1.55421
1.53776
1.51741
1.49535
1.47452
1.45773
1.44653
1.4409
1.43963
1.44148
1.44566
1.45186
1.45969
1.46851
1.47736
1.48527
1.49159
1.49619
1.49955
1.50235
1.5051
1.5076
1.50871
1.50657
1.49923
1.48546
1.46528
1.44026
1.41344
1.38908
1.37209
1.36703
1.37622
1.39817
1.42778
1.45875
1.48605
1.50714
1.52181
1.53164
1.53908
1.54675
1.55671
1.56991
1.58601
1.60359
1.62065
1.63523
1.64585
1.65165
1.65249
1.64876
1.64117
1.63054
1.61766
1.60337
1.58887
1.57574
1.56549
1.5588
1.555
1.55254
1.54982
1.54604
1.54113
1.53534
1.52879
1.52151
1.51345
1.50453
1.49448
1.48284
1.46922
1.45374
1.43745
1.42231
1.41083
1.40563
1.40887
1.42177
1.4439
1.47298
1.50525
1.53654
1.56322
1.58313
1.59594
1.60291
1.60606
1.60678
1.60507
1.59992
1.59046
1.5768
1.56019
1.54248
1.52562
1.51125
1.50065
1.49465
1.49362
1.49735
1.50508
1.51531
1.52577
1.53385
1.53747
1.53591
1.53027
1.52329
1.51825
1.51736
1.52053
1.5257
1.53069
1.53486
1.53929
1.54539
1.5535
1.56243
1.57023
1.57497
1.5753
1.57055
1.56061
1.5459
1.52736
1.50639
1.48471
1.46393
1.44516
1.42879
1.41486
1.40349
1.3953
1.39131
1.39263
1.39979
1.41232
1.42876
1.44736
1.46681
1.48647
1.50613
1.52532
1.54295
1.55735
1.56664
1.5691
1.56356
1.54973
1.52831
1.50117
1.47138
1.44271
1.41899
1.40322
1.39696
1.40013
1.41121
1.42771
1.44693
1.46668
1.4858
1.50401
1.52138
1.53767
1.55214
1.56377
1.57166
1.5753
1.57465
1.56992
1.56156
1.55017
1.53659
1.52178
1.50692
1.49339
1.48275
1.4765
1.47554
1.47997
1.48905
1.50169
1.51675
1.53302
1.549
1.56291
1.57272
1.5766
1.57342
1.56344
1.54881
1.53296
1.51852
1.50524
1.49048
1.47202
1.44988
1.4262
1.404
1.38614
1.37472
1.37086
1.37465
1.38524
1.4012
1.42093
1.44279
1.46517
1.48661
1.50583
1.52162
1.53292
1.53892
1.53948
1.5352
1.52748
1.518
1.50848
1.50036
1.4946
1.4918
1.49216
1.49556
1.50135
1.50827
1.51482
1.51978
1.52261
1.52338
1.5225
1.52032
1.5169
1.51211
1.50581
1.49816
1.48978
1.48161
1.47441
1.46825
1.46257
1.4569
1.45135
1.44664
1.44363
1.44264
1.44341
1.44542
1.44832
1.45228
1.4578
1.46519
1.47391
1.48222
1.48766
1.4879
1.48159
1.46877
1.45079
1.42997
1.40895
1.39016
1.37529
1.36508
1.35947
1.35799
1.36029
1.36647
1.37704
1.39247
1.41254
1.43619
1.46182
1.48788
1.51323
1.53703
1.55835
1.57581
1.58777
1.59316
1.59223
1.58705
1.58117
1.57861
1.58273
1.59547
1.617
1.64575
1.67863
1.71155
1.74034
1.76152
1.77291
1.77355
1.7633
1.74224
1.71043
1.66832
1.61768
1.56302
1.51184
1.47194
1.44647
1.43289
1.42777
1.43062
1.44291
1.46508
1.4951
1.52904
1.56249
1.59182
1.61446
1.62865
1.63325
1.62793
1.61337
1.59159
1.56552
1.53831
1.51252
1.4899
1.4717
1.45901
1.45274
1.45305
1.4591
1.46928
1.4817
1.49468
1.50691
1.51734
1.52496
1.52864
1.5272
1.51987
1.50681
1.48897
1.46745
1.44292
1.41595
1.38784
1.36078
1.33749
1.32089
1.31419
1.65748
1.6736
1.69439
1.71291
1.72269
1.72088
1.70868
1.69009
1.67032
1.65432
1.6461
1.64811
1.66086
1.68236
1.70853
1.73465
1.75707
1.77414
1.78614
1.79404
1.79808
1.79728
1.79043
1.77733
1.75939
1.73936
1.72093
1.70852
1.70614
1.71503
1.73238
1.75273
1.771
1.78435
1.7921
1.79467
1.79253
1.78593
1.77486
1.7594
1.74003
1.71799
1.69539
1.67473
1.65793
1.64567
1.63716
1.63084
1.62533
1.62012
1.61573
1.61333
1.61382
1.61727
1.62277
1.62887
1.63421
1.63845
1.6426
1.64857
1.65799
1.67131
1.68754
1.70469
1.72067
1.73412
1.74491
1.75345
1.7595
1.76125
1.75585
1.74103
1.71687
1.68695
1.65805
1.63843
1.63433
1.64687
1.67164
1.70171
1.73102
1.75595
1.77523
1.78934
1.79992
1.80882
1.81718
1.82495
1.83112
1.83462
1.83496
1.83232
1.82706
1.81923
1.80825
1.7933
1.77393
1.75097
1.72708
1.7058
1.68949
1.67788
1.66884
1.66016
1.65052
1.63964
1.62809
1.61741
1.60979
1.60739
1.61129
1.62064
1.63289
1.64485
1.6541
1.66007
1.66409
1.6681
1.67289
1.67731
1.67897
1.67553
1.66568
1.64969
1.62946
1.60819
1.58955
1.57689
1.57278
1.57891
1.5957
1.62183
1.6544
1.68975
1.72428
1.75527
1.78133
1.80237
1.81914
1.83238
1.84201
1.84669
1.84414
1.83235
1.81131
1.78436
1.75811
1.74067
1.73837
1.7526
1.77878
1.80923
1.83731
1.85927
1.87328
1.87794
1.87157
1.85263
1.82081
1.77844
1.73127
1.68746
1.6543
1.63514
1.62908
1.63289
1.64291
1.65573
1.6684
1.6786
1.68497
1.68723
1.68627
1.68398
1.68274
1.68471
1.69094
1.70109
1.71423
1.72994
1.74835
1.76911
1.78992
1.80663
1.81509
1.81296
1.80034
1.77931
1.75312
1.72575
1.70176
1.68581
1.68179
1.69148
1.71391
1.74584
1.78299
1.82132
1.8577
1.88988
1.91642
1.93639
1.94907
1.95375
1.94945
1.93503
1.90963
1.87329
1.82806
1.77942
1.73722
1.71294
1.71234
1.73126
1.76021
1.79136
1.82073
1.847
1.87
1.88994
1.90681
1.91998
1.92813
1.92968
1.92336
1.90873
1.88669
1.85993
1.83291
1.81066
1.7968
1.79197
1.79422
1.80048
1.80752
1.81236
1.81263
1.80728
1.79723
1.78535
1.77509
1.76849
1.76511
1.76291
1.75996
1.75582
1.75175
1.74994
1.75215
1.75854
1.76729
1.77516
1.77847
1.77385
1.75881
1.73225
1.69481
1.64904
1.59912
1.55024
1.50772
1.47592
1.45721
1.45148
1.45659
1.46975
1.48864
1.51209
1.53974
1.57145
1.60682
1.64491
1.68393
1.7213
1.75403
1.77947
1.79591
1.80289
1.80133
1.79332
1.78168
1.76937
1.75882
1.75133
1.74704
1.745
1.74365
1.74132
1.73674
1.72965
1.72105
1.71292
1.7073
1.70538
1.70711
1.71155
1.71737
1.72304
1.72674
1.72628
1.71957
1.70556
1.68509
1.66077
1.63597
1.61335
1.59434
1.57984
1.57102
1.5694
1.57599
1.59022
1.60968
1.63081
1.65001
1.66444
1.67225
1.67276
1.66631
1.65436
1.63918
1.62334
1.60929
1.59942
1.59679
1.60513
1.62758
1.66413
1.71029
1.75826
1.79952
1.82715
1.83701
1.82782
1.80085
1.75936
1.70797
1.65221
1.59809
1.55197
1.51958
1.50425
1.5049
1.51608
1.53074
1.54357
1.55281
1.56025
1.56982
1.5854
1.60859
1.63795
1.66988
1.70031
1.72596
1.74476
1.75578
1.75904
1.75554
1.74718
1.73666
1.72659
1.71812
1.71069
1.70315
1.6954
1.68895
1.68604
1.68821
1.69561
1.70696
1.72022
1.73331
1.74455
1.75287
1.75777
1.75907
1.75695
1.7518
1.74422
1.73505
1.72512
1.71507
1.70512
1.69541
1.68651
1.67997
1.67824
1.68418
1.69988
1.72502
1.75574
1.78569
1.80872
1.82132
1.82346
1.81782
1.80839
1.79902
1.79277
1.79134
1.79469
1.80121
1.80867
1.81468
1.8168
1.81262
1.80004
1.77791
1.7468
1.70951
1.67119
1.63884
1.61979
1.61887
1.63577
1.66526
1.70037
1.73534
1.76662
1.79238
1.81176
1.8243
1.82971
1.82805
1.82001
1.80707
1.79138
1.77518
1.76027
1.74792
1.7391
1.7347
1.73535
1.74109
1.75116
1.76405
1.7779
1.79101
1.80216
1.81051
1.8156
1.81703
1.81451
1.80804
1.79807
1.78553
1.77171
1.75807
1.74624
1.73783
1.73411
1.73565
1.74213
1.75225
1.76364
1.77331
1.77856
1.77807
1.77223
1.76294
1.75276
1.74413
1.73883
1.73798
1.7421
1.75107
1.76381
1.77842
1.79251
1.80398
1.81164
1.81572
1.81758
1.81902
1.82144
1.82508
1.82881
1.8306
1.82855
1.82176
1.81062
1.79642
1.78074
1.76492
1.74988
1.73611
1.72373
1.71268
1.70305
1.69509
1.68919
1.68552
1.6838
1.68348
1.68411
1.68555
1.68771
1.68994
1.69068
1.68788
1.68044
1.6695
1.65857
1.65213
1.65335
1.66287
1.67908
1.69937
1.72081
1.74038
1.75516
1.763
1.76317
1.75678
1.7466
1.73635
1.72978
1.72993
1.73835
1.75472
1.77677
1.80075
1.82254
1.83882
1.8478
1.84924
1.84418
1.83444
1.82224
1.80982
1.79896
1.7905
1.78422
1.77917
1.77418
1.76816
1.76012
1.74968
1.73719
1.72379
1.71083
1.69903
1.68816
1.67736
1.66591
1.65405
1.64301
1.63458
1.63043
1.63138
1.63716
1.64677
1.65918
1.67403
1.69166
1.71214
1.73395
1.75409
1.77024
1.78252
1.793
1.80365
1.81458
1.82415
1.83038
1.83212
1.82959
1.82417
1.81793
1.81297
1.81116
1.81364
1.8207
1.83168
1.84485
1.85775
1.8677
1.87254
1.87121
1.86385
1.85139
1.83525
1.8168
1.79738
1.77828
1.76086
1.74649
1.73635
1.73113
1.73106
1.73604
1.74596
1.76025
1.77733
1.79478
1.81023
1.82208
1.82945
1.83169
1.82836
1.81928
1.80477
1.78571
1.76352
1.74032
1.71899
1.70278
1.69452
1.69558
1.70518
1.72045
1.73758
1.75343
1.76684
1.77881
1.79156
1.80665
1.82361
1.83977
1.85135
1.85486
1.84828
1.83156
1.80685
1.77869
1.75373
1.73859
1.73592
1.74244
1.75144
1.75749
1.75898
1.75789
1.75739
1.75918
1.76253
1.76538
1.76617
1.76483
1.76241
1.75983
1.7568
1.75166
1.74225
1.72695
1.70559
1.67987
1.65387
1.63385
1.62654
1.6357
1.65966
1.69244
1.72707
1.75849
1.78448
1.80511
1.8213
1.83351
1.84098
1.84231
1.83641
1.82359
1.80556
1.78489
1.76425
1.74597
1.73189
1.72331
1.72083
1.72444
1.73353
1.74683
1.76231
1.7777
1.79112
1.80166
1.80936
1.81464
1.8176
1.81731
1.81164
1.79783
1.77369
1.73945
1.69918
1.66024
1.62986
1.61208
1.60785
1.61642
1.63513
1.65936
1.68407
1.70609
1.72482
1.74131
1.75676
1.77149
1.78512
1.797
1.80682
1.81472
1.82086
1.82494
1.82593
1.82255
1.81388
1.80027
1.78384
1.76805
1.75618
1.7492
1.74537
1.74164
1.73485
1.7223
1.70273
1.67781
1.65239
1.63242
1.6217
1.62019
1.62516
1.63338
1.64218
1.64933
1.65303
1.65241
1.64845
1.64401
1.64269
1.64677
1.65607
1.66874
1.68318
1.69921
1.71797
1.74073
1.76719
1.79492
1.8203
1.84018
1.85246
1.85577
1.84926
1.83264
1.80667
1.77353
1.73638
1.69835
1.66176
1.62799
1.59798
1.57209
1.54976
1.52951
1.50984
1.4904
1.47275
1.46001
1.45543
1.46081
1.47547
1.49608
1.51807
1.53758
1.55338
1.56776
1.58538
1.61022
1.6427
1.67946
1.71563
1.7473
1.77249
1.79092
1.80337
1.81082
1.81386
1.81248
1.80651
1.79629
1.7831
1.76913
1.75679
1.74803
1.74374
1.74344
1.74549
1.74765
1.74757
1.74351
1.73481
1.7227
1.71067
1.70338
1.7037
1.71001
1.71689
1.71896
1.71373
1.70203
1.6866
1.6706
1.65682
1.64759
1.64516
1.65142
1.66659
1.68804
1.71087
1.72962
1.74007
1.74009
1.72997
1.71229
1.69161
1.67348
1.66298
1.66325
1.67426
1.69252
1.71224
1.72748
1.73413
1.73059
1.71713
1.69524
1.66765
1.63892
1.61546
1.60377
1.60776
1.62697
1.6575
1.69419
1.73251
1.76865
1.79943
1.8222
1.83495
1.8368
1.82817
1.81086
1.78794
1.76314
1.74014
1.72177
1.70964
1.70432
1.7059
1.71444
1.72966
1.75009
1.77231
1.79145
1.80287
1.80402
1.795
1.77794
1.75609
1.73274
1.71055
1.69125
1.67595
1.66556
1.66082
1.66187
1.66781
1.67671
1.68607
1.69365
1.69804
1.69887
1.69676
1.69325
1.69068
1.6915
1.69643
1.70292
1.70645
1.70431
1.69899
1.69728
1.70526
1.72421
1.7511
1.78106
1.8089
1.8298
1.84052
1.84099
1.8348
1.82717
1.82179
1.81996
1.82192
1.82786
1.83758
1.85044
1.8655
1.88155
1.89671
1.90799
1.91161
1.9043
1.88508
1.8564
1.82371
1.79318
1.76879
1.75113
1.73865
1.72988
1.72506
1.72607
1.73477
1.75145
1.77417
1.79941
1.82306
1.84142
1.8519
1.85328
1.84577
1.83081
1.81063
1.78781
1.76446
1.7416
1.71872
1.69404
1.66545
1.63192
1.59448
1.55673
1.52462
1.50572
1.50736
1.5325
1.57629
1.62811
1.67787
1.71979
1.75217
1.77533
1.79021
1.7978
1.7991
1.79476
1.78447
1.76718
1.74242
1.71219
1.68154
1.65643
1.64061
1.63444
1.63637
1.6449
1.65915
1.6781
1.69992
1.72201
1.74203
1.75863
1.77169
1.78178
1.78932
1.79403
1.79498
1.79103
1.78162
1.76704
1.74828
1.72659
1.7032
1.67946
1.6572
1.63884
1.62694
1.62367
1.63031
1.64678
1.67159
1.70215
1.73539
1.76824
1.79795
1.82228
1.83955
1.8485
1.84806
1.83739
1.81605
1.7845
1.74489
1.7015
