0.862617
0.856137
0.846863
0.834635
0.819281
0.800619
0.778518
0.752963
0.724118
0.692427
0.658703
0.624175
0.590474
0.559456
0.53297
0.512539
0.49904
0.492502
0.49215
0.496612
0.504254
0.513466
0.522868
0.531399
0.538317
0.543231
0.546118
0.547299
0.547381
0.54708
0.54705
0.547643
0.548841
0.550231
0.551234
0.551308
0.550082
0.547469
0.543626
0.538955
0.534046
0.52956
0.526128
0.524253
0.524264
0.52624
0.529967
0.534959
0.540527
0.545946
0.550626
0.554169
0.556406
0.557357
0.557169
0.556048
0.554221
0.551951
0.54942
0.546752
0.543916
0.540757
0.537056
0.532622
0.527354
0.521306
0.514667
0.507751
0.500937
0.494681
0.489447
0.485567
0.483116
0.481905
0.481591
0.481882
0.482687
0.484123
0.486382
0.489578
0.493645
0.498311
0.50317
0.507785
0.511769
0.514818
0.516737
0.517442
0.516966
0.515444
0.513113
0.51031
0.50742
0.504862
0.503058
0.502382
0.503111
0.505306
0.508734
0.512825
0.516773
0.519713
0.520936
0.520083
0.517254
0.512933
0.507823
0.502628
0.497892
0.493948
0.491021
0.489341
0.489189
0.490841
0.494434
0.49987
0.50672
0.51429
0.52174
0.528248
0.533175
0.536122
0.536964
0.535868
0.53322
0.529591
0.525646
0.522031
0.519268
0.517653
0.517242
0.51786
0.519176
0.520847
0.522614
0.524337
0.52601
0.527743
0.529752
0.532329
0.535756
0.540181
0.545491
0.551222
0.556646
0.560985
0.563608
0.564202
0.562803
0.559685
0.555287
0.550122
0.544665
0.539364
0.534614
0.530879
0.528712
0.528712
0.531359
0.536761
0.544569
0.554021
0.56414
0.573923
0.582488
0.589174
0.593608
0.595672
0.595519
0.593472
0.589951
0.585391
0.580187
0.574687
0.569208
0.564062
0.559546
0.555923
0.55337
0.551941
0.551594
0.552174
0.553456
0.555167
0.557026
0.55877
0.560188
0.561146
0.561555
0.561321
0.560331
0.558469
0.555667
0.551953
0.547507
0.542612
0.537626
0.532875
0.528597
0.524884
0.52177
0.519289
0.51754
0.516693
0.51697
0.51853
0.521347
0.525088
0.529084
0.532434
0.534146
0.53326
0.529034
0.521135
0.509882
0.496486
0.483178
0.472708
0.467211
0.467174
0.471466
0.478304
0.486191
0.494227
0.501964
0.509174
0.515657
0.52118
0.525492
0.528453
0.53008
0.530539
0.530023
0.528645
0.526402
0.523222
0.519076
0.514072
0.508462
0.502587
0.496877
0.491798
0.487816
0.485377
0.484765
0.486013
0.488868
0.492835
0.4973
0.501676
0.505522
0.508578
0.510777
0.512171
0.512894
0.513099
0.512964
0.512622
0.512134
0.511433
0.510271
0.508317
0.505311
0.501229
0.49637
0.49136
0.486984
0.483983
0.482859
0.483788
0.486634
0.491041
0.496561
0.502726
0.509076
0.515179
0.520634
0.525072
0.528209
0.529899
0.530168
0.529206
0.527306
0.524793
0.521899
0.518702
0.515173
0.511212
0.506766
0.501914
0.496888
0.492072
0.487964
0.485076
0.483839
0.484453
0.486751
0.490231
0.494197
0.497991
0.501128
0.503357
0.504636
0.505017
0.504557
0.503307
0.501327
0.498732
0.495705
0.492478
0.48924
0.486076
0.482953
0.479776
0.476438
0.472921
0.469325
0.465941
0.463221
0.461723
0.461999
0.46442
0.469038
0.475603
0.483618
0.492486
0.50161
0.510435
0.518526
0.52557
0.531381
0.535885
0.539024
0.540727
0.540892
0.539429
0.536359
0.531842
0.52621
0.51997
0.513686
0.507883
0.502948
0.499089
0.496376
0.494797
0.494338
0.494972
0.496672
0.499348
0.502855
0.507008
0.511635
0.516621
0.521869
0.527181
0.532105
0.535914
0.53771
0.536689
0.532383
0.524769
0.514312
0.501972
0.489121
0.477399
0.468451
0.463549
0.463261
0.467326
0.474795
0.484382
0.494728
0.504613
0.513097
0.519507
0.523409
0.5246
0.523103
0.519131
0.513149
0.505818
0.497993
0.490581
0.484384
0.479912
0.477314
0.476359
0.476593
0.477533
0.478906
0.48077
0.48337
0.486775
0.490603
0.494021
0.496121
0.496288
0.494387
0.490705
0.485838
0.480562
0.47575
0.472285
0.471032
0.472724
0.477848
0.486511
0.498339
0.512482
0.527724
0.542685
0.556022
0.566655
0.573854
0.577288
0.577015
0.573464
0.567357
0.55961
0.551227
0.543158
0.536157
0.530662
0.526742
0.524162
0.522481
0.521177
0.519768
0.517883
0.515283
0.511885
0.507764
0.503112
0.498202
0.493358
0.488923
0.485226
0.482513
0.480845
0.480071
0.47982
0.479637
0.479128
0.47813
0.476771
0.475428
0.474608
0.474734
0.475994
0.478228
0.480979
0.483655
0.485702
0.486696
0.486405
0.48475
0.481782
0.477638
0.472523
0.466661
0.460328
0.453855
0.447714
0.442516
0.438988
0.437828
0.439535
0.444242
0.451654
0.461099
0.471682
0.48247
0.492645
0.501609
0.508971
0.51453
0.518234
0.520162
0.520476
0.519477
0.517584
0.515296
0.51313
0.511477
0.510481
0.510056
0.509952
0.509818
0.509225
0.507759
0.505165
0.50146
0.497021
0.492536
0.488811
0.486494
0.485861
0.486755
0.488699
0.491077
0.493321
0.49503
0.496031
0.496336
0.496042
0.495223
0.493855
0.491832
0.48903
0.485438
0.481187
0.476561
0.471939
0.467742
0.464362
0.462127
0.461238
0.461719
0.463414
0.466049
0.469317
0.472953
0.476792
0.480793
0.484968
0.489304
0.493632
0.497622
0.500835
0.502852
0.503403
0.502481
0.50039
0.497678
0.495003
0.492993
0.492096
0.492491
0.494046
0.496342
0.49877
0.500686
0.501561
0.501098
0.499291
0.496428
0.493063
0.489943
0.487879
0.487521
0.489206
0.492832
0.4979
0.503735
0.509682
0.515237
0.520062
0.523884
0.526439
0.527469
0.526756
0.524195
0.519852
0.514075
0.507527
0.501095
0.4957
0.491996
0.49011
0.489657
0.490056
0.490873
0.492007
0.493598
0.495836
0.49875
0.502139
0.505633
0.508792
0.511186
0.512484
0.512534
0.51138
0.509179
0.506182
0.5027
0.499151
0.496011
0.493763
0.492769
0.493107
0.494559
0.496623
0.498658
0.500001
0.500098
0.498549
0.495198
0.490162
0.483821
0.476771
0.469747
0.46351
0.458745
0.455962
0.455437
0.457199
0.461035
0.466539
0.47314
0.480218
0.487161
0.493482
0.498834
0.503058
0.50615
0.508223
0.509422
0.509879
0.509698
0.508959
0.507724
0.506076
0.50412
0.501983
0.499791
0.49761
0.495451
0.493242
0.490854
0.488129
0.484941
0.481199
0.476914
0.472216
0.467343
0.462638
0.458481
0.455272
0.453364
0.452988
0.454207
0.456824
0.460369
0.464135
0.467251
0.468894
0.468455
0.465719
0.460937
0.454775
0.448178
0.442108
0.437367
0.434484
0.43372
0.435116
0.438481
0.443363
0.449094
0.454913
0.460128
0.464272
0.467167
0.468897
0.469722
0.470007
0.470147
0.470453
0.471129
0.472259
0.473835
0.475794
0.478099
0.480762
0.483871
0.487583
0.492067
0.497464
0.503804
0.510936
0.518518
0.526043
0.532913
0.538564
0.542574
0.544704
0.544894
0.543228
0.539864
0.535017
0.528923
0.521878
0.514188
0.506214
0.498371
0.491088
0.484833
0.480029
0.477016
0.476005
0.47704
0.479988
0.484524
0.490145
0.496256
0.502232
0.507489
0.511517
0.513915
0.514399
0.512794
0.509056
0.50332
0.495939
0.487494
0.478763
0.470655
0.464021
0.459488
0.457357
0.457548
0.459662
0.46312
0.467317
0.471729
0.475976
0.479858
0.483339
0.486527
0.489624
0.492821
0.496183
0.499527
0.502396
0.504123
0.504065
0.501812
0.49734
0.491046
0.48366
0.476078
0.469175
0.463691
0.460119
0.458623
0.458996
0.460705
0.463022
0.465177
0.466495
0.466514
0.465025
0.462108
0.45815
0.453744
0.4496
0.446358
0.444446
0.444072
0.445264
0.447947
0.452011
0.457281
0.463495
0.47029
0.477275
0.484119
0.490622
0.496756
0.502593
0.508193
0.513472
0.518179
0.52188
0.524135
0.524624
0.523257
0.52026
0.516097
0.51134
0.506504
0.50191
0.497714
0.494008
0.490866
0.488265
0.486031
0.483862
0.481487
0.478833
0.476086
0.473624
0.47183
0.470897
0.470715
0.470922
0.47111
0.471075
0.471005
0.471437
0.473115
0.476677
0.482348
0.48978
0.498181
0.506574
0.514095
0.520146
0.524438
0.526894
0.527596
0.526701
0.524363
0.520721
0.515916
0.510102
0.503467
0.496193
0.488446
0.480332
0.471952
0.463422
0.454959
0.446923
0.439857
0.434432
0.43134
0.431059
0.433656
0.43873
0.445538
0.453244
0.461202
0.469055
0.47671
0.48416
0.491287
0.497791
0.503244
0.507233
0.509513
0.510108
0.509294
0.507483
0.505068
0.502316
0.499362
0.496256
0.493077
0.489983
0.487209
0.485021
0.483578
0.482884
0.48276
0.4829
0.482953
0.48268
0.482065
0.481384
0.48118
0.482091
0.484614
0.488832
0.494383
0.50062
0.506841
0.512469
0.517093
0.520465
0.522397
0.522693
0.521165
0.51772
0.51243
0.505555
0.497532
0.488889
0.480157
0.471769
0.464017
0.45707
0.451
0.445829
0.441549
0.438179
0.435835
0.4348
0.435536
0.438555
0.444101
0.451882
0.461071
0.470627
0.479631
0.487486
0.493863
0.498527
0.501177
0.501464
0.499111
0.494145
0.486989
0.478479
0.469728
0.461847
0.455659
0.451496
0.449262
0.448637
0.449322
0.451175
0.454215
0.458581
0.464414
0.471769
0.480551
0.490482
0.501127
0.511974
0.522497
0.532186
0.54058
0.547274
0.551932
0.554341
0.55442
0.552283
0.548281
0.542942
0.536911
0.530818
0.525121
0.520036
0.51553
0.51141
0.507418
0.50336
0.499142
0.494817
0.490549
0.486531
0.482921
0.479795
0.477161
0.475031
0.473478
0.472659
0.472755
0.473795
0.475619
0.47786
0.480054
0.481782
0.482798
0.483076
0.482834
0.482398
0.48212
0.482235
0.48279
0.483652
0.484601
0.48543
0.486044
0.486414
0.486526
0.486318
0.485693
0.484555
0.482919
0.48091
0.478744
0.476699
0.475088
0.474203
0.474257
0.475339
0.477388
0.48024
0.483676
0.487494
0.491512
0.495558
0.49947
0.503073
0.506196
0.5087
0.510498
0.511547
0.511847
0.51144
0.510387
0.508724
0.506484
0.503671
0.500305
0.496484
0.861575
0.851152
0.837979
0.823678
0.80972
0.796759
0.784526
0.772299
0.759434
0.745684
0.731297
0.717049
0.704327
0.695005
0.690935
0.692732
0.698922
0.706586
0.713006
0.716618
0.71696
0.714105
0.708291
0.69998
0.690065
0.680026
0.671779
0.667215
0.667642
0.673498
0.684474
0.699814
0.718438
0.73885
0.759035
0.776652
0.789443
0.795711
0.794626
0.786347
0.772005
0.753607
0.733749
0.715122
0.699878
0.689235
0.683501
0.68236
0.685161
0.690999
0.698775
0.707258
0.715236
0.721704
0.726035
0.728039
0.727983
0.72639
0.723854
0.720836
0.717644
0.714533
0.711739
0.709355
0.707237
0.705069
0.702719
0.7008
0.700922
0.705176
0.714802
0.729075
0.745681
0.761974
0.775947
0.786383
0.792663
0.794559
0.792287
0.786609
0.778953
0.771254
0.7654
0.762414
0.762073
0.763267
0.764692
0.765341
0.764539
0.761848
0.757074
0.75033
0.742087
0.733067
0.723993
0.715356
0.707291
0.699725
0.692723
0.68681
0.68302
0.682465
0.685715
0.692337
0.701027
0.710126
0.718299
0.724963
0.730328
0.735126
0.740126
0.745825
0.75235
0.759628
0.76747
0.775421
0.782487
0.787228
0.788248
0.78475
0.776796
0.765242
0.751432
0.736832
0.722769
0.710397
0.700681
0.69425
0.691164
0.69077
0.691943
0.693551
0.694916
0.696031
0.697417
0.699703
0.703175
0.707494
0.711853
0.715319
0.717137
0.716867
0.714403
0.709914
0.703855
0.696951
0.690091
0.684127
0.679746
0.677438
0.677573
0.680364
0.685709
0.692993
0.70112
0.708792
0.714823
0.718348
0.718939
0.716674
0.712159
0.70645
0.700928
0.697006
0.695821
0.697905
0.703049
0.710333
0.718452
0.726083
0.732208
0.736309
0.738285
0.738263
0.736413
0.732841
0.727685
0.72125
0.714057
0.706758
0.699966
0.694202
0.689936
0.687688
0.687986
0.691253
0.697627
0.706854
0.718295
0.731054
0.744161
0.756736
0.768105
0.777819
0.785627
0.791363
0.794837
0.795709
0.793524
0.787849
0.778512
0.765845
0.750727
0.734567
0.718966
0.705316
0.694503
0.686776
0.681879
0.679305
0.678538
0.679147
0.680733
0.682902
0.685205
0.687248
0.688797
0.689795
0.690307
0.690372
0.690008
0.689235
0.688192
0.687214
0.68681
0.687469
0.689398
0.692391
0.695916
0.699324
0.702087
0.703937
0.70487
0.705034
0.704584
0.703611
0.702101
0.700063
0.697693
0.695447
0.693983
0.693947
0.695726
0.699277
0.704097
0.709437
0.714632
0.719401
0.723869
0.72842
0.733444
0.739175
0.745687
0.752927
0.760783
0.769074
0.777473
0.785521
0.792677
0.798399
0.802182
0.80354
0.801955
0.796986
0.788488
0.776848
0.763193
0.749402
0.737718
0.72998
0.726919
0.727946
0.731561
0.735995
0.739757
0.741939
0.742223
0.74076
0.737904
0.733963
0.729085
0.723417
0.717311
0.711404
0.706515
0.703393
0.702473
0.703724
0.706688
0.710634
0.714801
0.718627
0.721923
0.72484
0.727697
0.730766
0.734096
0.737466
0.740525
0.742956
0.744594
0.745393
0.745352
0.744323
0.741975
0.737834
0.731415
0.722404
0.710818
0.697144
0.682397
0.66813
0.656267
0.648568
0.645968
0.648253
0.654408
0.663261
0.673963
0.686029
0.699103
0.712799
0.726584
0.739762
0.751517
0.760998
0.767465
0.770432
0.769833
0.766105
0.76018
0.753351
0.746896
0.741728
0.738147
0.735765
0.733766
0.73122
0.727396
0.72189
0.714659
0.705925
0.69614
0.685916
0.676
0.66722
0.660344
0.655995
0.654587
0.656258
0.660804
0.667681
0.676166
0.685665
0.695983
0.707265
0.719666
0.732994
0.746542
0.759295
0.770283
0.778856
0.784737
0.787996
0.788921
0.787931
0.785525
0.782285
0.778831
0.775775
0.773611
0.772655
0.772738
0.772977
0.771895
0.767968
0.760191
0.748351
0.733008
0.715429
0.697542
0.681882
0.671322
0.668308
0.673722
0.686267
0.703068
0.720902
0.737165
0.750207
0.759302
0.764496
0.766297
0.765384
0.762348
0.757538
0.751103
0.743212
0.734218
0.724719
0.715478
0.707255
0.7006
0.695778
0.692775
0.691356
0.691095
0.691401
0.691519
0.690617
0.687996
0.683269
0.676527
0.668302
0.659446
0.650926
0.643701
0.638654
0.636565
0.637884
0.642497
0.649602
0.657953
0.666403
0.674329
0.681682
0.688769
0.695927
0.703237
0.710405
0.716889
0.722163
0.725979
0.728419
0.729849
0.73075
0.731548
0.732471
0.733541
0.734572
0.735246
0.735185
0.734008
0.731492
0.727705
0.723222
0.719223
0.71729
0.718746
0.723897
0.731823
0.740931
0.749794
0.757615
0.764172
0.769525
0.773729
0.77672
0.778366
0.778585
0.777391
0.774935
0.771491
0.767411
0.763066
0.75869
0.754236
0.749379
0.743619
0.736482
0.727751
0.717653
0.706976
0.697101
0.689771
0.686504
0.687847
0.693097
0.700692
0.708962
0.716687
0.723194
0.728297
0.73212
0.73497
0.737172
0.738937
0.740251
0.740816
0.740122
0.737617
0.73297
0.726244
0.717947
0.708844
0.699643
0.690674
0.681814
0.672717
0.663353
0.65435
0.646765
0.641416
0.638384
0.637258
0.637791
0.64021
0.644912
0.651985
0.661028
0.671271
0.681911
0.692353
0.702293
0.711619
0.720255
0.727935
0.734073
0.737825
0.738377
0.735278
0.728727
0.719589
0.709132
0.698612
0.688924
0.680488
0.673245
0.666875
0.661009
0.655371
0.6499
0.644923
0.641201
0.639848
0.641843
0.647469
0.655943
0.665669
0.674918
0.682412
0.687632
0.69075
0.692412
0.693483
0.694895
0.697552
0.702222
0.709456
0.719348
0.73152
0.745151
0.759249
0.772828
0.785065
0.795257
0.802746
0.806853
0.807035
0.803057
0.79514
0.783962
0.770348
0.754826
0.737562
0.71869
0.698775
0.678971
0.660753
0.645543
0.634432
0.628038
0.626311
0.628509
0.633447
0.639986
0.647492
0.655876
0.665346
0.675948
0.687355
0.698969
0.710161
0.720519
0.72987
0.738208
0.745613
0.752172
0.757948
0.762937
0.767063
0.770127
0.771744
0.771341
0.768292
0.762166
0.753015
0.741537
0.729023
0.717198
0.707862
0.702472
0.7017
0.705143
0.711326
0.718181
0.723723
0.726603
0.726349
0.723272
0.718231
0.712346
0.706827
0.702879
0.70161
0.703814
0.709647
0.718379
0.728439
0.737895
0.745025
0.748804
0.749089
0.746455
0.741847
0.736106
0.729681
0.722583
0.714531
0.705252
0.694667
0.683001
0.67093
0.659659
0.650834
0.646115
0.646438
0.651473
0.659673
0.668906
0.677227
0.683409
0.687061
0.688561
0.688783
0.688801
0.689622
0.691981
0.696348
0.702959
0.711838
0.722674
0.734817
0.747358
0.759416
0.77033
0.779744
0.787519
0.793581
0.79784
0.800206
0.800678
0.799396
0.796692
0.792937
0.788397
0.783143
0.777042
0.769829
0.761237
0.75113
0.739631
0.727177
0.714556
0.702837
0.693248
0.686945
0.684743
0.686913
0.693162
0.702662
0.714131
0.725945
0.736462
0.744429
0.749343
0.751553
0.752057
0.751998
0.752138
0.752535
0.752676
0.751857
0.74953
0.745443
0.739684
0.732553
0.72451
0.715973
0.707235
0.698375
0.689384
0.680415
0.672002
0.665162
0.661261
0.661622
0.667041
0.677428
0.691802
0.708563
0.725901
0.742179
0.756075
0.766649
0.773325
0.7758
0.774034
0.768206
0.758776
0.746513
0.732516
0.717985
0.703897
0.690745
0.678501
0.666883
0.65561
0.644707
0.6347
0.626732
0.622348
0.623013
0.629473
0.641313
0.657023
0.674491
0.691618
0.706706
0.718605
0.726597
0.730258
0.729444
0.724448
0.716134
0.705974
0.695921
0.688021
0.683888
0.684299
0.689036
0.697131
0.707309
0.718343
0.729212
0.739123
0.747522
0.754087
0.758699
0.761364
0.762093
0.760917
0.757952
0.75351
0.74813
0.742483
0.73713
0.732349
0.728089
0.724087
0.720087
0.715923
0.711526
0.70685
0.701843
0.696452
0.690704
0.684809
0.679083
0.673884
0.669544
0.666338
0.66451
0.664233
0.665476
0.667952
0.671186
0.674656
0.677926
0.680627
0.682454
0.683167
0.682661
0.681002
0.678451
0.675504
0.67296
0.671818
0.672889
0.676267
0.681262
0.686843
0.692155
0.696696
0.700155
0.702335
0.703244
0.703153
0.702666
0.702581
0.703571
0.705809
0.708873
0.711992
0.714517
0.716253
0.717466
0.718754
0.720825
0.724128
0.728579
0.733548
0.738077
0.741309
0.742739
0.742328
0.74043
0.737682
0.734923
0.733026
0.732645
0.73408
0.737212
0.741558
0.746402
0.750951
0.754466
0.756414
0.756535
0.754744
0.751109
0.745734
0.738785
0.730584
0.721691
0.712874
0.705018
0.698988
0.695524
0.695164
0.698135
0.70421
0.712621
0.722115
0.731177
0.738383
0.74268
0.743573
0.741222
0.736369
0.730187
0.724025
0.719073
0.716052
0.71505
0.71552
0.716548
0.717158
0.716563
0.714401
0.710869
0.70675
0.703204
0.701316
0.701686
0.704271
0.708582
0.71398
0.719815
0.725425
0.730082
0.732999
0.733413
0.730758
0.724768
0.715584
0.703785
0.690315
0.676346
0.662991
0.651072
0.640938
0.632559
0.625743
0.620564
0.617679
0.618376
0.62404
0.63522
0.650929
0.668977
0.687044
0.703485
0.71755
0.729155
0.73859
0.746257
0.752531
0.757627
0.761578
0.764217
0.765189
0.76407
0.760516
0.754482
0.746366
0.736967
0.727188
0.717615
0.708389
0.699349
0.690361
0.681511
0.673114
0.665609
0.659482
0.655177
0.653053
0.653201
0.655353
0.658836
0.662719
0.666145
0.668601
0.670007
0.670651
0.671013
0.671634
0.67301
0.675508
0.679312
0.684373
0.690259
0.69611
0.700773
0.703253
0.703283
0.701658
0.700033
0.700246
0.703512
0.710096
0.719496
0.730801
0.742953
0.754777
0.765044
0.772565
0.776475
0.776545
0.773289
0.767815
0.761349
0.754756
0.748234
0.741413
0.73377
0.725107
0.715863
0.707206
0.700765
0.698125
0.700285
0.707345
0.718441
0.732034
0.74635
0.759726
0.77088
0.778962
0.7835
0.784423
0.782
0.776788
0.769519
0.76089
0.75144
0.741488
0.731239
0.721022
0.711637
0.704487
0.701141
0.702382
0.707585
0.714908
0.722208
0.727948
0.731574
0.733456
0.869746
0.872939
0.878016
0.881179
0.86644
0.791209
0.67031
0.724289
0.871351
0.93875
0.956303
0.950316
0.915671
0.83051
0.763606
0.884048
1.02091
1.06379
1.0414
0.976177
0.894221
0.862369
0.914753
0.982242
1.01443
1.00978
0.977099
0.928489
0.886942
0.875161
0.890766
0.915387
0.935714
0.944005
0.935131
0.911193
0.888074
0.884992
0.901223
0.92173
0.936451
0.941309
0.933171
0.909514
0.872295
0.832748
0.808855
0.812201
0.837749
0.868901
0.891316
0.899871
0.897178
0.889381
0.880955
0.872974
0.86711
0.866661
0.87153
0.877099
0.879189
0.877007
0.872445
0.868477
0.86786
0.871973
0.880031
0.889117
0.895251
0.894775
0.885393
0.866822
0.841201
0.813159
0.789033
0.774818
0.773538
0.783775
0.800661
0.818575
0.833438
0.843396
0.84824
0.848613
0.845547
0.840406
0.834552
0.828632
0.822114
0.81392
0.803891
0.793748
0.786465
0.784268
0.78702
0.792645
0.798888
0.804533
0.809429
0.813936
0.818323
0.822383
0.825416
0.826517
0.825055
0.821001
0.814924
0.807781
0.800674
0.794599
0.790279
0.788037
0.787732
0.788838
0.790712
0.792853
0.79518
0.797982
0.801569
0.805846
0.810123
0.813255
0.814063
0.811734
0.806108
0.797799
0.788173
0.779149
0.772503
0.76894
0.767596
0.766584
0.764183
0.759568
0.752954
0.745517
0.739456
0.737834
0.743482
0.757267
0.777172
0.799454
0.82041
0.837365
0.848919
0.854909
0.856291
0.854902
0.852921
0.852341
0.854498
0.859725
0.86705
0.874454
0.879638
0.880954
0.877901
0.871014
0.861501
0.85068
0.83949
0.828366
0.817368
0.806488
0.795875
0.785806
0.776646
0.768831
0.762891
0.759406
0.758879
0.761527
0.767236
0.775646
0.786177
0.79796
0.80983
0.820578
0.829551
0.837132
0.844375
0.851837
0.858816
0.86377
0.86529
0.862599
0.855633
0.845093
0.832479
0.819777
0.808766
0.800415
0.794887
0.791881
0.790941
0.791554
0.793226
0.795723
0.799318
0.804779
0.81281
0.823295
0.835038
0.846194
0.854985
0.86006
0.860699
0.856847
0.849191
0.839175
0.828867
0.820425
0.815396
0.814182
0.816064
0.819678
0.823522
0.826318
0.827207
0.825855
0.822435
0.817484
0.811693
0.805704
0.800013
0.794949
0.790733
0.787517
0.785432
0.784621
0.785144
0.786881
0.789594
0.793114
0.797575
0.803417
0.811168
0.821108
0.832974
0.846009
0.859176
0.871464
0.882041
0.890357
0.89614
0.899296
0.899804
0.897584
0.892477
0.884356
0.873207
0.859265
0.8431
0.825729
0.808639
0.793792
0.783366
0.77909
0.781382
0.788916
0.79917
0.809519
0.81804
0.82384
0.827075
0.828659
0.829846
0.831674
0.83456
0.838188
0.841702
0.843965
0.843815
0.840425
0.833515
0.823542
0.811648
0.799382
0.788306
0.779551
0.773552
0.770139
0.768768
0.768756
0.769424
0.770335
0.771292
0.772271
0.77344
0.77543
0.779498
0.786954
0.798012
0.811413
0.825152
0.837577
0.847787
0.855554
0.861036
0.864505
0.866187
0.866219
0.864667
0.861626
0.857318
0.852072
0.846217
0.839867
0.832721
0.824168
0.813676
0.801294
0.787931
0.775089
0.764232
0.756289
0.751753
0.751039
0.754396
0.761408
0.770881
0.781351
0.791655
0.801047
0.809099
0.815504
0.819983
0.822379
0.82278
0.821595
0.819434
0.816777
0.813838
0.810724
0.807731
0.805405
0.804327
0.804636
0.805759
0.806459
0.805248
0.800828
0.792606
0.780964
0.76734
0.753918
0.742979
0.736298
0.734939
0.739293
0.748939
0.762651
0.778796
0.795934
0.813266
0.830561
0.847838
0.864994
0.881581
0.89676
0.909431
0.918532
0.923274
0.923298
0.918595
0.909409
0.896193
0.879862
0.86203
0.844804
0.830017
0.818498
0.810009
0.80375
0.798906
0.794775
0.790638
0.785827
0.780055
0.77383
0.768536
0.76596
0.767495
0.77355
0.783479
0.795732
0.808187
0.818821
0.826304
0.830161
0.830481
0.827621
0.822228
0.815425
0.808831
0.804153
0.802633
0.804628
0.809621
0.816452
0.823577
0.829317
0.83212
0.830753
0.824623
0.813944
0.799888
0.784497
0.770277
0.759386
0.752875
0.75047
0.751013
0.753268
0.75656
0.760841
0.76621
0.77248
0.779082
0.785416
0.791282
0.797144
0.803979
0.812682
0.823356
0.834922
0.845578
0.853518
0.857457
0.856676
0.850967
0.84053
0.826189
0.809636
0.79357
0.781267
0.775587
0.777854
0.787263
0.801277
0.816592
0.830138
0.839638
0.843992
0.843393
0.839243
0.833729
0.829036
0.826649
0.82699
0.829549
0.833367
0.837536
0.841527
0.845273
0.849022
0.853121
0.85774
0.862647
0.867178
0.870421
0.871615
0.87044
0.867107
0.862222
0.856477
0.850365
0.844096
0.837612
0.830768
0.823505
0.815924
0.808245
0.800748
0.793763
0.787637
0.782535
0.77823
0.774117
0.769606
0.764662
0.760042
0.757081
0.757082
0.760735
0.767722
0.776857
0.786499
0.794993
0.800826
0.802925
0.801345
0.798184
0.797057
0.800284
0.806584
0.812457
0.815178
0.814006
0.809635
0.803358
0.796562
0.790458
0.785852
0.783014
0.781744
0.781662
0.78245
0.78388
0.785673
0.787354
0.788235
0.787631
0.785182
0.781136
0.776482
0.77279
0.771648
0.773871
0.778958
0.785352
0.791317
0.795563
0.797435
0.796793
0.793853
0.78928
0.784306
0.780722
0.780437
0.784702
0.793435
0.805287
0.818327
0.830768
0.841263
0.848965
0.853423
0.854604
0.852983
0.849565
0.845594
0.842173
0.839848
0.838582
0.83801
0.83775
0.837578
0.837433
0.837257
0.836918
0.836161
0.834837
0.833085
0.831411
0.830564
0.831168
0.833552
0.837728
0.843322
0.849445
0.854673
0.85741
0.856363
0.85094
0.84136
0.828537
0.813844
0.798819
0.785057
0.774174
0.76771
0.76668
0.771012
0.779393
0.789677
0.799558
0.807164
0.811399
0.812025
0.809554
0.805086
0.80011
0.796179
0.794465
0.795309
0.797939
0.800819
0.802301
0.801163
0.796821
0.789361
0.779486
0.768428
0.757679
0.748614
0.74212
0.738551
0.737868
0.739876
0.744305
0.750658
0.757909
0.764523
0.768902
0.770117
0.768491
0.765596
0.763588
0.764189
0.76793
0.774086
0.781157
0.787462
0.791496
0.792169
0.789095
0.782702
0.774154
0.764748
0.754993
0.744219
0.731366
0.716134
0.699554
0.683771
0.671457
0.664985
0.665587
0.672814
0.684775
0.69893
0.712944
0.725182
0.734913
0.742265
0.74799
0.753155
0.758776
0.765516
0.773564
0.782662
0.792243
0.801632
0.810177
0.817383
0.822939
0.826733
0.828769
0.829054
0.827468
0.823738
0.817537
0.8088
0.797997
0.786281
0.775218
0.766297
0.760352
0.757357
0.756684
0.757661
0.759884
0.763173
0.767333
0.772017
0.776716
0.780917
0.78427
0.786717
0.7885
0.789993
0.79145
0.79278
0.793371
0.792235
0.788341
0.781029
0.770311
0.757026
0.742784
0.729842
0.720818
0.718127
0.723007
0.734662
0.750387
0.766833
0.781333
0.792532
0.800326
0.805547
0.809499
0.813572
0.81886
0.825872
0.834422
0.843757
0.852822
0.860568
0.866205
0.86929
0.869736
0.867755
0.863728
0.858083
0.85124
0.843651
0.835951
0.828973
0.823531
0.819973
0.817954
0.816645
0.815202
0.813195
0.810589
0.807515
0.804036
0.800169
0.79589
0.791153
0.785815
0.77963
0.772393
0.764176
0.755525
0.747479
0.741385
0.738619
0.740339
0.747191
0.758943
0.774385
0.791524
0.808142
0.822316
0.832888
0.839695
0.843401
0.845076
0.845457
0.844548
0.841814
0.836793
0.829537
0.82071
0.811305
0.80235
0.794719
0.789088
0.785896
0.785348
0.787333
0.791441
0.796871
0.802425
0.806718
0.808645
0.807814
0.804819
0.801112
0.798434
0.797958
0.799641
0.80239
0.805042
0.807254
0.809603
0.812847
0.817151
0.821898
0.826041
0.828561
0.828739
0.826213
0.820934
0.813124
0.803279
0.792142
0.780626
0.769592
0.75962
0.75093
0.743532
0.73749
0.733136
0.731021
0.731724
0.735523
0.742173
0.750904
0.760784
0.77111
0.781552
0.791996
0.802191
0.811555
0.819203
0.824137
0.825441
0.822508
0.815162
0.803786
0.789375
0.773553
0.758324
0.745722
0.737345
0.734018
0.735701
0.741585
0.750351
0.760557
0.771052
0.781205
0.790879
0.800107
0.808758
0.816444
0.822621
0.826809
0.828746
0.828402
0.825888
0.821447
0.815402
0.808187
0.800324
0.792431
0.785246
0.779596
0.776269
0.775763
0.778117
0.782939
0.789653
0.79765
0.806289
0.814779
0.82216
0.827374
0.829434
0.827749
0.822449
0.81468
0.806261
0.798593
0.791535
0.783699
0.773895
0.762134
0.749558
0.737763
0.728278
0.722207
0.720153
0.722165
0.727787
0.736266
0.746742
0.758349
0.770237
0.78163
0.791836
0.800223
0.806228
0.809417
0.809714
0.807444
0.803339
0.798305
0.793248
0.788934
0.785875
0.784383
0.784578
0.786382
0.789458
0.793133
0.796611
0.799246
0.80075
0.80116
0.800696
0.799535
0.797719
0.795178
0.791831
0.787769
0.783321
0.778982
0.77516
0.771884
0.768869
0.765854
0.762907
0.760409
0.758806
0.758284
0.758692
0.75976
0.761301
0.7634
0.766331
0.770261
0.774891
0.779304
0.782193
0.782323
0.778974
0.772165
0.76262
0.751561
0.740393
0.730414
0.722513
0.717092
0.714105
0.71332
0.714543
0.717822
0.723435
0.731629
0.742287
0.754848
0.768462
0.782304
0.795767
0.808406
0.819731
0.829002
0.835354
0.838218
0.837726
0.834979
0.831856
0.830492
0.832685
0.83945
0.850881
0.866149
0.88361
0.901098
0.916386
0.927639
0.933688
0.93403
0.928592
0.917403
0.900513
0.878149
0.851259
0.822228
0.795039
0.773847
0.760319
0.753105
0.75038
0.751895
0.758419
0.770188
0.786132
0.804154
0.821925
0.837506
0.849532
0.85707
0.859518
0.85669
0.848962
0.837394
0.823551
0.809097
0.795401
0.783381
0.773712
0.766972
0.763639
0.763801
0.767014
0.772421
0.779018
0.785915
0.792412
0.797948
0.801999
0.803953
0.803187
0.799298
0.79236
0.782888
0.771458
0.75843
0.744112
0.729179
0.714802
0.702436
0.693616
0.69005
0.873125
0.881683
0.892727
0.902561
0.90776
0.906801
0.900321
0.890449
0.879948
0.871455
0.867085
0.868152
0.874923
0.886335
0.900237
0.914108
0.926011
0.935085
0.94146
0.945659
0.947802
0.947379
0.943741
0.936783
0.927256
0.916615
0.906824
0.900235
0.898963
0.903681
0.912894
0.923704
0.93341
0.940501
0.944619
0.945985
0.944851
0.941347
0.935464
0.927256
0.916972
0.905263
0.893262
0.882286
0.873365
0.86685
0.86233
0.858976
0.856049
0.853279
0.850952
0.849678
0.849936
0.851767
0.854688
0.857927
0.860766
0.863016
0.865223
0.868395
0.873397
0.88047
0.88909
0.898202
0.906688
0.913833
0.91956
0.924098
0.927312
0.928245
0.925379
0.917508
0.904678
0.888785
0.873438
0.863014
0.860833
0.86749
0.880644
0.896612
0.912182
0.925425
0.935664
0.943161
0.948779
0.953506
0.957951
0.962074
0.965353
0.967212
0.967392
0.965992
0.963202
0.959041
0.95321
0.945272
0.934984
0.92279
0.910098
0.898797
0.890131
0.883966
0.879166
0.874553
0.869436
0.863657
0.857524
0.851851
0.847803
0.846531
0.848601
0.853564
0.860075
0.866426
0.871337
0.874511
0.876648
0.878778
0.881319
0.883666
0.884549
0.882722
0.877496
0.869004
0.858262
0.846962
0.837063
0.830335
0.828147
0.831407
0.840323
0.854194
0.871492
0.890266
0.908605
0.925067
0.938908
0.950084
0.958993
0.966021
0.971138
0.973625
0.97227
0.96601
0.954838
0.940525
0.926584
0.917314
0.916092
0.923645
0.937549
0.953721
0.968637
0.980302
0.987748
0.990223
0.98684
0.976787
0.959886
0.937386
0.912336
0.889067
0.871452
0.861271
0.858048
0.860073
0.865392
0.872202
0.878934
0.884351
0.887735
0.888934
0.888429
0.88721
0.88655
0.887593
0.890903
0.896295
0.903274
0.911612
0.921387
0.93241
0.943462
0.952338
0.956835
0.955702
0.949007
0.937837
0.92393
0.909394
0.896646
0.888175
0.886037
0.891183
0.90309
0.920052
0.939782
0.960142
0.97946
0.996555
1.01066
1.02126
1.028
1.03049
1.02821
1.02055
1.00706
0.987767
0.963742
0.937907
0.915492
0.90259
0.902266
0.912313
0.927694
0.944234
0.959835
0.973789
0.986008
0.9966
1.00556
1.01256
1.01688
1.01771
1.01435
1.00658
0.994875
0.980662
0.96631
0.954495
0.947131
0.944562
0.945759
0.949081
0.95282
0.955396
0.955543
0.952702
0.947363
0.941056
0.935607
0.932094
0.930301
0.929132
0.927563
0.925363
0.923202
0.922235
0.923409
0.926805
0.931451
0.935632
0.937392
0.934941
0.926955
0.912855
0.892976
0.868668
0.842153
0.81619
0.793605
0.776711
0.766772
0.763723
0.766439
0.773426
0.78346
0.795914
0.810594
0.827431
0.846222
0.866447
0.887173
0.90702
0.924409
0.937918
0.946651
0.95036
0.949533
0.945274
0.939091
0.932556
0.92695
0.922974
0.920693
0.919609
0.918893
0.917658
0.915225
0.911462
0.906892
0.902573
0.899586
0.898564
0.899483
0.901842
0.904937
0.907946
0.909913
0.909671
0.906107
0.898668
0.887796
0.874877
0.861706
0.84969
0.839597
0.831897
0.827212
0.826349
0.829846
0.8374
0.847733
0.858953
0.869154
0.876813
0.880965
0.881239
0.877817
0.871468
0.863407
0.854999
0.847534
0.842293
0.840891
0.845321
0.857243
0.876649
0.901163
0.926639
0.948552
0.963232
0.968476
0.963599
0.949278
0.927242
0.899954
0.870335
0.841593
0.817096
0.79989
0.791742
0.792083
0.798022
0.805806
0.812622
0.817531
0.821482
0.826565
0.834839
0.847154
0.862747
0.879705
0.89587
0.909492
0.919481
0.925335
0.927073
0.925211
0.920772
0.915189
0.909835
0.905334
0.901384
0.89738
0.893263
0.889836
0.888287
0.889443
0.893373
0.899401
0.906443
0.913391
0.919362
0.923785
0.926386
0.927079
0.925957
0.923222
0.919197
0.914323
0.909047
0.903713
0.898427
0.893266
0.888538
0.885063
0.884145
0.887294
0.895629
0.908981
0.925297
0.941202
0.953436
0.960133
0.961271
0.95828
0.95327
0.948296
0.944971
0.944212
0.94599
0.949454
0.953414
0.956605
0.957737
0.955519
0.94884
0.937087
0.920563
0.90076
0.88041
0.863226
0.853105
0.852608
0.861576
0.877237
0.895886
0.914461
0.931079
0.944764
0.95506
0.96172
0.964595
0.963719
0.959449
0.952576
0.944242
0.935639
0.92772
0.921161
0.916477
0.914139
0.91448
0.91753
0.92288
0.929725
0.937078
0.944044
0.949963
0.954404
0.957106
0.957868
0.956531
0.953093
0.9478
0.94114
0.933799
0.926559
0.920271
0.915802
0.913826
0.914641
0.918082
0.923459
0.929505
0.934643
0.937434
0.937171
0.934071
0.929141
0.923733
0.919148
0.91633
0.915874
0.918064
0.922825
0.929589
0.937348
0.944839
0.950928
0.955
0.957172
0.95816
0.958924
0.960209
0.962141
0.964121
0.965072
0.963983
0.960379
0.954461
0.946919
0.938589
0.93019
0.922201
0.914892
0.908317
0.902451
0.897331
0.893102
0.889968
0.888022
0.887106
0.886936
0.887271
0.888038
0.889182
0.890372
0.890765
0.889278
0.885329
0.879519
0.873713
0.870291
0.870938
0.875992
0.8846
0.895375
0.906766
0.917157
0.925009
0.929173
0.929264
0.925872
0.920462
0.915016
0.91153
0.91161
0.916082
0.924777
0.93648
0.94922
0.960795
0.96944
0.974206
0.974977
0.972291
0.967114
0.960636
0.954046
0.948276
0.943777
0.940442
0.937759
0.935112
0.931911
0.927648
0.922099
0.915467
0.90835
0.901463
0.895196
0.889426
0.883689
0.877608
0.871308
0.865443
0.860963
0.858758
0.859263
0.862332
0.867435
0.874027
0.881912
0.891273
0.902149
0.913733
0.92443
0.933011
0.939535
0.945098
0.950757
0.956562
0.961645
0.964954
0.965877
0.964534
0.961657
0.95834
0.955709
0.954745
0.956058
0.95981
0.965639
0.972636
0.979482
0.98477
0.987342
0.986634
0.982727
0.976115
0.967539
0.957745
0.947433
0.937286
0.928032
0.920403
0.915013
0.912242
0.9122
0.914846
0.920113
0.927699
0.936772
0.946039
0.954249
0.960546
0.96446
0.965654
0.963886
0.959065
0.95136
0.941239
0.929449
0.917132
0.905802
0.897188
0.892796
0.89336
0.898456
0.906566
0.915666
0.924082
0.931203
0.937565
0.944338
0.952352
0.961356
0.96994
0.97609
0.977957
0.974463
0.965585
0.95246
0.937507
0.924247
0.916203
0.914784
0.918246
0.923028
0.926239
0.927032
0.926452
0.926185
0.927138
0.928918
0.930432
0.930855
0.930146
0.928861
0.927488
0.925882
0.923154
0.918158
0.910033
0.898686
0.885031
0.871218
0.860583
0.856699
0.861561
0.874282
0.891691
0.910088
0.926777
0.94058
0.951538
0.960137
0.96662
0.970591
0.971297
0.968166
0.961358
0.951781
0.940804
0.92984
0.920129
0.912654
0.908093
0.906773
0.908692
0.913517
0.920578
0.928802
0.936972
0.944103
0.9497
0.953787
0.956597
0.95817
0.958013
0.955005
0.947671
0.934854
0.916671
0.895286
0.874601
0.858465
0.849016
0.84677
0.851313
0.861251
0.874121
0.887249
0.89894
0.908889
0.91765
0.925851
0.933681
0.940917
0.947228
0.952445
0.956637
0.959903
0.962069
0.962602
0.960806
0.956203
0.94898
0.940251
0.931865
0.925558
0.921849
0.919818
0.917837
0.914233
0.907565
0.897178
0.883941
0.870441
0.85983
0.854131
0.853328
0.855964
0.860333
0.865007
0.868807
0.870767
0.870443
0.868343
0.865984
0.865283
0.867443
0.872382
0.879112
0.886783
0.895296
0.905263
0.917344
0.931399
0.946126
0.959607
0.970171
0.976689
0.978451
0.974997
0.966169
0.95238
0.934779
0.91505
0.894848
0.875412
0.857478
0.841536
0.827786
0.815923
0.805171
0.794723
0.784395
0.77502
0.768254
0.765817
0.768678
0.776461
0.787407
0.799087
0.809449
0.817843
0.825478
0.834836
0.848028
0.86528
0.884804
0.904013
0.920837
0.934218
0.944009
0.95062
0.954574
0.956191
0.955457
0.95229
0.946858
0.939856
0.932433
0.92588
0.921224
0.918946
0.918786
0.919875
0.921017
0.920979
0.918822
0.914203
0.907769
0.90138
0.897503
0.897675
0.901026
0.904679
0.905777
0.903004
0.896792
0.888597
0.8801
0.872783
0.867878
0.866584
0.869907
0.877964
0.889357
0.901481
0.911439
0.916993
0.917009
0.911637
0.902248
0.891266
0.881635
0.876059
0.876199
0.882042
0.891739
0.902216
0.910313
0.913849
0.911973
0.904826
0.893201
0.878545
0.86329
0.850822
0.844612
0.846723
0.856926
0.873134
0.892626
0.912977
0.93217
0.948521
0.960615
0.967392
0.968379
0.963796
0.95461
0.942436
0.929264
0.917048
0.907288
0.900844
0.898013
0.898851
0.903389
0.911468
0.922317
0.934119
0.944286
0.950357
0.950975
0.946184
0.937126
0.925515
0.913118
0.901331
0.891081
0.882955
0.877434
0.874918
0.875475
0.878626
0.883351
0.888322
0.892348
0.894677
0.89512
0.894
0.892135
0.890771
0.891204
0.893819
0.897271
0.89914
0.898009
0.895179
0.894269
0.898509
0.908573
0.922851
0.938769
0.953552
0.964655
0.970353
0.970606
0.967318
0.963262
0.960406
0.959435
0.960474
0.963626
0.968792
0.975623
0.98362
0.992144
1.00019
1.00618
1.00811
1.00423
0.99402
0.978789
0.961425
0.945205
0.932253
0.922876
0.916243
0.911587
0.909026
0.90956
0.914183
0.923035
0.935103
0.948506
0.961066
0.970822
0.976391
0.977126
0.973143
0.9652
0.954484
0.942363
0.929964
0.917823
0.905672
0.892564
0.877382
0.859574
0.839692
0.819644
0.802581
0.79254
0.793402
0.806749
0.830004
0.857528
0.883954
0.906224
0.923422
0.935721
0.943625
0.947656
0.948348
0.946044
0.940581
0.931398
0.918248
0.902195
0.885919
0.87258
0.864176
0.860897
0.861919
0.866452
0.874016
0.884082
0.895666
0.907399
0.918033
0.92685
0.933792
0.939149
0.943151
0.945657
0.94616
0.944062
0.939068
0.931323
0.921361
0.909845
0.897423
0.884814
0.872992
0.86324
0.856917
0.85518
0.858701
0.867448
0.88062
0.896851
0.91451
0.931957
0.947737
0.960663
0.969834
0.974589
0.974359
0.968692
0.957357
0.940602
0.919563
0.896522
