0 -6.04537 0.107822
1 -5.809 0.183269
2 -5.72457 0.140598
3 -5.68879 0.109923
4 -5.66137 0.0913347
5 -5.65005 0.0768168
6 -5.63366 0.0677158
7 -5.61257 0.0624546
8 -5.60119 0.0565661
9 -5.59166 0.0517116
10 -5.58459 0.0475188
11 -5.57757 0.0441318
12 -5.57542 0.0408043
13 -5.57278 0.0379814
14 -5.57442 0.0355065
15 -5.57392 0.0333065
16 -5.57809 0.0316638
17 -5.58059 0.0300343
18 -5.5817 0.028476
19 -5.58133 0.0270801
20 -5.57907 0.0258894
21 -5.57523 0.0250922
22 -5.57208 0.0242485
23 -5.57054 0.0232989
24 -5.56682 0.0226655
25 -5.56477 0.0218869
26 -5.56177 0.0212919
27 -5.56014 0.0206191
28 -5.55908 0.0199448
29 -5.55627 0.0194787
30 -5.5543 0.018952
31 -5.55085 0.0186798
32 -5.54859 0.0182925
33 -5.54885 0.0177603
34 -5.54725 0.017328
35 -5.54692 0.0168618
36 -5.54493 0.0165686
37 -5.54399 0.0161799
38 -5.54208 0.0158891
39 -5.54039 0.0155845
40 -5.53849 0.0153309
41 -5.54023 0.0150792
42 -5.54041 0.0147366
43 -5.53921 0.014459
44 -5.53727 0.0142676
45 -5.53558 0.0140587
46 -5.53257 0.0140823
47 -5.53168 0.013838
48 -5.53133 0.0135606
49 -5.53028 0.0133328
50 -5.52926 0.0131108
51 -5.52744 0.0129865
52 -5.52623 0.0128044
53 -5.52554 0.0125865
54 -5.52487 0.0123767
55 -5.5246 0.012168
56 -5.52447 0.0119641
57 -5.52391 0.0117724
58 -5.52365 0.0115782
59 -5.52309 0.0113994
60 -5.52157 0.0113163
61 -5.52105 0.0111514
62 -5.52071 0.0109808
63 -5.51954 0.0108773
64 -5.51804 0.0108145
65 -5.51604 0.0108376
66 -5.51469 0.01076
67 -5.51388 0.0106356
68 -5.51445 0.010504
69 -5.51444 0.010368
70 -5.51393 0.0102407
71 -5.51351 0.0101184
72 -5.51239 0.0100442
73 -5.51206 0.0099149
74 -5.51101 0.00984194
75 -5.50976 0.00979333
76 -5.50871 0.00973024
77 -5.50894 0.00961049
78 -5.50872 0.00949457
79 -5.50795 0.00940731
80 -5.5076 0.00930647
81 -5.50788 0.00920035
82 -5.50669 0.00917652
83 -5.50578 0.00912395
84 -5.50575 0.0090172
85 -5.50529 0.00892407
86 -5.50498 0.00883043
87 -5.50513 0.00873485
88 -5.50397 0.00871935
89 -5.50315 0.00867271
90 -5.50262 0.00860179
91 -5.50175 0.00855702
92 -5.50242 0.0084993
93 -5.50281 0.00842262
94 -5.50238 0.00834645
95 -5.50189 0.00827429
96 -5.5015 0.0081984
97 -5.50101 0.00812982
98 -5.50082 0.00805251
99 -5.50087 0.00797286
0 -5.3628 0.0701985
1 -5.27275 0.0735387
2 -5.23128 0.0606862
3 -5.24223 0.050028
4 -5.23131 0.0427205
5 -5.22674 0.035953
6 -5.22029 0.0314247
7 -5.23001 0.0296514
8 -5.23688 0.0271604
9 -5.23376 0.0250222
10 -5.2288 0.023472
11 -5.23449 0.0223558
12 -5.23249 0.0211854
13 -5.22787 0.0201969
14 -5.22348 0.0194124
15 -5.22003 0.0185893
16 -5.21757 0.0176918
17 -5.21775 0.0167422
18 -5.21532 0.0160966
19 -5.22051 0.0161762
20 -5.21966 0.0157236
21 -5.21602 0.0154288
22 -5.21311 0.0150336
23 -5.21138 0.0145094
24 -5.21025 0.0140065
25 -5.21345 0.0139139
26 -5.21693 0.0139527
27 -5.21765 0.0134773
28 -5.21671 0.0130568
29 -5.21702 0.0126386
30 -5.21737 0.0122787
31 -5.21358 0.0124913
32 -5.21483 0.0122531
33 -5.21554 0.0119288
34 -5.21288 0.0119322
35 -5.21193 0.0117619
36 -5.21492 0.011821
37 -5.21655 0.0116635
38 -5.21528 0.0115104
39 -5.21658 0.0113136
40 -5.21525 0.0111216
41 -5.21228 0.0112778
42 -5.2103 0.0112284
43 -5.21058 0.0109791
44 -5.21075 0.0107398
45 -5.21236 0.0106447
46 -5.21375 0.0105224
47 -5.21282 0.0103561
48 -5.21318 0.0101552
49 -5.21234 0.0100299
50 -5.20944 0.0102473
51 -5.20904 0.0100905
52 -5.20803 0.00998781
53 -5.20559 0.0101041
54 -5.20481 0.00995738
55 -5.20692 0.0100395
56 -5.20702 0.0100033
57 -5.20453 0.0101496
58 -5.2049 0.0100153
59 -5.20604 0.00993015
60 -5.20595 0.0097721
61 -5.20584 0.00962138
62 -5.20627 0.00948903
63 -5.20459 0.00949834
64 -5.20377 0.00938947
65 -5.20502 0.00936656
66 -5.20697 0.00943452
67 -5.20665 0.00932172
68 -5.20718 0.00921315
69 -5.20765 0.00910377
70 -5.2065 0.0090546
71 -5.20741 0.0089908
72 -5.20649 0.00896172
73 -5.20495 0.00901702
74 -5.2047 0.00891133
75 -5.20501 0.00881981
76 -5.20564 0.00873334
77 -5.20511 0.00864441
78 -5.20397 0.00861126
79 -5.20302 0.00855663
80 -5.20256 0.00846492
81 -5.20251 0.00836283
82 -5.20296 0.00827445
83 -5.20361 0.00820365
84 -5.20363 0.00811899
85 -5.20384 0.00803465
86 -5.20388 0.00794291
87 -5.20376 0.00785554
88 -5.20364 0.00778669
89 -5.20187 0.00790302
90 -5.20212 0.00784405
91 -5.20268 0.00779063
92 -5.20168 0.00777625
93 -5.20074 0.00775153
94 -5.20036 0.00768062
95 -5.20096 0.00764181
96 -5.20148 0.00759187
97 -5.20179 0.0075416
98 -5.2026 0.00752135
99 -5.20255 0.00744947
0 -5.17263 0.148708
1 -5.26946 0.131908
2 -5.299 0.0973388
3 -5.30441 0.0737642
4 -5.29314 0.0626481
5 -5.28817 0.0525169
6 -5.28419 0.0452392
7 -5.26564 0.0440574
8 -5.25552 0.040385
9 -5.24002 0.0392512
10 -5.23043 0.0368823
11 -5.21902 0.0355431
12 -5.20947 0.0341557
13 -5.19549 0.0344879
14 -5.19382 0.032388
15 -5.19619 0.0304751
16 -5.18991 0.0294761
17 -5.18455 0.0284726
18 -5.18525 0.0270206
19 -5.18092 0.0260184
20 -5.18128 0.0248196
21 -5.17968 0.0237466
22 -5.17647 0.0229567
23 -5.17403 0.0221853
24 -5.17775 0.0216265
25 -5.17576 0.0210173
26 -5.17467 0.0202804
27 -5.17327 0.0196657
28 -5.16891 0.019465
29 -5.16844 0.018914
30 -5.16943 0.01835
31 -5.16567 0.0181991
32 -5.16414 0.0177411
33 -5.16294 0.0172621
34 -5.15942 0.0171811
35 -5.15918 0.0168933
36 -5.16262 0.0168393
37 -5.16094 0.0164997
38 -5.15914 0.0162162
39 -5.15834 0.0158368
40 -5.15718 0.015538
41 -5.15416 0.0154688
42 -5.15416 0.0151458
43 -5.15317 0.0148704
44 -5.15347 0.0145465
45 -5.15439 0.0142684
46 -5.1556 0.0140278
47 -5.1543 0.0138121
48 -5.15231 0.0136873
49 -5.15163 0.0134328
50 -5.1503 0.0132367
51 -5.14871 0.0130796
52 -5.1475 0.0128907
53 -5.14768 0.0126829
54 -5.14826 0.0124662
55 -5.14864 0.01225
56 -5.14894 0.0120671
57 -5.14777 0.0119289
58 -5.147 0.0117526
59 -5.14494 0.0117546
60 -5.14301 0.0117216
61 -5.1417 0.011609
62 -5.13803 0.0120293
63 -5.1355 0.0121276
64 -5.13525 0.0119564
65 -5.1345 0.0118217
66 -5.13321 0.0117203
67 -5.13231 0.0115875
68 -5.13038 0.0116006
69 -5.13071 0.0114517
70 -5.13175 0.0113444
71 -5.13168 0.0111886
72 -5.13043 0.0111163
73 -5.12998 0.0110153
74 -5.13029 0.0108818
75 -5.12984 0.0107499
76 -5.1296 0.0106137
77 -5.12968 0.0104818
78 -5.12806 0.0104818
79 -5.12741 0.0103909
80 -5.12661 0.0103228
81 -5.12574 0.0102521
82 -5.12579 0.0101326
83 -5.1252 0.0100334
84 -5.12516 0.00992164
85 -5.12351 0.009948
86 -5.12303 0.00985603
87 -5.1226 0.00975386
88 -5.12231 0.00964911
89 -5.1214 0.00958573
90 -5.12055 0.00951975
91 -5.1191 0.00953767
92 -5.118 0.00952008
93 -5.11851 0.0094326
94 -5.12045 0.009547
95 -5.1203 0.00950515
96 -5.12053 0.00943511
97 -5.12027 0.00935944
98 -5.11992 0.00927444
99 -5.11857 0.00930394
0 -4.93648 0.0247874
1 -4.95129 0.0319437
2 -4.9668 0.0273155
3 -4.98082 0.0242594
4 -4.967 0.0242753
5 -4.95156 0.0247393
6 -4.95356 0.021887
7 -4.95055 0.0199879
8 -4.96075 0.0205015
9 -4.96775 0.0200921
10 -4.96053 0.0196846
11 -4.95491 0.0189083
12 -4.94786 0.0189763
13 -4.94963 0.0186099
14 -4.95553 0.0185045
15 -4.96328 0.019036
16 -4.95976 0.0183151
17 -4.95853 0.017362
18 -4.96209 0.0168834
19 -4.96421 0.0165803
20 -4.97279 0.0180817
21 -4.97541 0.0176831
22 -4.9822 0.0182566
23 -4.9847 0.01767
24 -4.98543 0.0169801
25 -4.98397 0.0166814
26 -4.97476 0.0184869
27 -4.97511 0.0179894
28 -4.97583 0.0173916
29 -4.97537 0.0168199
30 -4.97221 0.0166592
31 -4.96955 0.0163847
32 -4.96715 0.0161415
33 -4.96757 0.0159486
34 -4.96238 0.0163314
35 -4.96223 0.0159398
36 -4.96194 0.0155169
37 -4.9627 0.0151325
38 -4.96237 0.0147547
39 -4.96443 0.0145473
40 -4.96642 0.0143365
41 -4.96548 0.0140736
42 -4.9675 0.0138999
43 -4.96837 0.0136215
44 -4.9699 0.0134164
45 -4.97063 0.0131505
46 -4.97137 0.0128966
47 -4.97336 0.0127821
48 -4.97402 0.0125653
49 -4.9732 0.012341
50 -4.97215 0.0121503
51 -4.97251 0.0119241
52 -4.97425 0.0118392
53 -4.97509 0.0116563
54 -4.97405 0.0115043
55 -4.97343 0.0113477
56 -4.975 0.0112595
57 -4.97697 0.0112458
58 -4.97802 0.0111313
59 -4.97893 0.0109994
60 -4.97928 0.010854
61 -4.97994 0.0107199
62 -4.9809 0.0106197
63 -4.98131 0.0104617
64 -4.98098 0.0103296
65 -4.98097 0.0102339
66 -4.98175 0.0101321
67 -4.98224 0.0100078
68 -4.9822 0.00992594
69 -4.98156 0.00983712
70 -4.98261 0.00975552
71 -4.98255 0.00962922
72 -4.98115 0.00959982
73 -4.98029 0.0095192
74 -4.98137 0.00946218
75 -4.97948 0.00957806
76 -4.97642 0.00994461
77 -4.9762 0.00986961
78 -4.97675 0.00976603
79 -4.9767 0.0096465
80 -4.97608 0.00955443
81 -4.97578 0.00944762
82 -4.97538 0.00934735
83 -4.97454 0.00929712
84 -4.97525 0.0092268
85 -4.97542 0.00913236
86 -4.97514 0.00904806
87 -4.97464 0.00896018
88 -4.97447 0.00886619
89 -4.97552 0.00882957
90 -4.97712 0.0088809
91 -4.97734 0.00879309
92 -4.97828 0.00875321
93 -4.9772 0.00877593
94 -4.9766 0.00877178
95 -4.97647 0.00870575
96 -4.97624 0.00863503
97 -4.97648 0.00856047
98 -4.97584 0.00851187
99 -4.97654 0.0084683
