-4.53169
-4.53027
-4.52913
-4.52825
-4.52689
-4.5258
-4.52469
-4.52284
-4.5218
-4.52088
-4.52167
-4.52289
-4.52323
-4.52332
-4.52465
-4.52606
-4.5277
-4.52955
-4.53014
-4.53073
-4.5307
-4.53085
-4.53137
-4.53127
-4.53107
-4.53113
-4.53137
-4.53096
-4.53112
-4.53143
-4.53198
-4.53226
-4.53128
-4.53111
-4.53098
-4.53091
-4.53201
-4.53175
-4.53125
-4.53055
-4.53072
-4.53117
-4.53082
-4.53146
-4.53153
-4.53158
-4.53263
-4.5328
-4.53268
-4.53365
-4.53316
-4.53277
-4.53312
-4.53289
-4.53209
-4.53164
-4.53259
-4.53192
-4.53249
-4.53338
-4.53409
-4.5337
-4.53388
-4.53328
-4.53342
-4.53344
-4.53427
-4.53334
-4.5322
-4.53205
-4.53289
-4.53301
-4.53296
-4.53271
-4.5333
-4.53415
-4.53425
-4.53439
-4.53381
-4.53368
-4.53322
-4.53224
-4.53132
-4.53123
-4.53138
-4.53133
-4.53202
-4.53164
-4.53188
-4.53155
-4.53143
-4.53123
-4.53126
-4.53166
-4.53079
-4.53194
-4.53252
-4.53294
-4.53372
-4.53438
-4.5332
-4.53293
-4.53271
-4.53277
-4.53243
-4.53252
-4.5323
-4.5334
-4.53323
-4.53264
-4.53286
-4.53327
-4.53359
-4.53425
-4.53492
-4.53584
-4.53694
-4.5373
-4.53689
-4.53664
-4.53689
-4.53605
-4.53657
-4.53593
-4.53448
-4.53406
-4.53347
-4.53359
-4.53318
-4.53326
-4.53318
-4.53288
-4.53328
-4.53271
-4.53241
-4.53255
-4.53376
-4.53394
-4.53402
-4.53446
-4.53449
-4.53558
-4.53601
-4.53602
-4.53649
-4.53621
-4.53569
-4.53485
-4.5345
-4.53406
-4.53372
-4.53378
-4.53393
-4.53339
-4.53384
-4.53394
-4.53429
-4.53461
-4.53543
-4.53623
-4.53752
-4.53879
-4.53806
-4.53729
-4.53654
-4.53644
-4.53539
-4.53555
-4.53471
-4.53364
-4.53386
-4.53386
-4.53348
-4.53406
-4.53455
-4.53449
-4.53464
-4.53437
-4.53337
-4.53404
-4.53378
-4.53423
-4.53373
-4.53394
-4.53424
-4.53389
-4.53366
-4.53281
-4.5324
-4.53257
-4.53211
-4.53224
-4.53206
-4.53236
-4.53119
-4.53038
-4.52934
-4.53002
-4.53028
-4.53099
-4.5308
-4.53154
-4.53154
-4.53264
-4.53242
-4.53266
-4.53303
-4.53284
-4.5325
-4.53258
-4.53156
-4.53144
-4.53152
-4.53083
-4.5303
-4.5307
-4.53115
-4.53179
-4.53314
-4.53454
-4.53532
-4.53624
-4.53678
-4.53796
-4.53727
-4.53655
-4.53654
-4.53588
-4.53578
-4.53492
-4.53498
-4.53463
-4.53537
-4.53582
-4.53444
-4.53425
-4.53483
-4.53545
-4.53431
-4.53385
-4.53317
-4.53243
-4.53344
-4.53467
-4.53412
-4.53385
-4.53336
-4.53365
-4.53369
-4.53301
-4.53228
-4.53196
-4.53211
-4.53242
-4.53246
-4.53223
-4.53173
-4.532
-4.53197
-4.53176
-4.53179
-4.53146
-4.53216
-4.53182
-4.53234
-4.53269
-4.53319
-4.53321
-4.53419
-4.53427
-4.53521
-4.53515
-4.53547
-4.53675
-4.53659
-4.53559
-4.53604
-4.53581
-4.53615
-4.53588
-4.53472
-4.53436
-4.53422
-4.53428
-4.53392
-4.53447
-4.53409
-4.5334
-4.53286
-4.53295
-4.5325
-4.53274
-4.53187
-4.5326
-4.5337
-4.53389
-4.53432
-4.53432
-4.53464
-4.53516
-4.535
-4.53512
-4.53419
-4.53388
-4.53327
-4.53177
-4.53164
-4.53139
-4.53133
-4.53101
-4.53118
-4.53134
-4.53134
-4.53071
-4.53143
-4.53035
-4.53081
-4.53089
-4.53047
-4.53136
-4.5331
-4.53367
-4.53407
-4.53469
-4.53445
-4.535
-4.53424
-4.53474
-4.53501
-4.53449
-4.53455
-4.5337
-4.53328
-4.53285
-4.53225
-4.5327
-4.53331
-4.53231
-4.53185
-4.53103
-4.53214
-4.53303
-4.53201
-4.53147
-4.53199
-4.53281
-4.53211
-4.53276
-4.53296
-4.53328
-4.53221
-4.53171
-4.53193
-4.53245
-4.53158
-4.532
-4.53186
-4.53156
-4.53109
-4.53065
-4.53002
-4.52912
-4.52928
-4.52951
-4.53033
-4.53117
-4.53305
-4.53344
-4.53385
-4.53414
-4.53435
-4.53461
-4.53447
-4.53488
-4.53499
-4.5344
-4.5336
-4.53354
-4.53169
-4.53096
-4.53079
-4.53002
-4.53032
-4.53109
-4.53168
-4.53249
-4.53268
-4.53234
-4.53236
-4.53261
-4.53284
-4.53371
-4.53432
-4.53475
-4.534
-4.53458
-4.53471
-4.53567
-4.53545
-4.53487
-4.53412
-4.53413
-4.5331
-4.53254
-4.53228
-4.53274
-4.53387
-4.53451
-4.53458
-4.53429
-4.53481
-4.53537
-4.53601
-4.53526
-4.53517
-4.5337
-4.53303
-4.53309
-4.53224
-4.53189
-4.53247
-4.53201
-4.53227
-4.53272
-4.533
-4.53246
-4.53303
-4.5329
-4.53238
-4.53257
-4.53302
-4.53348
-4.53336
-4.53329
-4.53327
-4.53286
-4.53373
-4.53405
-4.53395
-4.53444
-4.53427
-4.53508
-4.53429
-4.53451
-4.53366
-4.53317
-4.53368
-4.53398
-4.53388
-4.53409
-4.53363
-4.53352
-4.53405
-4.53418
-4.53396
-4.5334
-4.53375
-4.53246
-4.53256
-4.53164
-4.53077
-4.52981
-4.53043
-4.5304
-4.5302
-4.53074
-4.53185
-4.53211
-4.53251
-4.53311
-4.5334
-4.53367
-4.53256
-4.53208
-4.53135
-4.53102
-4.52977
-4.52957
-4.52835
-4.52867
-4.52892
-4.5285
-4.52863
-4.52976
-4.53078
-4.5303
-4.53084
-4.53147
-4.53127
-4.53129
-4.53049
-4.52936
-4.52918
-4.52895
-4.52963
-4.53015
-4.53001
-4.52987
-4.53057
-4.53055
-4.52981
-4.52959
-4.52992
-4.52963
-4.52936
-4.52925
-4.52931
-4.52934
-4.52951
-4.52981
-4.52922
-4.52942
-4.52999
-4.53124
-4.53212
-4.53261
-4.53346
-4.53387
-4.53351
-4.53326
-4.53386
-4.5341
-4.5334
-4.53433
-4.53452
-4.53606
-4.53562
-4.53514
-4.53443
-4.53409
-4.53277
-4.53233
-4.53283
-4.53311
-4.53352
-4.53374
-4.53347
-4.53431
-4.53546
-4.53534
-4.53542
-4.53523
-4.53507
-4.53453
-4.53427
-4.53434
-4.53404
-4.53387
-4.5349
-4.53518
-4.536
-4.53608
-4.53595
-4.53737
-4.53684
-4.53726
-4.53759
-4.53849
-4.53842
-4.53816
-4.5386
-4.53871
-4.53761
-4.53699
-4.53769
-4.53748
-4.53715
-4.53772
-4.53762
-4.53794
-4.53905
-4.53916
-4.53831
-4.53747
-4.53773
-4.53756
-4.53767
-4.53818
-4.53906
-4.53911
-4.53938
-4.53885
-4.53876
-4.53794
-4.53762
-4.53689
-4.53654
-4.53642
-4.53655
-4.53737
-4.53702
-4.53786
-4.53772
-4.53778
-4.5377
-4.53781
-4.53692
-4.53614
-4.5361
-4.53536
-4.53533
-4.53526
-4.53565
-4.53617
-4.53651
-4.53692
-4.5366
-4.53702
-4.53677
-4.53672
-4.53671
-4.53614
-4.53545
-4.53514
-4.53509
-4.53487
-4.53467
-4.53419
-4.53419
-4.53436
-4.53516
-4.5346
-4.53452
-4.5346
-4.5341
-4.53363
-4.53378
-4.53484
-4.53515
-4.53573
-4.53523
-4.53515
-4.5349
-4.53449
-4.53455
-4.5351
-4.53449
-4.53426
-4.53455
-4.53477
-4.53459
-4.5352
-4.53503
-4.5348
-4.53506
-4.53502
-4.53496
-4.53431
-4.53388
-4.53376
-4.53328
-4.53341
-4.53237
-4.53241
-4.53288
-4.53235
-4.53307
-4.53316
-4.53334
-4.53417
-4.5344
-4.53389
-4.53387
-4.53303
-4.53235
-4.53124
-4.53156
-4.53241
-4.53242
-4.53277
-4.53316
-4.53385
-4.53347
-4.53369
-4.53391
-4.53474
-4.53378
-4.53376
-4.53422
-4.53485
-4.53517
-4.53575
-4.53609
-4.53647
-4.53613
-4.53555
-4.53506
-4.53545
-4.53509
-4.5343
-4.53491
-4.5345
-4.53445
-4.53415
-4.53452
-4.53511
-4.53487
-4.53563
-4.53481
-4.53497
-4.53519
-4.53467
-4.53504
-4.53598
-4.53578
-4.53577
-4.53641
-4.53707
-4.53658
-4.53585
-4.53597
-4.53483
-4.53382
-4.53312
-4.53248
-4.53297
-4.53194
-4.53183
-4.53174
-4.53178
-4.53237
-4.53268
-4.53233
-4.53218
-4.53298
-4.53306
-4.53305
-4.53345
-4.53277
-4.53255
-4.53281
-4.53252
-4.5333
-4.53378
-4.53373
-4.53328
-4.53239
-4.53155
-4.53112
-4.53042
-4.5303
-4.53049
-4.53009
-4.5303
-4.53078
-4.53207
-4.53321
-4.53366
-4.5343
-4.53433
-4.53438
-4.53477
-4.53465
-4.53436
-4.53518
-4.53549
-4.53593
-4.53621
-4.53567
-4.5361
-4.53625
-4.53714
-4.53756
-4.5375
-4.53756
-4.5377
-4.53913
-4.53882
-4.53847
-4.539
-4.53849
-4.53904
-4.53794
-4.53876
-4.53816
-4.53808
-4.53716
-4.53545
-4.53497
-4.5344
-4.53424
-4.53448
-4.53496
-4.53563
-4.53541
-4.53536
-4.53502
-4.53556
-4.53636
-4.53589
-4.53644
-4.53594
-4.53641
-4.5359
-4.53591
-4.53652
-4.53678
-4.53696
-4.53677
-4.53734
-4.53648
-4.53695
-4.53771
-4.53856
-4.53878
-4.53859
-4.53837
-4.53858
-4.53759
-4.53803
-4.53678
-4.53719
-4.53763
-4.53735
-4.53709
-4.5364
-4.5356
-4.53573
-4.53514
-4.53534
-4.53466
-4.5343
-4.53456
-4.535
-4.5352
-4.53487
-4.53543
-4.53641
-4.5357
-4.5355
-4.53601
-4.53671
-4.53665
-4.53629
-4.53584
-4.5361
-4.53637
-4.53527
-4.53458
-4.53487
-4.53493
-4.53432
-4.53354
-4.53309
-4.53181
-4.53257
-4.53249
-4.5329
-4.53301
-4.53299
-4.53299
-4.53348
-4.53448
-4.53446
-4.53521
-4.53458
-4.53451
-4.53377
-4.53372
-4.53319
-4.53224
-4.53228
-4.53228
-4.53316
-4.5347
-4.53514
-4.53488
-4.53463
-4.53486
-4.53455
-4.53434
-4.53438
-4.53485
-4.53482
-4.53522
-4.5344
-4.53423
-4.53337
-4.5326
-4.53163
-4.53136
-4.53101
-4.5319
-4.53146
-4.53178
-4.53195
-4.53181
-4.53184
-4.53191
-4.5322
-4.53289
-4.53381
-4.53443
-4.53493
-4.53584
-4.53475
-4.53427
-4.53356
-4.53296
-4.532
-4.53174
-4.53066
-4.53045
-4.5309
-4.53147
-4.53223
-4.53275
-4.53301
-4.53263
-4.53316
-4.5338
-4.53346
-4.53384
-4.5339
-4.53384
-4.5341
-4.53439
-4.53482
-4.53461
-4.53509
-4.53563
-4.53621
-4.5361
-4.53604
-4.53485
-4.53555
-4.53393
-4.53395
-4.53352
-4.53313
-4.53313
-4.53249
-4.53243
-4.53307
-4.53303
-4.53224
-4.53263
-4.53283
-4.53314
-4.53311
-4.53338
-4.53307
-4.5328
-4.53317
-4.53356
-4.53396
-4.53465
-4.53415
-4.53382
-4.53413
-4.53385
-4.53417
-4.53474
-4.53356
-4.53442
-4.5343
-4.5337
-4.53388
-4.53306
-4.5326
-4.53282
-4.53305
-4.53252
-4.53195
-4.53195
-4.53236
-4.53187
-4.53182
-4.53237
-4.53305
-4.53327
-4.53362
-4.53369
-4.53273
-4.53137
-4.53203
-4.53229
-4.53321
-4.53355
-4.53374
-4.53391
-4.53359
-4.53368
-4.53403
-4.5339
-4.5348
-4.53505
-4.53407
-4.53397
-4.53444
-4.534
-4.53416
-4.53402
-4.53299
-4.53212
-4.53261
-4.53235
-4.5321
-4.53139
-4.53148
-3.83351
-3.83257
-3.83146
-3.83202
-3.83233
-3.83191
-3.83258
-3.83266
-3.83295
-3.83295
-3.83274
-3.83259
-3.83336
-3.83466
-3.83652
-3.83845
-3.839
-3.83912
-3.83823
-3.83748
-3.8358
-3.83431
-3.83425
-3.83476
-3.83444
-3.83476
-3.83454
-3.83524
-3.83656
-3.83711
-3.83801
-3.83843
-3.83936
-3.84026
-3.84074
-3.84092
-3.83966
-3.83832
-3.83692
-3.8352
-3.83379
-3.83207
-3.83178
-3.8321
-3.83229
-3.83382
-3.83488
-3.83598
-3.83604
-3.83499
-3.83417
-3.83403
-3.83397
-3.83391
-3.83302
-3.83305
-3.83196
-3.83188
-3.83161
-3.83246
-3.8329
-3.83355
-3.83408
-3.834
-3.83326
-3.83277
-3.83292
-3.83299
-3.83389
-3.83424
-3.83555
-3.83757
-3.83833
-3.83804
-3.83701
-3.83672
-3.83545
-3.83493
-3.8336
-3.83354
-3.83335
-3.83325
-3.83359
-3.83354
-3.83304
-3.83334
-3.83402
-3.83425
-3.83393
-3.83399
-3.83406
-3.83327
-3.83306
-3.83269
-3.83259
-3.83209
-3.83144
-3.83183
-3.83212
-3.83136
-3.83188
-3.83182
-3.83223
-3.83396
-3.83448
-3.83334
-3.83383
-3.834
-3.83413
-3.83335
-3.8333
-3.83436
-3.83527
-3.8357
-3.83547
-3.83495
-3.83495
-3.8342
-3.83355
-3.83313
-3.83069
-3.82954
-3.82881
-3.8276
-3.82813
-3.82765
-3.82898
-3.83023
-3.83021
-3.83061
-3.83154
-3.83168
-3.83176
-3.83115
-3.83097
-3.83164
-3.83215
-3.83224
-3.83215
-3.83144
-3.83138
-3.83142
-3.83086
-3.82946
-3.82878
-3.82901
-3.82881
-3.82921
-3.82956
-3.83059
-3.83108
-3.83113
-3.83247
-3.83304
-3.83261
-3.8324
-3.83184
-3.8304
-3.82984
-3.8298
-3.82993
-3.83044
-3.83017
-3.83075
-3.83014
-3.83166
-3.83201
-3.83289
-3.83275
-3.833
-3.83249
-3.83345
-3.83261
-3.83316
-3.83207
-3.83296
-3.83314
-3.83325
-3.83454
-3.83564
-3.83594
-3.83603
-3.83546
-3.83514
-3.83582
-3.83731
-3.83788
-3.83746
-3.83809
-3.83824
-3.83836
-3.83788
-3.83684
-3.8362
-3.83522
-3.83602
-3.83451
-3.83352
-3.83244
-3.83191
-3.83214
-3.83023
-3.83035
-3.83017
-3.83119
-3.83151
-3.833
-3.8325
-3.83284
-3.83383
-3.83366
-3.83298
-3.83373
-3.83379
-3.83392
-3.83354
-3.83283
-3.83228
-3.8331
-3.83317
-3.83279
-3.83196
-3.83239
-3.83245
-3.83322
-3.83315
-3.83263
-3.83293
-3.83342
-3.83334
-3.83363
-3.83421
-3.8342
-3.83422
-3.83457
-3.83508
-3.83392
-3.83368
-3.83336
-3.83193
-3.8317
-3.83232
-3.83222
-3.83281
-3.83298
-3.8336
-3.83414
-3.83466
-3.83525
-3.83561
-3.83573
-3.83663
-3.83723
-3.83765
-3.8373
-3.8369
-3.83567
-3.83585
-3.83472
-3.83394
-3.83383
-3.83287
-3.83257
-3.83145
-3.83096
-3.83106
-3.83161
-3.83227
-3.83333
-3.83359
-3.83429
-3.83583
-3.83614
-3.83612
-3.83603
-3.83539
-3.83518
-3.83444
-3.83497
-3.83433
-3.83401
-3.83449
-3.83447
-3.83413
-3.83441
-3.83465
-3.83432
-3.8356
-3.836
-3.83656
-3.83608
-3.83614
-3.83635
-3.836
-3.83648
-3.83699
-3.83762
-3.83744
-3.83735
-3.83721
-3.83645
-3.83659
-3.83446
-3.8341
-3.8338
-3.83296
-3.83249
-3.83139
-3.83124
-3.83063
-3.82951
-3.83025
-3.82969
-3.83121
-3.83264
-3.83422
-3.83437
-3.83387
-3.83401
-3.83438
-3.83408
-3.83506
-3.8347
-3.83405
-3.83309
-3.83364
-3.83362
-3.83339
-3.83244
-3.83118
-3.83089
-3.82995
-3.83074
-3.83224
-3.83207
-3.83252
-3.8328
-3.83216
-3.83005
-3.83048
-3.82987
-3.83038
-3.82994
-3.83038
-3.83022
-3.83052
-3.83155
-3.83253
-3.83326
-3.83337
-3.83326
-3.83348
-3.83417
-3.83493
-3.83509
-3.83529
-3.83611
-3.83516
-3.8351
-3.83545
-3.83565
-3.83485
-3.83389
-3.83281
-3.83241
-3.83407
-3.83386
-3.83407
-3.83439
-3.83361
-3.83337
-3.83345
-3.83388
-3.83347
-3.832
-3.83149
-3.83132
-3.83134
-3.83125
-3.83115
-3.83179
-3.8325
-3.83329
-3.83426
-3.83578
-3.83671
-3.83642
-3.83526
-3.83552
-3.83572
-3.83526
-3.83276
-3.83234
-3.83355
-3.83365
-3.83394
-3.83395
-3.83461
-3.834
-3.83398
-3.83412
-3.83407
-3.8344
-3.83385
-3.83402
-3.83368
-3.83399
-3.83402
-3.83451
-3.83514
-3.83522
-3.83467
-3.83448
-3.83443
-3.83396
-3.83427
-3.83506
-3.83586
-3.83527
-3.83547
-3.83618
-3.83652
-3.83633
-3.83672
-3.83675
-3.83576
-3.8359
-3.83684
-3.83594
-3.83616
-3.83567
-3.83571
-3.83468
-3.8346
-3.83506
-3.83562
-3.83548
-3.83475
-3.83416
-3.83488
-3.83462
-3.83309
-3.83315
-3.83364
-3.83345
-3.83357
-3.83472
-3.83436
-3.83447
-3.8345
-3.83396
-3.83447
-3.83417
-3.83424
-3.83385
-3.83364
-3.83372
-3.83318
-3.83336
-3.83234
-3.83284
-3.83217
-3.83141
-3.83133
-3.83101
-3.83101
-3.83113
-3.83176
-3.83244
-3.83154
-3.83125
-3.83106
-3.83062
-3.82989
-3.8313
-3.83246
-3.83329
-3.83373
-3.83399
-3.83458
-3.83394
-3.83338
-3.83297
-3.83291
-3.83321
-3.83433
-3.83365
-3.83369
-3.83411
-3.83351
-3.83222
-3.83196
-3.83145
-3.83123
-3.83116
-3.83089
-3.83109
-3.83046
-3.8307
-3.83145
-3.83208
-3.83199
-3.8326
-3.83315
-3.83377
-3.83409
-3.83343
-3.83374
-3.83446
-3.83415
-3.83399
-3.83354
-3.8321
-3.83275
-3.83384
-3.83293
-3.8321
-3.83143
-3.83043
-3.82947
-3.82847
-3.82805
-3.82799
-3.82772
-3.82857
-3.82969
-3.82963
-3.82907
-3.83056
-3.83107
-3.8305
-3.83085
-3.83131
-3.83332
-3.83373
-3.83442
-3.83415
-3.83438
-3.83504
-3.83419
-3.83409
-3.83396
-3.83392
-3.83358
-3.83326
-3.83312
-3.83359
-3.83479
-3.83545
-3.83638
-3.83598
-3.83691
-3.83674
-3.83716
-3.83758
-3.83834
-3.837
-3.83661
-3.83659
-3.83521
-3.83437
-3.8337
-3.83361
-3.83343
-3.8328
-3.83193
-3.83124
-3.8305
-3.83095
-3.83164
-3.83355
-3.83446
-3.83513
-3.8359
-3.83614
-3.83666
-3.8347
-3.83413
-3.83435
-3.83379
-3.83449
-3.83521
-3.83599
-3.83611
-3.83516
-3.83558
-3.83602
-3.83632
-3.83587
-3.83602
-3.83614
-3.83591
-3.83604
-3.83544
-3.83458
-3.83535
-3.83529
-3.83481
-3.83509
-3.83616
-3.83771
-3.83855
-3.83971
-3.83963
-3.83949
-3.8397
-3.83944
-3.83871
-3.83753
-3.83737
-3.83741
-3.83783
-3.83757
-3.83829
-3.83798
-3.83838
-3.84007
-3.83972
-3.83902
-3.83871
-3.83784
-3.83702
-3.83549
-3.83519
-3.83476
-3.83446
-3.83389
-3.83434
-3.83459
-3.83419
-3.83305
-3.8335
-3.83293
-3.83218
-3.83358
-3.83388
-3.83514
-3.83559
-3.83613
-3.83701
-3.83744
-3.83713
-3.83727
-3.83619
-3.83727
-3.83719
-3.83682
-3.83686
-3.83742
-3.83801
-3.83705
-3.83691
-3.83722
-3.8375
-3.8387
-3.83874
-3.83919
-3.83887
-3.83869
-3.83789
-3.83859
-3.83809
-3.83809
-3.83771
-3.8383
-3.83817
-3.83757
-3.83709
-3.8373
-3.83717
-3.83598
-3.8356
-3.83504
-3.83436
-3.83495
-3.83563
-3.83605
-3.83732
-3.83888
-3.83852
-3.83872
-3.83878
-3.83851
-3.83752
-3.83802
-3.8376
-3.83764
-3.83668
-3.83713
-3.83674
-3.8366
-3.83753
-3.83804
-3.83621
-3.83603
-3.83529
-3.83598
-3.83525
-3.83565
-3.83548
-3.83515
-3.83468
-3.83487
-3.83477
-3.83535
-3.83574
-3.83695
-3.83777
-3.83727
-3.83742
-3.83783
-3.83776
-3.83606
-3.8355
-3.83617
-3.83419
-3.83384
-3.83275
-3.83217
-3.83035
-3.83053
-3.83033
-3.82958
-3.82959
-3.82992
-3.83067
-3.83076
-3.83066
-3.83077
-3.83194
-3.83308
-3.83316
-3.83377
-3.83501
-3.83589
-3.83687
-3.83637
-3.83597
-3.83635
-3.83552
-3.83533
-3.83555
-3.83563
-3.83567
-3.83472
-3.83562
-3.83691
-3.83645
-3.83787
-3.83904
-3.83931
-3.83922
-3.83978
-3.83968
-3.83895
-3.8384
-3.83687
-3.83515
-3.83569
-3.83547
-3.83541
-3.83536
-3.8352
-3.83437
-3.83396
-3.83533
-3.83512
-3.83523
-3.83546
-3.83548
-3.835
-3.83451
-3.83371
-3.83335
-3.83373
-3.83381
-3.83467
-3.83497
-3.83504
-3.83563
-3.83552
-3.83546
-3.83695
-3.83709
-3.83736
-3.83754
-3.83778
-3.83733
-3.83695
-3.83635
-3.8351
-3.83503
-3.83374
-3.83385
-3.83478
-3.83614
-3.83631
-3.83773
-3.83713
-3.83721
-3.83756
-3.83697
-3.83761
-3.83728
-3.8375
-3.83756
-3.83734
-3.8369
-3.83751
-3.83948
-3.83941
-3.83947
-3.8391
-3.83888
-3.83873
-3.8383
-3.83689
-3.83622
-3.83643
-3.83607
-3.83699
-3.83715
-3.83697
-3.83635
-3.83539
-3.83401
-3.83364
-3.83371
-3.83441
-3.8345
-3.83513
-3.83577
-3.83605
-3.83606
-3.83668
-3.83579
-3.83568
-3.83626
-3.83499
-3.83525
-3.83445
-3.83429
-3.83372
-3.83368
-3.83348
-3.83419
-3.83446
-3.83503
-3.83513
-3.83665
-3.83742
-3.8378
-3.83887
-3.83817
-3.83839
-3.83761
-3.83654
-3.8362
-3.83519
-3.83529
-3.83653
-3.83682
-3.8379
-3.8395
-3.83878
-3.83897
-3.83822
-3.83835
-3.83868
-3.83914
-3.83955
-3.84016
-3.84024
-3.84078
-3.84137
-3.84114
-3.84216
-3.8429
-3.84427
-3.84492
-3.8436
-3.84198
-3.84205
-3.84128
-3.84081
-3.83874
-3.83758
-3.83769
-3.83726
-3.83792
-3.83809
-3.83813
-3.83769
-3.83752
-3.83773
-3.83888
-3.83955
-3.83938
-3.84067
-3.84102
-3.84121
-3.84162
-3.84106
-3.84043
-3.83999
-3.84084
-3.84145
-3.84061
-3.8401
-3.84032
-3.83929
-3.83863
-3.8385
-3.83726
-3.83667
-3.83484
-3.83409
-3.83334
-3.83416
-3.83361
-3.83393
-3.83424
-3.83445
-3.83457
-3.83525
-3.8354
-3.83624
-3.83591
-3.83678
-3.83695
-3.83681
-3.83679
-3.83694
-3.83658
-3.83792
-3.83676
-3.83721
-3.83792
-3.83901
-3.83895
-3.83965
-3.8394
-3.83979
-3.83936
-3.83857
-3.83856
-3.83769
-3.83692
-3.83788
-3.83762
-3.8384
-3.83869
-3.83959
-3.84014
-3.84003
-3.83985
-3.83897
-3.83881
-3.83808
-3.83814
-3.83777
-3.83703
-3.83664
-3.83606
-3.83605
-3.83608
-3.83756
-3.83708
-3.83601
-3.83704
-3.83763
-3.83742
-3.83821
-3.83786
-3.83908
-3.83922
-3.83933
-3.83901
-3.83804
-3.83709
-3.83686
-3.8362
-3.83622
-3.83652
-3.8353
-3.83435
-3.83379
-3.83356
-3.83278
-3.83224
-3.83283
-3.83433
-3.83501
-3.8354
-3.83523
-3.83495
-3.83506
-3.83438
-3.8346
-3.8348
-3.58171
-3.58203
-3.58246
-3.58099
-3.57407
-3.55767
-3.57018
-3.61085
-3.60129
-3.58731
-3.58195
-3.57717
-3.56949
-3.56037
-3.58713
-3.6138
-3.59678
-3.58205
-3.57394
-3.5672
-3.57076
-3.58764
-3.59871
-3.59364
-3.58594
-3.58034
-3.5759
-3.57611
-3.58026
-3.58623
-3.58908
-3.59021
-3.58913
-3.58622
-3.5836
-3.58166
-3.58472
-3.58769
-3.58937
-3.58811
-3.58742
-3.5854
-3.58354
-3.58044
-3.57841
-3.57933
-3.58376
-3.58906
-3.59212
-3.591
-3.58868
-3.58706
-3.58661
-3.58699
-3.58749
-3.58826
-3.58917
-3.59126
-3.59156
-3.59087
-3.58882
-3.58785
-3.58875
-3.58917
-3.58894
-3.59058
-3.59108
-3.58997
-3.58916
-3.58748
-3.58615
-3.58471
-3.58334
-3.5829
-3.584
-3.58555
-3.58783
-3.59108
-3.59188
-3.59159
-3.59
-3.58917
-3.58841
-3.58691
-3.58624
-3.58449
-3.58385
-3.58336
-3.58283
-3.58275
-3.58237
-3.58249
-3.58256
-3.58374
-3.58525
-3.58508
-3.58518
-3.58458
-3.58507
-3.58458
-3.58425
-3.58504
-3.5849
-3.584
-3.5838
-3.58366
-3.58367
-3.58343
-3.58309
-3.58262
-3.58284
-3.58339
-3.58325
-3.5836
-3.58429
-3.58462
-3.58453
-3.58375
-3.58345
-3.58368
-3.58297
-3.58202
-3.58103
-3.5801
-3.58042
-3.58003
-3.58058
-3.58044
-3.5804
-3.58079
-3.58027
-3.57953
-3.57976
-3.57903
-3.57874
-3.57833
-3.57919
-3.57989
-3.5831
-3.58466
-3.58515
-3.58429
-3.58357
-3.58279
-3.58247
-3.58149
-3.58139
-3.58079
-3.5809
-3.58178
-3.58312
-3.58289
-3.58461
-3.58513
-3.58391
-3.58279
-3.5823
-3.58184
-3.58133
-3.5809
-3.58164
-3.58016
-3.57897
-3.57976
-3.57923
-3.57861
-3.57898
-3.57868
-3.57818
-3.57871
-3.5799
-3.58065
-3.58195
-3.58301
-3.58333
-3.58315
-3.58304
-3.58364
-3.58406
-3.58406
-3.58393
-3.58364
-3.58325
-3.58361
-3.58362
-3.5828
-3.58159
-3.58119
-3.5813
-3.58104
-3.58133
-3.58232
-3.58283
-3.58372
-3.58345
-3.58308
-3.58325
-3.58265
-3.58263
-3.58412
-3.58508
-3.58621
-3.58581
-3.58642
-3.58582
-3.58608
-3.58461
-3.58291
-3.58186
-3.58177
-3.58179
-3.58263
-3.58381
-3.58433
-3.58448
-3.5842
-3.58456
-3.58441
-3.58415
-3.58539
-3.58535
-3.58634
-3.58489
-3.58582
-3.58546
-3.58424
-3.58306
-3.5825
-3.58364
-3.58419
-3.58353
-3.58373
-3.58359
-3.5842
-3.58336
-3.58352
-3.58377
-3.58433
-3.58493
-3.58489
-3.58375
-3.58304
-3.58326
-3.58265
-3.58185
-3.58121
-3.5807
-3.57957
-3.57946
-3.57919
-3.57864
-3.57785
-3.57873
-3.57834
-3.57783
-3.57847
-3.57951
-3.58046
-3.58101
-3.58191
-3.58259
-3.58284
-3.58176
-3.58063
-3.57962
-3.57944
-3.57873
-3.57726
-3.57684
-3.57766
-3.57677
-3.57581
-3.57495
-3.57489
-3.57531
-3.57514
-3.57493
-3.57502
-3.57554
-3.5768
-3.57731
-3.57805
-3.57882
-3.57885
-3.57953
-3.5797
-3.5797
-3.58092
-3.58206
-3.58187
-3.58227
-3.58328
-3.58356
-3.58395
-3.58503
-3.58452
-3.58346
-3.58346
-3.58245
-3.58195
-3.58253
-3.58268
-3.58209
-3.58137
-3.58117
-3.57997
-3.58094
-3.58143
-3.58152
-3.5818
-3.58202
-3.58158
-3.58018
-3.58029
-3.58062
-3.58017
-3.58116
-3.58252
-3.58221
-3.58219
-3.58311
-3.58392
-3.58319
-3.58237
-3.58314
-3.58295
-3.58302
-3.58338
-3.5838
-3.58492
-3.58479
-3.58443
-3.58393
-3.58392
-3.58369
-3.58448
-3.58415
-3.58498
-3.58472
-3.58373
-3.58322
-3.58344
-3.58242
-3.58175
-3.58143
-3.58232
-3.58359
-3.58437
-3.58559
-3.58665
-3.58739
-3.58844
-3.58813
-3.58807
-3.58837
-3.58912
-3.58881
-3.588
-3.58736
-3.58623
-3.58519
-3.58246
-3.58144
-3.58024
-3.57922
-3.57917
-3.57758
-3.57698
-3.57661
-3.57723
-3.57782
-3.57904
-3.57969
-3.58032
-3.58142
-3.58073
-3.5808
-3.58093
-3.58017
-3.57944
-3.57996
-3.58033
-3.58133
-3.58155
-3.58214
-3.58237
-3.58279
-3.58213
-3.58147
-3.58048
-3.57909
-3.57824
-3.57756
-3.5782
-3.57857
-3.58014
-3.5796
-3.57932
-3.57933
-3.57953
-3.57805
-3.57853
-3.57723
-3.57727
-3.57561
-3.57666
-3.5756
-3.57575
-3.57622
-3.57654
-3.57783
-3.57835
-3.57756
-3.57839
-3.57902
-3.57968
-3.58003
-3.5803
-3.57999
-3.57975
-3.58044
-3.58069
-3.58067
-3.58273
-3.58227
-3.58196
-3.58084
-3.58124
-3.58039
-3.57962
-3.57855
-3.57802
-3.57833
-3.57832
-3.57949
-3.58083
-3.58228
-3.58376
-3.58639
-3.58662
-3.58578
-3.58382
-3.58412
-3.58282
-3.58125
-3.58215
-3.58213
-3.58262
-3.58404
-3.58392
-3.58409
-3.58453
-3.58453
-3.58462
-3.58444
-3.58433
-3.58427
-3.58587
-3.58662
-3.58601
-3.58583
-3.58585
-3.58586
-3.5846
-3.58317
-3.58307
-3.58348
-3.58376
-3.58416
-3.58438
-3.58325
-3.58397
-3.58413
-3.5845
-3.58463
-3.58482
-3.58545
-3.58494
-3.5843
-3.5839
-3.58342
-3.58406
-3.58588
-3.58684
-3.58722
-3.58745
-3.5886
-3.58882
-3.58814
-3.58766
-3.5857
-3.58515
-3.58597
-3.58623
-3.58567
-3.58621
-3.58685
-3.58718
-3.58679
-3.58616
-3.58534
-3.58568
-3.5853
-3.58684
-3.58716
-3.58742
-3.58791
-3.58684
-3.58648
-3.58605
-3.58506
-3.58408
-3.58284
-3.5828
-3.58212
-3.58216
-3.58281
-3.58281
-3.58404
-3.58459
-3.58556
-3.58517
-3.58491
-3.58429
-3.58367
-3.58269
-3.58143
-3.58137
-3.58093
-3.58202
-3.58291
-3.58289
-3.58283
-3.58332
-3.58305
-3.58319
-3.5832
-3.58228
-3.58109
-3.5811
-3.58179
-3.58167
-3.5826
-3.58251
-3.58299
-3.58353
-3.5822
-3.58205
-3.5816
-3.58264
-3.58213
-3.58203
-3.58238
-3.58264
-3.58349
-3.58251
-3.58252
-3.58302
-3.58273
-3.58323
-3.58289
-3.58286
-3.58194
-3.58114
-3.58031
-3.57961
-3.57883
-3.57954
-3.57979
-3.58094
-3.58195
-3.58201
-3.58231
-3.58322
-3.58348
-3.5842
-3.58391
-3.58349
-3.58296
-3.5814
-3.58107
-3.58008
-3.57985
-3.57943
-3.58052
-3.5802
-3.58069
-3.58177
-3.58121
-3.58003
-3.57942
-3.57949
-3.57869
-3.57802
-3.57793
-3.57684
-3.57738
-3.57748
-3.5774
-3.57758
-3.57785
-3.57812
-3.5783
-3.57831
-3.57821
-3.57791
-3.57795
-3.57809
-3.57785
-3.57769
-3.57869
-3.57946
-3.5787
-3.57839
-3.57723
-3.57684
-3.57645
-3.57593
-3.57552
-3.57575
-3.57474
-3.57503
-3.57487
-3.57525
-3.57458
-3.5747
-3.57622
-3.5775
-3.57944
-3.58143
-3.58162
-3.58238
-3.58231
-3.58187
-3.58229
-3.58221
-3.58231
-3.58201
-3.58143
-3.58152
-3.5819
-3.58205
-3.58192
-3.58242
-3.58205
-3.58222
-3.58204
-3.58216
-3.58213
-3.5818
-3.58218
-3.58219
-3.58155
-3.58035
-3.5793
-3.57808
-3.57806
-3.57873
-3.57871
-3.57951
-3.57897
-3.58089
-3.58095
-3.58144
-3.58218
-3.58253
-3.58308
-3.58294
-3.58337
-3.58291
-3.58237
-3.5813
-3.58099
-3.58122
-3.58129
-3.5801
-3.5795
-3.57853
-3.57764
-3.57655
-3.57628
-3.57709
-3.57779
-3.57796
-3.57907
-3.57981
-3.58174
-3.58172
-3.58147
-3.58186
-3.58234
-3.58198
-3.58174
-3.58234
-3.58264
-3.58267
-3.5832
-3.58264
-3.58217
-3.58168
-3.58153
-3.57952
-3.58009
-3.57937
-3.57888
-3.57862
-3.57904
-3.57865
-3.57841
-3.57939
-3.58019
-3.58099
-3.58196
-3.58184
-3.58191
-3.58209
-3.58109
-3.5807
-3.58033
-3.58086
-3.58123
-3.58083
-3.5804
-3.58066
-3.58152
-3.58137
-3.58078
-3.58118
-3.58169
-3.58184
-3.58277
-3.58314
-3.58412
-3.58418
-3.58487
-3.58441
-3.58425
-3.58383
-3.58226
-3.58118
-3.58044
-3.58068
-3.58008
-3.58013
-3.57954
-3.58023
-3.58063
-3.58048
-3.58111
-3.58144
-3.58232
-3.58281
-3.58346
-3.5836
-3.58242
-3.58362
-3.58274
-3.58237
-3.58156
-3.58107
-3.58124
-3.58129
-3.58239
-3.58269
-3.583
-3.58292
-3.58268
-3.58324
-3.58396
-3.58372
-3.58342
-3.5834
-3.58182
-3.58218
-3.58124
-3.58056
-3.58051
-3.57978
-3.57871
-3.57901
-3.57903
-3.57904
-3.57958
-3.57846
-3.57825
-3.57974
-3.57996
-3.57954
-3.57905
-3.57993
-3.58116
-3.58175
-3.58279
-3.58298
-3.58314
-3.58207
-3.58122
-3.58204
-3.58222
-3.58221
-3.5819
-3.57941
-3.57905
-3.57762
-3.57705
-3.57637
-3.5767
-3.57844
-3.5801
-3.58062
-3.58014
-3.58051
-3.58075
-3.58028
-3.57965
-3.57926
-3.57947
-3.57802
-3.57849
-3.5778
-3.57821
-3.57826
-3.57767
-3.5771
-3.57792
-3.57714
-3.57612
-3.57641
-3.57619
-3.57626
-3.57572
-3.57564
-3.5769
-3.57669
-3.57554
-3.5761
-3.57609
-3.57672
-3.57677
-3.5771
-3.57814
-3.57793
-3.57741
-3.57699
-3.57655
-3.57535
-3.57571
-3.5765
-3.5771
-3.5768
-3.57624
-3.57641
-3.57672
-3.57779
-3.5782
-3.57953
-3.58091
-3.58149
-3.58255
-3.58346
-3.58389
-3.58462
-3.58444
-3.58291
-3.58217
-3.58207
-3.58127
-3.58011
-3.57944
-3.57993
-3.57997
-3.57974
-3.58088
-3.58108
-3.58135
-3.58272
-3.58274
-3.58392
-3.58334
-3.58307
-3.58205
-3.582
-3.58164
-3.581
-3.5807
-3.58119
-3.58076
-3.58046
-3.58016
-3.57929
-3.57867
-3.57919
-3.579
-3.57908
-3.57955
-3.57969
-3.57913
-3.57851
-3.57947
-3.57921
-3.57996
-3.57915
-3.57924
-3.58028
-3.58001
-3.57988
-3.57964
-3.57992
-3.57934
-3.57873
-3.5776
-3.57655
-3.57615
-3.57601
-3.57734
-3.57827
-3.57932
-3.57935
-3.58084
-3.58047
-3.5813
-3.58232
-3.58233
-3.58297
-3.58339
-3.58276
-3.58257
-3.58209
-3.58227
-3.58283
-3.58296
-3.58309
-3.58353
-3.5824
-3.58155
-3.58009
-3.58054
-3.58153
-3.58127
-3.58187
-3.58345
-3.58432
-3.58407
-3.58399
-3.58292
-3.58217
-3.58187
-3.58154
-3.58015
-3.57968
-3.57877
-3.57735
-3.57563
-3.57544
-3.57701
-3.57782
-3.57934
-3.57985
-3.58076
-3.58133
-3.58355
-3.58522
-3.58566
-3.58611
-3.58494
-3.58392
-3.58329
-3.58147
-3.58063
-3.57995
-3.57897
-3.57855
-3.57845
-3.57879
-3.57888
-3.58003
-3.58083
-3.58099
-3.58211
-3.58365
-3.58384
-3.58369
-3.58352
-3.58274
-3.58291
-3.58297
-3.58294
-3.58142
-3.58206
-3.58101
-3.58078
-3.58067
-3.5808
-3.57902
-3.57837
-3.57836
-3.57967
-3.57975
-3.5815
-3.58327
-3.24746
-3.24742
-3.24814
-3.24812
-3.24687
-3.24556
-3.24426
-3.24435
-3.24391
-3.24332
-3.24471
-3.2455
-3.24635
-3.24839
-3.24844
-3.24897
-3.24907
-3.24702
-3.24521
-3.24529
-3.24562
-3.24536
-3.24517
-3.2449
-3.24531
-3.24589
-3.24734
-3.24697
-3.24871
-3.25051
-3.25107
-3.25152
-3.25081
-3.2495
-3.24911
-3.24832
-3.24726
-3.24712
-3.24712
-3.247
-3.24636
-3.2468
-3.24658
-3.24629
-3.24735
-3.24808
-3.24731
-3.24775
-3.24809
-3.24768
-3.24722
-3.24627
-3.24597
-3.24669
-3.24802
-3.2474
-3.24698
-3.2472
-3.24654
-3.24561
-3.24571
-3.24591
-3.24626
-3.24592
-3.24587
-3.24589
-3.2467
-3.24709
-3.24602
-3.24453
-3.24276
-3.24222
-3.24293
-3.24238
-3.24233
-3.24366
-3.24598
-3.24672
-3.24682
-3.24744
-3.24713
-3.24749
-3.24647
-3.24588
-3.24563
-3.24509
-3.2446
-3.2448
-3.24472
-3.24381
-3.24426
-3.24353
-3.24343
-3.24315
-3.24355
-3.24311
-3.24299
-3.2429
-3.24315
-3.24373
-3.24471
-3.24402
-3.24278
-3.24379
-3.24336
-3.24325
-3.2428
-3.243
-3.24313
-3.24328
-3.24299
-3.24373
-3.24324
-3.2429
-3.24286
-3.24243
-3.24235
-3.24137
-3.24156
-3.24141
-3.2413
-3.24129
-3.24049
-3.24025
-3.23923
-3.23918
-3.23994
-3.24069
-3.24256
-3.24227
-3.24314
-3.24439
-3.24545
-3.24507
-3.24588
-3.24557
-3.24536
-3.24489
-3.24436
-3.24538
-3.24467
-3.24406
-3.24381
-3.24178
-3.24158
-3.24131
-3.24076
-3.24295
-3.24404
-3.24629
-3.24662
-3.2471
-3.24691
-3.24558
-3.24441
-3.24384
-3.24264
-3.24088
-3.23982
-3.23826
-3.23791
-3.23824
-3.24017
-3.24172
-3.24273
-3.24336
-3.24349
-3.2439
-3.24374
-3.24341
-3.24223
-3.24185
-3.24132
-3.24177
-3.2426
-3.24316
-3.24374
-3.24362
-3.24404
-3.24566
-3.24669
-3.24789
-3.24799
-3.24794
-3.2474
-3.24722
-3.2452
-3.24452
-3.243
-3.24297
-3.24432
-3.24612
-3.24594
-3.247
-3.24858
-3.24855
-3.24808
-3.24786
-3.24813
-3.24732
-3.2461
-3.2448
-3.24297
-3.24227
-3.24162
-3.24101
-3.23928
-3.23841
-3.2388
-3.23833
-3.23902
-3.24174
-3.24418
-3.24533
-3.24373
-3.24503
-3.2446
-3.24367
-3.2429
-3.24214
-3.24227
-3.24078
-3.242
-3.24141
-3.24028
-3.24023
-3.24036
-3.24056
-3.24082
-3.24078
-3.2417
-3.24238
-3.24308
-3.2436
-3.24306
-3.24209
-3.2408
-3.23994
-3.23931
-3.24007
-3.24038
-3.24167
-3.2419
-3.24204
-3.24252
-3.24259
-3.24362
-3.24441
-3.24531
-3.24445
-3.24422
-3.24318
-3.24283
-3.24204
-3.24061
-3.23885
-3.23667
-3.23619
-3.23605
-3.23584
-3.23705
-3.23934
-3.24099
-3.24174
-3.24313
-3.24258
-3.24292
-3.24395
-3.24482
-3.24642
-3.24629
-3.24693
-3.24705
-3.24657
-3.24595
-3.24707
-3.24507
-3.24415
-3.24476
-3.24531
-3.24693
-3.24595
-3.24561
-3.24534
-3.24547
-3.24592
-3.24575
-3.24602
-3.24501
-3.24464
-3.24564
-3.2452
-3.24644
-3.24668
-3.247
-3.2463
-3.2459
-3.24625
-3.24609
-3.24495
-3.24379
-3.24382
-3.24314
-3.244
-3.24382
-3.24398
-3.24439
-3.24414
-3.24449
-3.24558
-3.24686
-3.24797
-3.24937
-3.24903
-3.24942
-3.24973
-3.24886
-3.24828
-3.24689
-3.2454
-3.24522
-3.24423
-3.24484
-3.24526
-3.24588
-3.24627
-3.24821
-3.24959
-3.25062
-3.25184
-3.2518
-3.25047
-3.24812
-3.24595
-3.24372
-3.2428
-3.24104
-3.24138
-3.24234
-3.24348
-3.24509
-3.24697
-3.24833
-3.24854
-3.24855
-3.24775
-3.24789
-3.24715
-3.24654
-3.24682
-3.24756
-3.248
-3.24863
-3.24798
-3.24737
-3.24707
-3.24583
-3.24418
-3.24359
-3.24309
-3.24319
-3.24438
-3.24589
-3.24669
-3.24619
-3.24668
-3.24799
-3.2486
-3.24823
-3.24841
-3.24885
-3.24953
-3.24971
-3.24915
-3.24777
-3.24787
-3.24691
-3.24628
-3.24586
-3.24641
-3.24675
-3.24793
-3.24748
-3.2481
-3.2486
-3.24965
-3.25061
-3.25019
-3.2517
-3.25377
-3.25381
-3.25465
-3.2539
-3.25296
-3.25096
-3.24972
-3.24946
-3.24854
-3.24873
-3.24976
-3.25088
-3.25038
-3.25043
-3.25085
-3.25087
-3.2499
-3.24869
-3.24746
-3.24726
-3.24633
-3.24565
-3.24606
-3.24692
-3.24858
-3.25213
-3.25414
-3.25457
-3.25433
-3.25424
-3.25254
-3.25132
-3.2505
-3.2492
-3.24878
-3.24719
-3.24677
-3.24715
-3.24685
-3.24615
-3.24666
-3.24697
-3.24646
-3.24725
-3.24777
-3.2478
-3.2471
-3.24713
-3.24758
-3.24789
-3.24764
-3.24673
-3.24593
-3.24554
-3.24453
-3.24446
-3.2443
-3.24426
-3.24451
-3.24371
-3.24459
-3.24516
-3.24628
-3.2462
-3.24709
-3.24704
-3.24822
-3.24818
-3.24734
-3.24615
-3.24676
-3.24595
-3.24645
-3.24672
-3.24772
-3.24911
-3.24931
-3.25006
-3.2511
-3.25055
-3.24917
-3.24867
-3.24707
-3.24662
-3.24619
-3.24533
-3.24622
-3.24766
-3.24787
-3.24605
-3.24651
-3.24679
-3.24672
-3.24665
-3.24613
-3.24602
-3.24568
-3.24491
-3.24459
-3.24367
-3.24533
-3.24567
-3.24589
-3.24566
-3.24567
-3.24548
-3.24571
-3.24579
-3.24599
-3.24457
-3.24385
-3.24356
-3.24221
-3.24142
-3.24272
-3.24278
-3.24392
-3.24454
-3.24493
-3.24503
-3.24407
-3.24508
-3.24492
-3.24461
-3.24432
-3.2438
-3.24482
-3.24533
-3.24512
-3.2447
-3.24554
-3.24534
-3.24662
-3.24598
-3.24601
-3.24624
-3.24608
-3.24537
-3.24481
-3.24476
-3.24433
-3.24336
-3.24389
-3.24489
-3.24521
-3.24572
-3.24491
-3.24475
-3.24376
-3.24428
-3.24459
-3.24487
-3.24482
-3.24464
-3.24454
-3.2445
-3.24473
-3.24413
-3.24476
-3.24573
-3.24728
-3.24719
-3.24777
-3.24704
-3.24819
-3.24784
-3.24904
-3.24988
-3.24911
-3.24908
-3.2485
-3.2473
-3.2474
-3.24806
-3.24802
-3.24762
-3.24675
-3.24689
-3.24728
-3.2477
-3.24743
-3.24662
-3.24746
-3.24852
-3.24896
-3.24928
-3.24997
-3.25085
-3.25043
-3.24999
-3.24967
-3.24789
-3.2467
-3.24717
-3.24671
-3.24592
-3.24694
-3.24703
-3.24619
-3.24742
-3.24763
-3.24859
-3.24894
-3.24881
-3.25054
-3.2507
-3.24954
-3.24863
-3.24746
-3.24698
-3.24598
-3.24435
-3.24454
-3.24449
-3.24365
-3.2445
-3.24303
-3.2443
-3.24513
-3.24649
-3.24772
-3.24875
-3.24836
-3.2485
-3.24812
-3.24774
-3.24711
-3.2473
-3.2474
-3.24732
-3.24764
-3.24743
-3.24709
-3.2465
-3.24571
-3.24572
-3.24436
-3.24567
-3.2469
-3.24806
-3.24863
-3.24837
-3.24732
-3.24723
-3.2473
-3.24794
-3.24726
-3.24746
-3.2464
-3.2445
-3.24464
-3.24414
-3.24428
-3.24417
-3.24399
-3.24285
-3.24252
-3.24167
-3.24097
-3.2411
-3.24238
-3.24439
-3.24498
-3.24679
-3.24667
-3.24608
-3.24575
-3.24593
-3.24484
-3.2452
-3.24462
-3.24514
-3.24399
-3.24341
-3.24189
-3.24255
-3.24244
-3.24243
-3.24383
-3.24388
-3.24356
-3.24509
-3.24537
-3.24617
-3.24739
-3.24749
-3.24782
-3.2471
-3.24695
-3.2476
-3.24707
-3.24681
-3.24593
-3.24525
-3.24444
-3.24336
-3.2422
-3.24136
-3.24238
-3.24292
-3.24457
-3.24605
-3.24798
-3.24786
-3.24722
-3.24735
-3.24686
-3.24642
-3.24703
-3.24741
-3.24597
-3.24627
-3.24668
-3.24632
-3.2469
-3.24506
-3.24496
-3.24352
-3.24362
-3.24188
-3.23996
-3.23925
-3.23967
-3.24107
-3.24135
-3.24166
-3.24104
-3.24072
-3.24004
-3.23846
-3.23815
-3.23874
-3.24
-3.24174
-3.24239
-3.24361
-3.24363
-3.24371
-3.24299
-3.24317
-3.24261
-3.2415
-3.2415
-3.24122
-3.243
-3.24328
-3.24351
-3.24335
-3.24325
-3.243
-3.24418
-3.2443
-3.24438
-3.24335
-3.24267
-3.24289
-3.24224
-3.24062
-3.24024
-3.23955
-3.2393
-3.23892
-3.24019
-3.23966
-3.24015
-3.24026
-3.24096
-3.24155
-3.24137
-3.24168
-3.2416
-3.24269
-3.24337
-3.24372
-3.24397
-3.2449
-3.24449
-3.24439
-3.24448
-3.24357
-3.24366
-3.24394
-3.24461
-3.24463
-3.24464
-3.24465
-3.24345
-3.24306
-3.24227
-3.24172
-3.24233
-3.24189
-3.2431
-3.24219
-3.24167
-3.24087
-3.24244
-3.24302
-3.24345
-3.24299
-3.24316
-3.24479
-3.24497
-3.24509
-3.24554
-3.2442
-3.24477
-3.24548
-3.24693
-3.24678
-3.24667
-3.24761
-3.24648
-3.24605
-3.24417
-3.24382
-3.24378
-3.24322
-3.24486
-3.24535
-3.24643
-3.24677
-3.24701
-3.24608
-3.24662
-3.24504
-3.24351
-3.24094
-3.24086
-3.24056
-3.24096
-3.24103
-3.24262
-3.24401
-3.24414
-3.24379
-3.24338
-3.24164
-3.23956
-3.23863
-3.23745
-3.2374
-3.23746
-3.23927
-3.24073
-3.2431
-3.2455
-3.2465
-3.24595
-3.24605
-3.2461
-3.24541
-3.24403
-3.24342
-3.24097
-3.23939
-3.23792
-3.2371
-3.23772
-3.23823
-3.23925
-3.24007
-3.24091
-3.24221
-3.24245
-3.24367
-3.24374
-3.24382
-3.24248
-3.24077
-3.2391
-3.23878
-3.23784
-3.23845
-3.23831
-3.23868
-3.23859
-3.23873
-3.23852
-3.2382
-3.23905
-3.24081
-3.24052
-3.23998
-3.24122
-3.24131
-3.24233
-3.24166
-3.24103
-3.24066
-3.24169
-3.24308
-3.24194
-3.24324
-3.24226
-3.24258
-3.24333
-3.2437
-3.24393
-3.24447
-3.24343
-3.2434
-3.24249
-3.2411
-3.24052
-3.24014
-3.24115
-3.23996
-3.24003
-3.24103
-3.24142
-3.24132
-3.24159
-3.24145
-3.24161
-3.24273
-3.2423
-3.24224
-3.24149
-3.24052
-3.24014
-3.24085
-3.24254
-3.24188
-3.24234
-3.24366
-3.24386
-3.24404
-3.24414
-3.2445
-3.24538
-3.24551
-3.24614
-3.24622
-3.24568
-3.24314
-3.24297
-3.24124
-3.2397
-3.23916
-3.23903
-3.23785
-3.23729
-3.23721
-3.23706
-3.23643
-3.2358
-3.23481
-3.23476
-3.23739
-3.23944
-3.24222
-3.24444
-3.24577
-3.24642
-3.24597
-3.2452
-3.24454
-3.24548
-3.24456
-3.24434
-3.24466
-3.2441
-3.243
-3.243
-3.2417
-3.24079
-3.24048
-3.24114
-3.24244
-3.24258
-3.2436
-3.2439
-3.24549
-3.24497
-3.24542
-3.24621
-3.24576
-3.24509
-3.24431
-3.24435
-3.24394
-3.24422
-3.24408
-3.24294
-3.24224
-3.24207
-3.24112
-3.24089
-3.24004
-3.23964
-3.24036
-3.24044
-3.24031
-3.24156
-3.24303
-3.24486
-3.24602
-3.24597
-3.24501
-3.24482
-3.24407
-3.24358
-3.2428
-3.24176
-3.24092
-3.24168
-3.24061
-3.24104
-3.24058
-3.23946
