0.0384745 0 0
0.0641241 0 0
0.0897737 0 0
0.115423 0 0
0.141073 0 0
0.166723 0 0
0.192372 0 0
0.218022 0 0
0.243672 0 0
0.269321 0 0
0.294971 0 0
0.32062 0 0
0.34627 0 0
0.37192 0 0
0.397569 0 0
0.423219 0 0
0.448869 0 0
0.474518 0 0
0.500168 0 0
0.525818 0 0
0.551467 0 0
0.577117 0 0
0.602767 0 0
0.628416 0 0
0.654066 0 0
0.679715 0 0
0.705365 0 0
0.731015 0 0
0.756664 0 0
0.782314 0 0
0.807964 0 0
0.833613 0 0
0.859263 0 0
0.884913 0 0
0.910562 0 0
0.936212 0.000409656 0.000411699
0.961861 0.00504531 0.00131738
0.987511 0.0743769 0.00464289
1.01316 0.276339 0.00895228
1.03881 0.574303 0.0127022
1.06446 0.960826 0.0154284
1.09011 1.23341 0.0169155
1.11576 1.34868 0.0145602
1.14141 1.34029 0.0108056
1.16706 1.26173 0.0123942
1.19271 1.14595 0.0125114
1.21836 1.03507 0.0122587
1.24401 0.880069 0.0121268
1.26966 0.771588 0.0115099
1.29531 0.658297 0.0121182
1.32096 0.56672 0.0104277
1.34661 0.515436 0.00902184
1.37226 0.458212 0.00866878
1.39791 0.40572 0.00882539
1.42355 0.408773 0.0056055
1.4492 0.366051 0.00665545
1.47485 0.324046 0.00728747
1.5005 0.325821 0.00714442
1.52615 0.29939 0.00703244
1.5518 0.293005 0.00622241
1.57745 0.296685 0.00676749
1.6031 0.28098 0.00587237
1.62875 0.267463 0.00500831
1.6544 0.284422 0.00647975
1.68005 0.309516 0.00503321
1.7057 0.306078 0.00489976
1.73135 0.324628 0.00549337
1.757 0.330457 0.0055569
1.78265 0.361242 0.00529778
1.8083 0.386646 0.00511478
1.83395 0.400034 0.00474338
1.8596 0.430402 0.00526028
1.88525 0.447564 0.00415622
1.9109 0.485289 0.00475406
1.93655 0.498946 0.00531049
1.9622 0.545954 0.00516602
1.98785 0.554946 0.00495257
2.0135 0.583943 0.00336397
2.03915 0.608033 0.00378067
2.0648 0.61854 0.0053025
2.09045 0.629667 0.00562432
2.1161 0.629811 0.00480978
2.14174 0.639318 0.00423069
2.16739 0.630773 -nan
2.19304 0.609759 0.000702407
2.21869 0.600994 0.00289815
2.24434 0.575644 0.0015382
2.26999 0.556368 0.00236053
2.29564 0.540325 0.000649258
2.32129 0.510858 0.00197895
2.34694 0.502816 0.00247104
2.37259 0.479118 0.0019128
2.39824 0.467551 0.00226553
2.42389 0.458931 0.00345534
2.44954 0.451405 0.00146998
2.47519 0.439109 0.00262611
2.50084 0.435315 -nan
2.52649 0.423652 0.00212345
2.55214 0.434144 -nan
2.57779 0.426736 0.00174467
0.0384745 0 0
0.0641241 0 0
0.0897737 0 0
0.115423 0 0
0.141073 0 0
0.166723 0 0
0.192372 0 0
0.218022 0 0
0.243672 0 0
0.269321 0 0
0.294971 0 0
0.32062 0 0
0.34627 0 0
0.37192 0 0
0.397569 0 0
0.423219 0 0
0.448869 0 0
0.474518 0 0
0.500168 0 0
0.525818 0 0
0.551467 0 0
0.577117 0 0
0.602767 0 0
0.628416 0 0
0.654066 0 0
0.679715 0 0
0.705365 0 0
0.731015 0 0
0.756664 0 0
0.782314 0 0
0.807964 0 0
0.833613 0 0
0.859263 0 0
0.884913 0 0
0.910562 0 0
0.936212 0.00204828 0.000901604
0.961861 0.0415268 0.00417375
0.987511 0.19662 0.00814531
1.01316 0.468027 0.0101346
1.03881 0.81953 0.0165698
1.06446 1.09265 0.0135355
1.09011 1.2742 0.0133242
1.11576 1.23764 0.0108476
1.14141 1.20607 0.0120514
1.16706 1.11805 0.0139324
1.19271 0.997785 0.0106491
1.21836 0.873246 0.0113154
1.24401 0.792596 0.00813479
1.26966 0.697414 0.0086533
1.29531 0.626196 0.00858846
1.32096 0.565485 0.0101706
1.34661 0.493457 0.00748949
1.37226 0.458593 0.0082091
1.39791 0.4116 0.00706077
1.42355 0.388042 0.00819505
1.4492 0.361605 0.00637562
1.47485 0.341049 0.00691394
1.5005 0.330765 0.00648134
1.52615 0.318969 0.00611298
1.5518 0.300162 0.00503614
1.57745 0.310971 0.00600922
1.6031 0.303196 0.00415648
1.62875 0.319981 0.00536982
1.6544 0.315515 0.00615667
1.68005 0.325164 0.00606645
1.7057 0.341747 0.00550354
1.73135 0.363799 0.00526541
1.757 0.360467 0.00522398
1.78265 0.386892 0.00536317
1.8083 0.400372 0.00471129
1.83395 0.438255 0.00593277
1.8596 0.458126 0.00541184
1.88525 0.483025 0.00564932
1.9109 0.503776 0.00373337
1.93655 0.523745 0.00441376
1.9622 0.539892 0.00452049
1.98785 0.552311 0.00480785
2.0135 0.571455 0.00322828
2.03915 0.571418 0.00127429
2.0648 0.592178 -nan
2.09045 0.591458 0.00227683
2.1161 0.598938 0.00172293
2.14174 0.597908 0.00240451
2.16739 0.602262 0.00146908
2.19304 0.59184 0.00292521
2.21869 0.575536 0.00237721
2.24434 0.573648 0.00255812
2.26999 0.553232 0.00229749
2.29564 0.533648 0.00166007
2.32129 0.509458 0.00157159
2.34694 0.502556 0.00343004
2.37259 0.480266 0.00334975
2.39824 0.473607 0.00149389
2.42389 0.455691 0.00287003
2.44954 0.448113 0.00122833
2.47519 0.435592 0.00173464
2.50084 0.431296 0.00313198
2.52649 0.426296 0.00091013
2.55214 0.42185 0.00305641
2.57779 0.41809 0.00214669
0.0384745 0 0
0.0641241 0 0
0.0897737 0 0
0.115423 0 0
0.141073 0 0
0.166723 0 0
0.192372 0 0
0.218022 0 0
0.243672 0 0
0.269321 0 0
0.294971 0 0
0.32062 0 0
0.34627 0 0
0.37192 0 0
0.397569 0 0
0.423219 0 0
0.448869 0 0
0.474518 0 0
0.500168 0 0
0.525818 0 0
0.551467 0 0
0.577117 0 0
0.602767 0 0
0.628416 0 0
0.654066 0 0
0.679715 0 0
0.705365 0 0
0.731015 0 0
0.756664 0 0
0.782314 0 0
0.807964 0 0
0.833613 0 0
0.859263 0 0
0.884913 0.00137558 0.000789964
0.910562 0.00129918 0.000746089
0.936212 0.0147476 0.00237379
0.961861 0.0574389 0.00430773
0.987511 0.228286 0.00882616
1.01316 0.525394 0.0149073
1.03881 0.807552 0.0182012
1.06446 1.10882 0.0159738
1.09011 1.23009 0.0191835
1.11576 1.2584 0.0139737
1.14141 1.16142 0.0142942
1.16706 1.12148 0.0149951
1.19271 1.01318 0.0153751
1.21836 0.862602 0.0105093
1.24401 0.741086 0.010547
1.26966 0.679817 0.00853819
1.29531 0.60244 0.00888762
1.32096 0.542849 0.00873658
1.34661 0.479991 0.00746447
1.37226 0.464695 0.00856064
1.39791 0.422809 0.00794034
1.42355 0.383967 0.00708667
1.4492 0.359896 0.00725164
1.47485 0.36581 0.00598287
1.5005 0.331562 0.00491266
1.52615 0.330532 0.00534546
1.5518 0.323274 0.00583922
1.57745 0.308229 0.00645007
1.6031 0.312697 0.00624764
1.62875 0.325801 0.00613472
1.6544 0.328371 0.00470401
1.68005 0.324273 0.00478515
1.7057 0.354952 0.0057815
1.73135 0.372304 0.00586519
1.757 0.372099 0.00571414
1.78265 0.391298 0.00494347
1.8083 0.408388 0.00552638
1.83395 0.43612 0.00502256
1.8596 0.457192 0.00484825
1.88525 0.466557 0.00587002
1.9109 0.496303 0.00114965
1.93655 0.508138 0.00598516
1.9622 0.525157 0.00366856
1.98785 0.541589 0.00237226
2.0135 0.573846 0.00248326
2.03915 0.584889 0.00160846
2.0648 0.575081 0.00263169
2.09045 0.609864 0.00266494
2.1161 0.611207 -nan
2.14174 0.603152 0.00319832
2.16739 0.589496 0.00419291
2.19304 0.572727 0.00322856
2.21869 0.569482 0.00415765
2.24434 0.558393 0.00275756
2.26999 0.553511 0.000776379
2.29564 0.526425 0.00224484
2.32129 0.524519 -nan
2.34694 0.491147 0.00103488
2.37259 0.481287 0.00207845
2.39824 0.476104 0.00322723
2.42389 0.453736 0.00293548
2.44954 0.44183 0.00219969
2.47519 0.44368 0.00193713
2.50084 0.435774 0.00172624
2.52649 0.427196 0.00273842
2.55214 0.436128 0.00268693
2.57779 0.431653 0.00248058
0.0384745 0 0
0.0641241 0 0
0.0897737 0 0
0.115423 0 0
0.141073 0 0
0.166723 0 0
0.192372 0 0
0.218022 0 0
0.243672 0 0
0.269321 0 0
0.294971 0 0
0.32062 0 0
0.34627 0 0
0.37192 0 0
0.397569 0 0
0.423219 0 0
0.448869 0 0
0.474518 0 0
0.500168 0 0
0.525818 0 0
0.551467 0 0
0.577117 0 0
0.602767 0 0
0.628416 0 0
0.654066 0 0
0.679715 0 0
0.705365 0 0
0.731015 0 0
0.756664 0 0
0.782314 0 0
0.807964 0 0
0.833613 0 0
0.859263 0 0
0.884913 0 0
0.910562 0.00129918 0.000746089
0.936212 0.0180249 0.00269585
0.961861 0.0950847 0.00637787
0.987511 0.292353 0.00872202
1.01316 0.58416 0.0123377
1.03881 0.906707 0.0132947
1.06446 1.13829 0.0160944
1.09011 1.18476 0.0134072
1.11576 1.2036 0.0141013
1.14141 1.12201 0.0121047
1.16706 1.05847 0.0123888
1.19271 0.954622 0.0120075
1.21836 0.813497 0.0079134
1.24401 0.732269 0.0117618
1.26966 0.633263 0.00783964
1.29531 0.605865 0.00929753
1.32096 0.530091 0.00902205
1.34661 0.478011 0.00762536
1.37226 0.452873 0.00755114
1.39791 0.419869 0.00649715
1.42355 0.385562 0.00690391
1.4492 0.371693 0.00556358
1.47485 0.359042 0.00630749
1.5005 0.351657 0.00758955
1.52615 0.329298 0.0074425
1.5518 0.338335 0.00595532
1.57745 0.327566 0.00493974
1.6031 0.324573 0.00474136
1.62875 0.346646 0.00584767
1.6544 0.349756 0.00549025
1.68005 0.329489 0.00535005
1.7057 0.352237 0.0051553
1.73135 0.360805 0.00557145
1.757 0.395013 0.00468337
1.78265 0.401129 0.00572502
1.8083 0.423872 0.00427151
1.83395 0.450426 0.00483407
1.8596 0.453765 0.00522748
1.88525 0.485349 0.00529552
1.9109 0.507317 0.00532852
1.93655 0.515798 0.00434039
1.9622 0.530846 0.00442131
1.98785 0.542497 0.0042885
2.0135 0.563395 0.0036546
2.03915 0.561314 0.00330585
2.0648 0.589483 0.00380742
2.09045 0.580611 0.00265751
2.1161 0.581777 0.00314972
2.14174 0.580608 0.00294943
2.16739 0.578183 0.00366068
2.19304 0.567276 0.00314102
2.21869 0.562917 0.00270398
2.24434 0.567233 0.00250599
2.26999 0.535114 0.00254603
2.29564 0.526902 0.00102033
2.32129 0.506859 0.00265017
2.34694 0.486193 -nan
2.37259 0.474079 -nan
2.39824 0.465865 0.00318148
2.42389 0.466876 0.00262893
2.44954 0.454935 0.00239406
2.47519 0.43735 0.00219062
2.50084 0.431468 0.00343401
2.52649 0.441034 0.00206865
2.55214 0.441145 0.00217966
2.57779 0.439273 0.00178529
