0 -4.52622 0.00348356
1 -4.52611 0.00235429
2 -4.52778 0.00208211
3 -4.52869 0.0017529
4 -4.52933 0.00152695
5 -4.52988 0.00136948
6 -4.53038 0.00126523
7 -4.53077 0.00116872
8 -4.53088 0.00104621
9 -4.53101 0.000956252
10 -4.53118 0.000883806
11 -4.53151 0.000883023
12 -4.53176 0.000856075
13 -4.53187 0.000803487
14 -4.53211 0.000785206
15 -4.53225 0.000749975
16 -4.53249 0.000749739
17 -4.53258 0.00071359
18 -4.53263 0.000678611
19 -4.53255 0.000650959
20 -4.53254 0.000620952
21 -4.5325 0.000596383
22 -4.53267 0.000594328
23 -4.53275 0.000576652
24 -4.53279 0.00055494
25 -4.53276 0.000534315
26 -4.53276 0.000515696
27 -4.53287 0.000509392
28 -4.5329 0.000493581
29 -4.53293 0.000478857
30 -4.53293 0.000466019
31 -4.53286 0.000455524
32 -4.53291 0.000444267
33 -4.53291 0.000432113
34 -4.53289 0.000420257
35 -4.53286 0.000410111
36 -4.53282 0.000404283
37 -4.53284 0.000395869
38 -4.53281 0.000387702
39 -4.53286 0.000380776
40 -4.53287 0.000372478
41 -4.5329 0.000366138
42 -4.53289 0.000357774
43 -4.53291 0.000350107
44 -4.53294 0.000343439
45 -4.53294 0.000336504
46 -4.53291 0.000332164
47 -4.53287 0.000329654
48 -4.53281 0.000328229
49 -4.53275 0.000327068
50 -4.53269 0.000326651
51 -4.53268 0.000322402
52 -4.53271 0.000318605
53 -4.53273 0.000313769
54 -4.53276 0.000310214
55 -4.53284 0.000315132
56 -4.53293 0.000321276
57 -4.53302 0.000329161
58 -4.5331 0.000333172
59 -4.53317 0.000334331
60 -4.53322 0.000332916
61 -4.53325 0.000329147
62 -4.53327 0.000324781
63 -4.53329 0.000320564
64 -4.53331 0.00031641
65 -4.53331 0.000311749
66 -4.5333 0.000307531
67 -4.53331 0.000303242
68 -4.53334 0.000300637
69 -4.53336 0.000297108
70 -4.5334 0.000295118
71 -4.53339 0.000291676
72 -4.53338 0.000287864
73 -4.53337 0.000284602
74 -4.53335 0.000282325
75 -4.53338 0.000279877
76 -4.53344 0.000282596
77 -4.53349 0.000283898
78 -4.53351 0.000281326
79 -4.53355 0.000280337
80 -4.5336 0.000282274
81 -4.53364 0.00028112
82 -4.53365 0.000278425
83 -4.53368 0.00027648
84 -4.53367 0.000273481
85 -4.53368 0.000270447
86 -4.53368 0.000267682
87 -4.53368 0.000264938
88 -4.53366 0.000262904
89 -4.53367 0.000260276
90 -4.53365 0.000258351
91 -4.53365 0.000255666
92 -4.53367 0.000253545
93 -4.53366 0.000251034
94 -4.53366 0.000248457
95 -4.53366 0.000245957
96 -4.53364 0.000243822
97 -4.53364 0.000241565
98 -4.53364 0.000239223
99 -4.53363 0.000237212
0 -3.83249 0.000562432
1 -3.83435 0.00183745
2 -3.83463 0.0012847
3 -3.83567 0.00138495
4 -3.83529 0.00120028
5 -3.83491 0.00107028
6 -3.8347 0.000940231
7 -3.83487 0.000863067
8 -3.83473 0.000779263
9 -3.83451 0.000738504
10 -3.8344 0.000684644
11 -3.8344 0.000631872
12 -3.83401 0.000702224
13 -3.83384 0.00067219
14 -3.83358 0.000679838
15 -3.83345 0.000653867
16 -3.83332 0.000630421
17 -3.83332 0.000597936
18 -3.8335 0.000595723
19 -3.83359 0.000581951
20 -3.83351 0.000563647
21 -3.8335 0.000538569
22 -3.83347 0.000516301
23 -3.83349 0.0004962
24 -3.83349 0.000479086
25 -3.83359 0.000473601
26 -3.83354 0.000459764
27 -3.83361 0.000448183
28 -3.83365 0.00043576
29 -3.83375 0.000433887
30 -3.83374 0.000424795
31 -3.8337 0.000417956
32 -3.8337 0.000406592
33 -3.83363 0.000401366
34 -3.83356 0.000397592
35 -3.83359 0.000388767
36 -3.8336 0.000379127
37 -3.83357 0.000371826
38 -3.8336 0.000365785
39 -3.8336 0.000357222
40 -3.83362 0.000348917
41 -3.83365 0.00034215
42 -3.83371 0.000339854
43 -3.83374 0.000333715
44 -3.83374 0.000326613
45 -3.83374 0.00031977
46 -3.8337 0.000316263
47 -3.83367 0.000312805
48 -3.83367 0.000306563
49 -3.83362 0.000304351
50 -3.83361 0.00029887
51 -3.83359 0.00029549
52 -3.8335 0.000302566
53 -3.8335 0.000298448
54 -3.83351 0.000293848
55 -3.83357 0.000294809
56 -3.83355 0.000291182
57 -3.83357 0.000287577
58 -3.83361 0.000285053
59 -3.83364 0.000282152
60 -3.83372 0.000290239
61 -3.8338 0.000295926
62 -3.83382 0.000292682
63 -3.83383 0.00028915
64 -3.83388 0.000289293
65 -3.83394 0.000292078
66 -3.834 0.000293453
67 -3.83403 0.000291745
68 -3.83409 0.000292594
69 -3.83412 0.00029026
70 -3.83414 0.00028784
71 -3.83415 0.000285759
72 -3.8341 0.000286387
73 -3.83412 0.000283462
74 -3.83414 0.000281641
75 -3.83419 0.000283083
76 -3.8342 0.000279718
77 -3.83421 0.000276298
78 -3.83424 0.000274962
79 -3.83426 0.000272644
80 -3.8343 0.000272455
81 -3.83434 0.000273217
82 -3.83436 0.000270671
83 -3.83437 0.000268036
84 -3.83437 0.00026509
85 -3.83441 0.000264342
86 -3.83445 0.000265255
87 -3.83453 0.000275576
88 -3.83459 0.000280054
89 -3.83464 0.000281247
90 -3.83471 0.000286144
91 -3.83472 0.000284379
92 -3.83473 0.00028162
93 -3.83476 0.0002803
94 -3.8348 0.000280339
95 -3.83484 0.000281031
96 -3.83486 0.000278881
97 -3.8349 0.000278329
98 -3.8349 0.00027598
99 -3.8349 0.000273319
0 -3.58285 0.0142171
1 -3.58192 0.0102667
2 -3.58246 0.00737411
3 -3.58359 0.0056563
4 -3.58388 0.00462391
5 -3.5847 0.00393609
6 -3.58534 0.00342873
7 -3.58554 0.00303398
8 -3.58557 0.00271226
9 -3.58542 0.00244769
10 -3.58528 0.00223027
11 -3.58515 0.00204858
12 -3.58482 0.00191835
13 -3.58449 0.00181409
14 -3.58436 0.00170076
15 -3.58427 0.00159903
16 -3.58397 0.00153254
17 -3.5839 0.001451
18 -3.58383 0.00137751
19 -3.58379 0.00130989
20 -3.58383 0.00125085
21 -3.58384 0.00119484
22 -3.58387 0.00114444
23 -3.58387 0.001097
24 -3.58378 0.00105928
25 -3.5836 0.00103386
26 -3.58346 0.00100834
27 -3.58318 0.00101176
28 -3.58306 0.000985324
29 -3.58307 0.000953043
30 -3.58302 0.000923874
31 -3.58296 0.000896994
32 -3.58298 0.00087013
33 -3.58301 0.000845482
34 -3.58303 0.000822672
35 -3.58317 0.000811581
36 -3.58307 0.000798477
37 -3.58299 0.000781903
38 -3.58295 0.000763189
39 -3.58285 0.000750842
40 -3.5827 0.000747515
41 -3.58262 0.000734988
42 -3.58258 0.000719071
43 -3.58255 0.000707046
44 -3.58257 0.000692069
45 -3.58262 0.000679178
46 -3.58266 0.000666173
47 -3.58269 0.000653388
48 -3.58278 0.000646406
49 -3.58284 0.000637182
50 -3.58292 0.000628927
51 -3.58292 0.000617169
52 -3.58293 0.000606341
53 -3.58292 0.000595327
54 -3.58291 0.000584688
55 -3.58291 0.000574317
56 -3.58287 0.000565945
57 -3.58287 0.000556395
58 -3.58283 0.000548552
59 -3.58275 0.000545416
60 -3.58267 0.000541954
61 -3.58259 0.000540548
62 -3.58249 0.000542049
63 -3.58248 0.000533661
64 -3.58247 0.000525495
65 -3.58243 0.000519531
66 -3.58243 0.000512199
67 -3.58239 0.00050663
68 -3.58235 0.000501902
69 -3.58235 0.000494772
70 -3.58231 0.000489755
71 -3.58229 0.000483285
72 -3.58227 0.000476957
73 -3.58229 0.000471028
74 -3.58227 0.000465418
75 -3.58227 0.000459436
76 -3.58228 0.00045364
77 -3.58226 0.000448547
78 -3.58222 0.000444533
79 -3.58222 0.000439051
80 -3.58218 0.000436269
81 -3.58215 0.000432398
82 -3.58209 0.000431503
83 -3.58202 0.000431825
84 -3.58196 0.000431116
85 -3.58193 0.000428182
86 -3.58193 0.000423766
87 -3.58193 0.000419249
88 -3.58192 0.000414789
89 -3.58189 0.000411336
90 -3.58186 0.000407603
91 -3.58182 0.000405522
92 -3.58183 0.000401266
93 -3.58183 0.000397157
94 -3.58183 0.000393362
95 -3.5818 0.00039147
96 -3.58182 0.000388386
97 -3.5818 0.000385179
98 -3.58181 0.000381506
99 -3.58179 0.000378293
0 -3.24594 0.00177415
1 -3.24642 0.00124677
2 -3.24647 0.00101301
3 -3.24707 0.00101436
4 -3.2471 0.000822215
5 -3.24705 0.000696274
6 -3.2469 0.000619832
7 -3.24658 0.000670448
8 -3.24647 0.00061807
9 -3.24616 0.000629916
10 -3.24591 0.000622294
11 -3.24562 0.000635718
12 -3.24524 0.000694783
13 -3.24522 0.000647762
14 -3.24508 0.000629361
15 -3.24499 0.000624927
16 -3.24481 0.000627813
17 -3.24471 0.000604894
18 -3.24478 0.000585972
19 -3.2449 0.000572653
20 -3.24473 0.000582794
21 -3.24466 0.000566161
22 -3.2445 0.000564882
23 -3.24438 0.000557251
24 -3.24432 0.000541237
25 -3.24414 0.000562624
26 -3.24407 0.000554105
27 -3.24414 0.000539367
28 -3.24419 0.000523721
29 -3.24425 0.000510304
30 -3.24425 0.000494244
31 -3.24437 0.000495595
32 -3.24446 0.000493949
33 -3.24448 0.000491498
34 -3.24456 0.000485207
35 -3.24461 0.000477201
36 -3.24466 0.000469674
37 -3.24475 0.000466031
38 -3.24487 0.000472533
39 -3.24503 0.000490087
40 -3.24513 0.000490755
41 -3.24527 0.000504985
42 -3.24533 0.000498948
43 -3.24538 0.000489823
44 -3.24537 0.000479464
45 -3.2454 0.000470515
46 -3.24547 0.000466869
47 -3.2455 0.000458416
48 -3.2455 0.00044951
49 -3.2455 0.00044071
50 -3.24546 0.000434357
51 -3.24545 0.000426276
52 -3.24545 0.000418453
53 -3.24543 0.000411239
54 -3.24542 0.000404134
55 -3.24548 0.000400615
56 -3.24551 0.000395133
57 -3.24557 0.000393936
58 -3.2456 0.000388083
59 -3.24565 0.000385586
60 -3.24564 0.000380093
61 -3.24567 0.000375698
62 -3.24569 0.000370529
63 -3.2457 0.000365688
64 -3.24566 0.000363257
65 -3.24566 0.000357964
66 -3.24562 0.000354598
67 -3.24564 0.000350057
68 -3.24561 0.000346717
69 -3.24563 0.000342472
70 -3.24562 0.000339376
71 -3.24554 0.000343467
72 -3.2455 0.00034238
73 -3.24546 0.000339964
74 -3.24541 0.000339482
75 -3.24535 0.000340989
76 -3.24533 0.000337161
77 -3.24531 0.000333914
78 -3.24527 0.000331749
79 -3.24528 0.000327813
80 -3.24528 0.000324207
81 -3.24526 0.00032233
82 -3.24521 0.00032257
83 -3.24519 0.000322797
84 -3.24513 0.00032567
85 -3.24509 0.00032452
86 -3.24502 0.000329499
87 -3.24497 0.000328796
88 -3.24495 0.00032581
89 -3.24491 0.000325163
90 -3.24487 0.000323795
91 -3.24486 0.000321027
92 -3.24483 0.000319692
93 -3.24475 0.000327822
94 -3.24475 0.000324591
95 -3.24473 0.000322428
96 -3.24473 0.000319218
97 -3.2447 0.000317483
98 -3.24469 0.000315445
99 -3.24466 0.000314047
