1.09537
1.08723
1.07559
1.06024
1.04096
1.01753
0.989788
0.957706
0.921497
0.881715
0.839386
0.79605
0.753748
0.714815
0.681573
0.655931
0.638992
0.63079
0.63035
0.635953
0.645545
0.657108
0.668912
0.679619
0.688302
0.69447
0.698095
0.699577
0.69968
0.699303
0.699267
0.700012
0.701513
0.703257
0.704516
0.704608
0.703072
0.699791
0.694966
0.689102
0.68294
0.677311
0.673001
0.67065
0.670665
0.673144
0.677826
0.684093
0.691081
0.697885
0.703758
0.708205
0.711014
0.712207
0.711969
0.71056
0.70827
0.705418
0.702243
0.698896
0.695338
0.691372
0.686727
0.68116
0.674547
0.666956
0.658626
0.649941
0.641385
0.633533
0.626965
0.622096
0.619019
0.617497
0.617105
0.617473
0.618484
0.620287
0.62312
0.627131
0.632236
0.63809
0.644186
0.649979
0.65498
0.658806
0.661217
0.662102
0.661504
0.659593
0.656667
0.653148
0.64952
0.646311
0.644044
0.643198
0.644115
0.646872
0.651176
0.656313
0.661266
0.664955
0.666491
0.665419
0.661868
0.656443
0.650029
0.643512
0.637566
0.632614
0.62894
0.626834
0.626643
0.628718
0.633231
0.640056
0.648658
0.658161
0.66751
0.675679
0.681864
0.685561
0.686619
0.685241
0.681914
0.677357
0.672404
0.667867
0.664398
0.662371
0.661855
0.66263
0.664283
0.666378
0.668596
0.670759
0.672862
0.675038
0.677559
0.680795
0.685098
0.690655
0.69732
0.704515
0.711325
0.71677
0.72006
0.720804
0.719047
0.715132
0.709611
0.703127
0.696279
0.689623
0.683662
0.678974
0.676254
0.676256
0.679581
0.686363
0.696168
0.708036
0.720735
0.733013
0.743762
0.752153
0.757716
0.760307
0.760113
0.75754
0.753121
0.747398
0.740864
0.733963
0.727087
0.720628
0.71496
0.710411
0.707203
0.705412
0.704975
0.705704
0.707313
0.709461
0.711795
0.713983
0.715762
0.716962
0.717475
0.717181
0.715937
0.7136
0.710083
0.705422
0.699838
0.693691
0.68743
0.681468
0.676099
0.671441
0.667531
0.66442
0.662224
0.661164
0.66151
0.66347
0.667006
0.671702
0.676717
0.680922
0.683069
0.681956
0.676651
0.666735
0.652608
0.635794
0.619091
0.605951
0.599055
0.599013
0.604402
0.612988
0.622888
0.63298
0.642689
0.651737
0.659875
0.666805
0.672218
0.675931
0.677974
0.67855
0.677904
0.676175
0.673355
0.669364
0.664161
0.657882
0.650837
0.643461
0.636292
0.629915
0.62492
0.621862
0.621092
0.622658
0.62624
0.63122
0.636824
0.642316
0.647141
0.650976
0.653736
0.655488
0.656394
0.656652
0.656481
0.656052
0.65544
0.654559
0.6531
0.650647
0.646876
0.641751
0.635654
0.629366
0.623874
0.620108
0.618699
0.619866
0.62344
0.628972
0.635902
0.643643
0.651614
0.659272
0.66612
0.67169
0.675629
0.67775
0.678084
0.676875
0.674489
0.671335
0.667702
0.663691
0.65926
0.654287
0.648704
0.642614
0.636304
0.63026
0.625101
0.621477
0.619929
0.620699
0.623585
0.627953
0.632933
0.637696
0.641634
0.644431
0.646034
0.646512
0.645932
0.644359
0.641873
0.638615
0.634815
0.630764
0.6267
0.622729
0.618809
0.61482
0.610633
0.606215
0.601703
0.597454
0.59404
0.592162
0.592513
0.595554
0.601351
0.609593
0.619653
0.630786
0.642236
0.653315
0.663471
0.672312
0.679606
0.685257
0.689195
0.691332
0.691538
0.689702
0.685851
0.680178
0.673108
0.665273
0.657388
0.650106
0.643909
0.639064
0.63566
0.63368
0.633103
0.6339
0.636034
0.639394
0.643793
0.649005
0.654814
0.661073
0.667658
0.674327
0.680507
0.685288
0.68754
0.686258
0.680851
0.671291
0.658166
0.642678
0.626549
0.611838
0.600612
0.59446
0.594099
0.599202
0.608578
0.620612
0.633598
0.646008
0.656657
0.6647
0.669597
0.671092
0.669207
0.66422
0.656711
0.647507
0.637685
0.628384
0.620607
0.614996
0.611735
0.610535
0.610829
0.61201
0.613734
0.616076
0.619341
0.623617
0.628419
0.632711
0.635347
0.63556
0.633174
0.628549
0.622438
0.615816
0.609773
0.605422
0.603848
0.605974
0.612408
0.623284
0.638132
0.655882
0.675016
0.693797
0.710539
0.723885
0.73292
0.737226
0.736881
0.732426
0.724758
0.715032
0.70451
0.694381
0.685595
0.678698
0.673779
0.670539
0.66843
0.666793
0.665023
0.662657
0.659396
0.655131
0.649958
0.644119
0.637955
0.631874
0.62631
0.62167
0.618264
0.616172
0.6152
0.614887
0.614656
0.614017
0.612762
0.611055
0.60937
0.608342
0.6085
0.610082
0.612885
0.616337
0.619698
0.622268
0.623515
0.623148
0.621072
0.617343
0.612141
0.605718
0.598358
0.590406
0.582283
0.574574
0.56805
0.563623
0.562169
0.564313
0.570223
0.579527
0.591384
0.604668
0.618206
0.630977
0.642226
0.651466
0.65844
0.66309
0.665507
0.665902
0.664648
0.662271
0.6594
0.656684
0.654611
0.65336
0.652828
0.652699
0.652531
0.651786
0.649944
0.646684
0.642034
0.636461
0.630834
0.626159
0.62325
0.622456
0.62358
0.626019
0.629002
0.631818
0.633965
0.635221
0.635603
0.635233
0.634206
0.632488
0.62995
0.626433
0.621922
0.616587
0.610782
0.604984
0.599719
0.595477
0.592674
0.59156
0.592162
0.59429
0.597599
0.601701
0.606263
0.611084
0.616107
0.621352
0.626793
0.632224
0.637231
0.641263
0.643791
0.644481
0.643325
0.640701
0.637299
0.633941
0.631418
0.630295
0.630793
0.632744
0.635627
0.638674
0.641079
0.642176
0.641594
0.639325
0.63573
0.631506
0.627594
0.625003
0.624556
0.626672
0.631223
0.637588
0.644911
0.652376
0.65935
0.665409
0.670206
0.673412
0.674706
0.673812
0.670594
0.665141
0.657892
0.649672
0.641598
0.634827
0.630178
0.627811
0.627246
0.627746
0.628771
0.630191
0.632188
0.634997
0.638656
0.642911
0.6473
0.651265
0.65427
0.655898
0.655961
0.65451
0.651746
0.647982
0.643611
0.639155
0.635214
0.632395
0.631147
0.631573
0.633395
0.635986
0.63854
0.640226
0.640346
0.638399
0.634193
0.62787
0.61991
0.61106
0.602245
0.594418
0.588438
0.584945
0.584286
0.586498
0.591313
0.598221
0.606507
0.61539
0.624103
0.632036
0.638754
0.644056
0.647936
0.650536
0.652042
0.652616
0.652391
0.651461
0.649911
0.647843
0.645386
0.642702
0.639951
0.637217
0.634508
0.631736
0.628737
0.625317
0.621315
0.616616
0.611238
0.605342
0.599225
0.593317
0.588101
0.584074
0.581677
0.581208
0.582738
0.586021
0.590473
0.595199
0.599111
0.60117
0.600618
0.597184
0.59118
0.583446
0.575163
0.567544
0.561593
0.557973
0.557017
0.558769
0.562993
0.569123
0.576318
0.58362
0.590167
0.595366
0.598997
0.601166
0.602202
0.602563
0.602739
0.603123
0.603972
0.605393
0.60737
0.60983
0.612723
0.616068
0.619968
0.624627
0.630257
0.637033
0.644992
0.653946
0.663464
0.67291
0.681534
0.688625
0.693657
0.696331
0.69657
0.694475
0.690255
0.684169
0.676521
0.667676
0.658025
0.648018
0.638172
0.629033
0.621179
0.61515
0.611367
0.610098
0.611398
0.6151
0.620794
0.627849
0.635522
0.643025
0.649622
0.654676
0.657686
0.65829
0.656273
0.651579
0.644377
0.635114
0.624511
0.613551
0.603374
0.595047
0.589359
0.586685
0.586923
0.589577
0.593919
0.599188
0.604726
0.610057
0.614928
0.619297
0.623299
0.627186
0.631201
0.635422
0.639621
0.643219
0.645385
0.64531
0.642481
0.636865
0.628965
0.619695
0.610176
0.601512
0.59463
0.59015
0.588275
0.588745
0.590892
0.5938
0.596505
0.598161
0.598184
0.596315
0.592655
0.587688
0.582158
0.576957
0.572887
0.570488
0.57002
0.571518
0.574887
0.579987
0.586602
0.594404
0.602937
0.611704
0.620293
0.628457
0.636155
0.643483
0.65051
0.657138
0.663044
0.667689
0.670517
0.671127
0.66941
0.665647
0.660421
0.65445
0.648381
0.642617
0.637349
0.632696
0.628753
0.625489
0.622687
0.619963
0.616984
0.613651
0.610204
0.607112
0.604861
0.603691
0.603463
0.603724
0.603959
0.603917
0.603826
0.60437
0.606479
0.610952
0.618071
0.627399
0.637943
0.648479
0.657917
0.665513
0.670897
0.673981
0.674864
0.67374
0.670804
0.66623
0.660197
0.6529
0.644569
0.63544
0.625713
0.615528
0.605009
0.594304
0.583681
0.573594
0.564726
0.557919
0.554036
0.553683
0.556944
0.563315
0.571861
0.581532
0.591519
0.601378
0.610987
0.620336
0.629279
0.637445
0.64429
0.649295
0.652155
0.652899
0.651874
0.649603
0.646571
0.643119
0.639411
0.635512
0.631522
0.62764
0.62416
0.621414
0.619604
0.618732
0.618576
0.61875
0.618817
0.618472
0.617698
0.616842
0.616587
0.617732
0.620904
0.626199
0.633166
0.640994
0.648804
0.655867
0.661671
0.665903
0.66833
0.668701
0.666784
0.662458
0.655818
0.647185
0.637113
0.626261
0.6153
0.604771
0.595043
0.586321
0.578703
0.572212
0.56684
0.56261
0.559668
0.55837
0.559296
0.563087
0.57005
0.579818
0.591356
0.603347
0.614648
0.624505
0.632508
0.63836
0.641685
0.642043
0.639089
0.632856
0.623876
0.613196
0.602213
0.592321
0.584553
0.57933
0.576527
0.575741
0.576603
0.578928
0.582744
0.588225
0.595548
0.604781
0.615804
0.628271
0.641633
0.655251
0.668459
0.68062
0.691154
0.699558
0.7054
0.708424
0.708521
0.705838
0.700816
0.694112
0.686541
0.678895
0.671744
0.665359
0.659704
0.654533
0.649523
0.64443
0.639135
0.633706
0.628348
0.623306
0.618776
0.614853
0.611549
0.608874
0.606923
0.605896
0.606016
0.607322
0.609613
0.612423
0.61518
0.617348
0.618621
0.61897
0.618665
0.618116
0.617768
0.617912
0.618608
0.619689
0.62088
0.621921
0.622691
0.623155
0.623297
0.623037
0.622254
0.620827
0.618773
0.616249
0.613527
0.610961
0.60894
0.607832
0.6079
0.609258
0.611831
0.61541
0.619723
0.624517
0.62956
0.634641
0.639553
0.644072
0.647991
0.651136
0.653391
0.654709
0.655085
0.654572
0.653247
0.651161
0.648348
0.644816
0.64059
0.635794
1.09212
1.07903
1.0625
1.04455
1.02703
1.01076
0.995406
0.980058
0.963911
0.946651
0.928592
0.910707
0.89474
0.883043
0.877939
0.8802
0.887972
0.897592
0.905648
0.91018
0.910604
0.907016
0.899719
0.889288
0.876842
0.864241
0.853889
0.848162
0.848701
0.856053
0.869834
0.889089
0.91247
0.938093
0.963431
0.985544
1.0016
1.00946
1.00809
0.997698
0.979691
0.956593
0.931667
0.908287
0.889153
0.875798
0.868604
0.867175
0.87069
0.878015
0.887774
0.898421
0.908436
0.916554
0.921988
0.924503
0.92443
0.92243
0.919246
0.91546
0.911454
0.907552
0.904046
0.901054
0.898392
0.895669
0.892721
0.890312
0.890467
0.895808
0.907894
0.925815
0.946662
0.967113
0.984649
0.997747
1.00563
1.00801
1.00515
0.998022
0.988412
0.978748
0.9714
0.967652
0.967223
0.968723
0.970513
0.971328
0.970321
0.966943
0.960951
0.952483
0.942137
0.930813
0.919423
0.90858
0.898455
0.88896
0.880172
0.872748
0.867991
0.867294
0.871375
0.879692
0.890601
0.90202
0.912279
0.920645
0.92738
0.9334
0.939676
0.946832
0.955025
0.964161
0.974004
0.983983
0.992853
0.998802
1.00008
0.995688
0.985696
0.971192
0.953855
0.935525
0.917875
0.902344
0.890152
0.882083
0.878209
0.877715
0.87919
0.88121
0.882924
0.884321
0.88606
0.888931
0.893291
0.898712
0.904183
0.908532
0.910814
0.910475
0.90738
0.901742
0.894135
0.88547
0.876858
0.869373
0.863875
0.860981
0.861152
0.864655
0.871368
0.880512
0.890713
0.900342
0.907911
0.912332
0.913071
0.910228
0.904561
0.897397
0.890465
0.885544
0.884054
0.886674
0.893132
0.902278
0.912469
0.922048
0.929734
0.934885
0.937363
0.937337
0.935012
0.930531
0.924058
0.915983
0.906956
0.897798
0.889274
0.882039
0.876682
0.87386
0.874236
0.878341
0.886343
0.897924
0.912286
0.928302
0.944755
0.960537
0.974804
0.986996
0.996794
1.004
1.00835
1.00944
1.0067
0.999574
0.987856
0.97195
0.952974
0.93269
0.913109
0.895976
0.882408
0.872707
0.866562
0.863334
0.86237
0.863133
0.865126
0.867848
0.870739
0.873304
0.875245
0.876497
0.877141
0.877223
0.876765
0.875793
0.874485
0.873257
0.872752
0.87358
0.875999
0.879757
0.884183
0.88846
0.89193
0.894253
0.895424
0.89563
0.895066
0.893846
0.891948
0.889389
0.886414
0.88359
0.881752
0.881708
0.883941
0.8884
0.89445
0.901156
0.907678
0.913665
0.919275
0.924989
0.931295
0.938491
0.946667
0.955756
0.965615
0.976022
0.986561
0.996663
1.00564
1.01282
1.01757
1.01927
1.01728
1.01104
1.00037
0.985763
0.968624
0.951316
0.936653
0.926941
0.9231
0.924394
0.928932
0.934498
0.93922
0.941957
0.942313
0.940474
0.936891
0.931943
0.925819
0.918705
0.911041
0.903626
0.897489
0.893571
0.892416
0.893989
0.897711
0.902666
0.907895
0.912698
0.916835
0.920496
0.924083
0.927937
0.932119
0.936348
0.940188
0.943239
0.945293
0.946295
0.946238
0.944945
0.941998
0.936797
0.928739
0.917426
0.902883
0.885717
0.867203
0.849297
0.834405
0.824745
0.821485
0.824358
0.832084
0.843195
0.856629
0.871776
0.888185
0.90538
0.922681
0.939221
0.953973
0.965875
0.973993
0.977716
0.976962
0.972278
0.964841
0.956266
0.948166
0.941683
0.937188
0.9342
0.931691
0.928493
0.923688
0.916778
0.9077
0.896738
0.884454
0.871622
0.859175
0.848155
0.839527
0.834071
0.832306
0.834403
0.840109
0.848742
0.859394
0.87132
0.884271
0.898434
0.914001
0.930729
0.947734
0.963743
0.977536
0.988294
0.995673
0.999762
1.00092
0.999683
0.996662
0.992596
0.988261
0.984423
0.981707
0.980507
0.980613
0.980911
0.979549
0.974618
0.964856
0.949994
0.930735
0.908669
0.886219
0.866565
0.853312
0.849532
0.856331
0.87208
0.893169
0.915551
0.935965
0.952335
0.963751
0.970263
0.972523
0.97138
0.96757
0.961533
0.953456
0.943553
0.932261
0.920339
0.908739
0.898418
0.890065
0.88401
0.880242
0.87846
0.878133
0.878518
0.878667
0.877536
0.874247
0.868312
0.859848
0.849524
0.838407
0.827713
0.818647
0.812314
0.80969
0.811345
0.817138
0.826057
0.836539
0.847147
0.857096
0.866322
0.875219
0.884206
0.893379
0.902378
0.910514
0.917135
0.921922
0.924985
0.92678
0.927913
0.928914
0.930071
0.931412
0.932708
0.933553
0.933473
0.931996
0.928838
0.924085
0.918459
0.913442
0.911014
0.912842
0.919308
0.929255
0.940689
0.951814
0.96163
0.96986
0.976578
0.981855
0.985609
0.987675
0.987947
0.98645
0.983365
0.97904
0.973919
0.968464
0.962971
0.957381
0.951286
0.944058
0.935097
0.924136
0.91146
0.898058
0.885661
0.876464
0.872367
0.874054
0.880646
0.890179
0.900562
0.910256
0.918423
0.924827
0.929626
0.933203
0.935971
0.938184
0.939833
0.940544
0.939671
0.936523
0.930689
0.922246
0.91183
0.900404
0.888854
0.877596
0.866473
0.855056
0.843304
0.832004
0.822484
0.815771
0.811967
0.810556
0.811225
0.81426
0.820163
0.829043
0.840393
0.85325
0.866604
0.879706
0.892185
0.903895
0.914732
0.92437
0.932073
0.936779
0.937469
0.933577
0.925353
0.913882
0.900756
0.887553
0.875396
0.864806
0.855714
0.847722
0.840361
0.833282
0.826416
0.82017
0.815504
0.813807
0.816313
0.823374
0.83401
0.84622
0.857828
0.867234
0.873786
0.8777
0.879785
0.881128
0.8829
0.886237
0.892102
0.901184
0.913603
0.928881
0.945994
0.963688
0.980734
0.996096
1.00889
1.01829
1.02344
1.02367
1.01867
1.00873
0.9947
0.977612
0.958128
0.936456
0.912765
0.887765
0.862905
0.840039
0.820949
0.807008
0.798984
0.796818
0.79958
0.805778
0.813988
0.823404
0.833927
0.845814
0.85912
0.87344
0.88802
0.902071
0.915072
0.926808
0.937275
0.94657
0.954805
0.962053
0.968316
0.973495
0.977341
0.97937
0.978862
0.975033
0.967346
0.955859
0.941451
0.925744
0.910904
0.89919
0.892427
0.89146
0.895782
0.903543
0.912148
0.919103
0.922716
0.922394
0.918531
0.912204
0.904818
0.89789
0.892936
0.891342
0.89411
0.901437
0.912396
0.925022
0.93689
0.945837
0.950579
0.950932
0.947625
0.94184
0.934633
0.926567
0.917658
0.907552
0.895904
0.882614
0.867972
0.852819
0.838669
0.827596
0.821673
0.822083
0.828403
0.838697
0.85029
0.860735
0.868494
0.873078
0.874958
0.87524
0.875262
0.876292
0.879253
0.884736
0.893036
0.904178
0.91778
0.933022
0.948765
0.963904
0.977602
0.989421
0.99918
1.00679
1.01213
1.0151
1.01569
1.01409
1.01069
1.00598
1.00028
0.993683
0.986024
0.97697
0.966185
0.953495
0.93906
0.923427
0.907582
0.892875
0.88084
0.872929
0.870169
0.872898
0.88074
0.892665
0.907061
0.92189
0.935088
0.94509
0.951257
0.954031
0.954661
0.954587
0.954763
0.955261
0.955441
0.954414
0.951487
0.946358
0.939126
0.930177
0.920079
0.909365
0.898397
0.887274
0.875987
0.86473
0.854169
0.845585
0.84069
0.841146
0.847951
0.860987
0.87903
0.90007
0.921832
0.94226
0.959701
0.972976
0.98135
0.984456
0.982236
0.974919
0.963077
0.947685
0.930115
0.911873
0.894191
0.877682
0.862316
0.847733
0.833583
0.819897
0.80734
0.797341
0.791839
0.792674
0.800788
0.815651
0.835373
0.857298
0.878796
0.897735
0.912668
0.922699
0.927296
0.926274
0.920003
0.909564
0.896814
0.884198
0.874282
0.869097
0.869616
0.875563
0.885725
0.898501
0.912351
0.925992
0.938431
0.948969
0.957205
0.962995
0.96634
0.967254
0.965779
0.962056
0.956478
0.949725
0.94264
0.935921
0.929919
0.924573
0.919549
0.914527
0.909298
0.903777
0.897907
0.891624
0.884857
0.877645
0.870246
0.863058
0.856534
0.851086
0.847062
0.844771
0.844424
0.845985
0.849094
0.853154
0.857508
0.861611
0.865
0.867289
0.868184
0.867545
0.865464
0.862264
0.858569
0.855376
0.853946
0.855289
0.859529
0.8658
0.872804
0.879474
0.885173
0.889515
0.892252
0.893392
0.893276
0.892667
0.892566
0.893809
0.896617
0.900462
0.904377
0.907546
0.909724
0.911243
0.912857
0.915457
0.919602
0.925192
0.93143
0.937114
0.941169
0.942961
0.942441
0.940058
0.936609
0.933148
0.930766
0.93029
0.932093
0.936026
0.941481
0.947562
0.95327
0.957682
0.960129
0.960277
0.95803
0.953465
0.946718
0.937993
0.927699
0.916536
0.905471
0.89561
0.888044
0.883696
0.883248
0.886979
0.894605
0.905166
0.917081
0.928457
0.937499
0.94289
0.94401
0.941056
0.934965
0.927209
0.919474
0.913262
0.909475
0.908215
0.908806
0.910094
0.91086
0.910113
0.907401
0.902969
0.897801
0.893349
0.890982
0.891448
0.894692
0.900106
0.906884
0.914212
0.921254
0.927097
0.930754
0.931273
0.927939
0.920419
0.908885
0.894072
0.877164
0.859628
0.842867
0.827907
0.815187
0.804668
0.796112
0.789612
0.785993
0.78687
0.79398
0.808017
0.827736
0.850391
0.873069
0.893704
0.911358
0.925923
0.937769
0.947394
0.955267
0.961662
0.966621
0.969931
0.97115
0.969745
0.965281
0.957704
0.947512
0.935712
0.923435
0.911421
0.89984
0.888494
0.877212
0.866104
0.855565
0.846147
0.838456
0.833054
0.830388
0.830576
0.833278
0.837649
0.842522
0.846824
0.849906
0.851674
0.852479
0.852935
0.853717
0.855446
0.858582
0.863359
0.869711
0.8771
0.884443
0.890294
0.893407
0.893442
0.8914
0.889363
0.889629
0.893731
0.901997
0.913798
0.92799
0.943243
0.958084
0.970969
0.980409
0.985314
0.985402
0.981315
0.974442
0.966324
0.958047
0.94986
0.941298
0.931709
0.920834
0.909227
0.898364
0.890281
0.886967
0.88968
0.898541
0.912472
0.929534
0.947504
0.964294
0.978292
0.988434
0.994129
0.995286
0.992245
0.985703
0.976575
0.965741
0.953878
0.941386
0.928519
0.915693
0.903914
0.894944
0.890746
0.892305
0.898835
0.908026
0.91719
0.924393
0.928944
0.931307
1.10168
1.10569
1.11206
1.11603
1.09751
1.00303
0.85131
0.919178
1.10375
1.18831
1.21033
1.2028
1.15929
1.05237
0.968463
1.11972
1.29147
1.34524
1.31712
1.23523
1.13237
1.09243
1.15822
1.24292
1.2833
1.27745
1.23641
1.1754
1.12326
1.10849
1.12808
1.15899
1.1845
1.1949
1.18375
1.1537
1.12469
1.12083
1.14121
1.16695
1.18542
1.19151
1.18129
1.15159
1.10487
1.05523
1.02525
1.02947
1.06154
1.10064
1.12877
1.1395
1.13612
1.12634
1.11576
1.10575
1.09839
1.09783
1.10394
1.11093
1.11355
1.11081
1.10508
1.10011
1.09933
1.1045
1.11461
1.12601
1.13371
1.13311
1.12133
1.09801
1.06585
1.03065
1.00037
0.982533
0.980932
0.99379
1.01499
1.03747
1.05613
1.06862
1.0747
1.07516
1.07131
1.06486
1.05751
1.05007
1.04189
1.03161
1.01902
1.00628
0.997144
0.994389
0.997848
1.00491
1.01274
1.01983
1.02598
1.03163
1.03714
1.04224
1.04604
1.04742
1.04559
1.0405
1.03287
1.0239
1.01498
1.00735
1.00193
0.999119
0.998736
1.00013
1.00248
1.00517
1.00809
1.0116
1.0161
1.02147
1.02684
1.03077
1.03178
1.02885
1.02179
1.01136
0.999282
0.987954
0.979613
0.975141
0.973453
0.972181
0.969168
0.963372
0.95507
0.945734
0.938128
0.936094
0.943193
0.9605
0.985486
1.01345
1.03975
1.06104
1.07554
1.08305
1.08479
1.08304
1.08056
1.07983
1.08254
1.0891
1.0983
1.1076
1.1141
1.11575
1.11191
1.10327
1.09133
1.07774
1.0637
1.04973
1.03592
1.02227
1.00895
0.996306
0.984808
0.974999
0.967541
0.963169
0.96251
0.965836
0.973006
0.983565
0.996784
1.01157
1.02647
1.03997
1.05123
1.06075
1.06984
1.0792
1.08796
1.09418
1.09609
1.09271
1.08396
1.07073
1.0549
1.03895
1.02513
1.01465
1.00772
1.00395
1.00276
1.00353
1.00563
1.00876
1.01328
1.02014
1.03022
1.04338
1.05812
1.07213
1.08316
1.08953
1.09033
1.08549
1.07588
1.0633
1.05037
1.03977
1.03346
1.03194
1.0343
1.03884
1.04366
1.04717
1.04829
1.04659
1.0423
1.03609
1.02882
1.0213
1.01416
1.0078
1.0025
0.998464
0.99585
0.994833
0.995488
0.99767
1.00107
1.00549
1.01109
1.01842
1.02815
1.04063
1.05553
1.07189
1.08842
1.10384
1.11711
1.12755
1.13481
1.13877
1.1394
1.13661
1.1302
1.12001
1.10601
1.08851
1.06822
1.04642
1.02496
1.00633
0.993246
0.987881
0.990759
1.00022
1.01309
1.02608
1.03677
1.04405
1.04811
1.0501
1.05159
1.05388
1.0575
1.06205
1.06646
1.0693
1.06911
1.06485
1.05618
1.04366
1.02873
1.01334
0.999435
0.988449
0.980921
0.976639
0.974919
0.974905
0.975745
0.976889
0.978091
0.979322
0.980793
0.983291
0.988398
0.997759
1.01164
1.02846
1.04571
1.06131
1.07412
1.08387
1.09075
1.0951
1.09721
1.09725
1.0953
1.09148
1.08608
1.07949
1.07214
1.06417
1.0552
1.04447
1.0313
1.01575
0.998977
0.982858
0.969231
0.95926
0.953569
0.952676
0.95689
0.965691
0.977583
0.990729
1.00366
1.01545
1.02556
1.03359
1.03922
1.04223
1.04273
1.04125
1.03853
1.0352
1.03151
1.0276
1.02384
1.02092
1.01957
1.01996
1.02137
1.02224
1.02072
1.01518
1.00485
0.990236
0.973134
0.95629
0.942562
0.934178
0.932476
0.937944
0.950054
0.967268
0.987533
1.00904
1.0308
1.05251
1.0742
1.09573
1.11655
1.1356
1.1515
1.16292
1.16887
1.16889
1.16299
1.15146
1.13486
1.11436
1.09198
1.07036
1.0518
1.03734
1.02669
1.01883
1.01276
1.00757
1.00238
0.996339
0.989091
0.981276
0.974631
0.9714
0.973329
0.98093
0.993395
1.00877
1.02441
1.03776
1.04715
1.05199
1.05238
1.04879
1.04202
1.03348
1.02521
1.01934
1.01743
1.01993
1.0262
1.03478
1.04371
1.05092
1.05444
1.05272
1.04502
1.03162
1.01397
0.994654
0.976806
0.963137
0.954968
0.95195
0.95263
0.955463
0.959597
0.964972
0.971713
0.979583
0.987869
0.995819
1.00318
1.01054
1.01912
1.03005
1.04345
1.05797
1.07134
1.08131
1.08625
1.08526
1.0781
1.06499
1.04699
1.02622
1.00605
0.990614
0.983488
0.986338
0.998156
1.01575
1.03497
1.05197
1.06389
1.06935
1.0686
1.06339
1.05647
1.05058
1.04759
1.04801
1.05123
1.05602
1.06125
1.06626
1.07096
1.07567
1.08082
1.08662
1.09278
1.09847
1.10254
1.10403
1.10256
1.09837
1.09224
1.08502
1.07735
1.06949
1.06135
1.05276
1.04364
1.03412
1.02449
1.01508
1.00631
0.998621
0.992219
0.986814
0.981649
0.975986
0.969779
0.963982
0.96027
0.960274
0.96486
0.973631
0.985101
0.997204
1.00786
1.01518
1.01781
1.01583
1.01186
1.01045
1.0145
1.02241
1.02978
1.0332
1.03173
1.02624
1.01836
1.00983
1.00216
0.996386
0.992824
0.991231
0.99113
0.992116
0.993909
0.99616
0.998267
0.99937
0.998607
0.995534
0.990453
0.984612
0.979979
0.978546
0.981339
0.987726
0.995755
1.00324
1.00857
1.01092
1.01011
1.00642
1.00067
0.99443
0.98993
0.989576
0.994932
1.00589
1.02077
1.03714
1.05275
1.06593
1.0756
1.08119
1.08267
1.08063
1.07635
1.07136
1.06707
1.06415
1.06256
1.06185
1.06152
1.0613
1.06112
1.0609
1.06047
1.05952
1.05786
1.05566
1.05356
1.0525
1.05325
1.05625
1.06149
1.06851
1.0762
1.08276
1.08619
1.08488
1.07807
1.06604
1.04994
1.0315
1.01264
0.995372
0.981714
0.9736
0.972309
0.977748
0.98827
1.00118
1.01358
1.02313
1.02844
1.02922
1.02612
1.02051
1.01426
1.00933
1.00718
1.00824
1.01154
1.01516
1.01702
1.01559
1.01013
1.00077
0.988373
0.974491
0.960998
0.949617
0.941467
0.936987
0.93613
0.93865
0.944211
0.952186
0.961288
0.96959
0.975086
0.97661
0.97457
0.970937
0.968415
0.969169
0.973868
0.981596
0.99047
0.998384
1.00344
1.00429
1.00043
0.992402
0.981671
0.969865
0.957617
0.944095
0.927962
0.908842
0.888029
0.868219
0.852767
0.844646
0.845407
0.854484
0.869499
0.887268
0.904859
0.920219
0.932435
0.941663
0.948849
0.955331
0.962385
0.970845
0.980949
0.992369
1.00439
1.01618
1.02691
1.03595
1.04292
1.04769
1.05024
1.0506
1.04861
1.04393
1.03614
1.02517
1.01161
0.9969
0.983014
0.971818
0.964356
0.960598
0.959753
0.960984
0.963774
0.967904
0.973128
0.979008
0.984908
0.99018
0.99439
0.997461
0.999697
1.00157
1.0034
1.00507
1.00581
1.00438
0.99949
0.990309
0.976854
0.960175
0.942297
0.926055
0.91473
0.911352
0.917481
0.932112
0.951856
0.972498
0.990699
1.00476
1.01454
1.02109
1.02605
1.03117
1.03781
1.04661
1.05734
1.06906
1.08043
1.09016
1.09723
1.1011
1.10166
1.09917
1.09412
1.08703
1.07844
1.06891
1.05925
1.05049
1.04366
1.0392
1.03667
1.03502
1.03321
1.03069
1.02742
1.02356
1.01919
1.01434
1.00897
1.00302
0.996322
0.988558
0.979478
0.969163
0.958302
0.948204
0.940556
0.937084
0.939247
0.947848
0.962602
0.981985
1.0035
1.02436
1.04215
1.05542
1.06396
1.06861
1.07071
1.07119
1.07004
1.06661
1.06031
1.0512
1.04012
1.02832
1.01708
1.0075
1.00044
0.996431
0.995744
0.998236
1.00339
1.01021
1.01718
1.02256
1.02498
1.02394
1.02018
1.01553
1.01217
1.01157
1.01368
1.01713
1.02046
1.02324
1.02619
1.03026
1.03566
1.04162
1.04682
1.04998
1.0502
1.04703
1.0404
1.0306
1.01824
1.00426
0.989805
0.975954
0.963439
0.952528
0.943241
0.935662
0.930197
0.927541
0.928422
0.933193
0.941544
0.952504
0.964909
0.977871
0.990979
1.00408
1.01688
1.02864
1.03824
1.04443
1.04606
1.04238
1.03315
1.01887
1.00078
0.980919
0.961804
0.945991
0.935481
0.931306
0.933417
0.940804
0.951808
0.964617
0.977788
0.990533
1.00268
1.01426
1.02511
1.03476
1.04251
1.04777
1.0502
1.04977
1.04662
1.04104
1.03345
1.02439
1.01452
1.00461
0.995595
0.988503
0.98433
0.983694
0.986646
0.992699
1.00113
1.01117
1.02201
1.03267
1.04194
1.04848
1.05107
1.04895
1.04229
1.03254
1.02197
1.01235
1.00349
0.993656
0.981348
0.966586
0.950801
0.936
0.924095
0.916478
0.913904
0.916431
0.92349
0.934135
0.947287
0.961858
0.976779
0.991076
1.00388
1.01441
1.02195
1.02595
1.02632
1.02347
1.01832
1.012
1.00565
1.00024
0.9964
0.994531
0.994776
0.997043
1.0009
1.00552
1.00988
1.01318
1.01507
1.01559
1.015
1.01354
1.01126
1.00807
1.00387
0.998771
0.993187
0.987741
0.982943
0.978831
0.975049
0.971264
0.967563
0.964426
0.962417
0.961761
0.962275
0.963614
0.965548
0.968186
0.971864
0.976796
0.982608
0.988148
0.991772
0.991934
0.987727
0.979177
0.967196
0.953313
0.939299
0.926775
0.916861
0.910056
0.906311
0.905325
0.906863
0.910981
0.918027
0.928314
0.941693
0.957459
0.974546
0.99192
1.00882
1.02469
1.0389
1.05054
1.05851
1.0621
1.06148
1.05803
1.05411
1.0524
1.05516
1.06365
1.078
1.09717
1.11909
1.14104
1.16022
1.17435
1.18194
1.18237
1.17554
1.16149
1.14029
1.11221
1.07845
1.04201
1.00789
0.981292
0.964316
0.955262
0.951844
0.953748
0.961943
0.97672
0.996734
1.01936
1.04166
1.06121
1.07631
1.08576
1.08883
1.08528
1.07558
1.06106
1.04368
1.02554
1.00835
0.993265
0.981131
0.972671
0.968491
0.968698
0.972731
0.979518
0.987799
0.996454
1.00461
1.01156
1.01664
1.01909
1.01813
1.01325
1.00454
0.992648
0.978301
0.961944
0.94397
0.925226
0.907184
0.891662
0.880596
0.876124
1.10499
1.11573
1.1296
1.14194
1.14846
1.14725
1.13912
1.12672
1.11354
1.10288
1.0974
1.09874
1.10724
1.12157
1.13902
1.15644
1.17138
1.18276
1.19076
1.19603
1.19872
1.19819
1.19362
1.18489
1.17293
1.15957
1.14729
1.13902
1.13742
1.14335
1.15492
1.16849
1.18067
1.18957
1.19473
1.19645
1.19502
1.19062
1.18324
1.17293
1.16002
1.14533
1.13026
1.11648
1.10529
1.09711
1.09144
1.08723
1.08356
1.08008
1.07716
1.07555
1.07588
1.07818
1.08185
1.08591
1.08947
1.0923
1.09507
1.09905
1.10532
1.1142
1.12503
1.13646
1.14711
1.15608
1.16327
1.16897
1.173
1.17417
1.17057
1.16068
1.14458
1.12463
1.10537
1.09229
1.08956
1.09791
1.11442
1.13447
1.15401
1.17064
1.18349
1.19289
1.19995
1.20588
1.21146
1.21663
1.22075
1.22308
1.2233
1.22155
1.21804
1.21282
1.2055
1.19554
1.18262
1.16732
1.15139
1.1372
1.12633
1.11859
1.11256
1.10677
1.10035
1.09309
1.08539
1.07827
1.07319
1.0716
1.07419
1.08042
1.0886
1.09657
1.10273
1.10671
1.1094
1.11207
1.11526
1.1182
1.11931
1.11702
1.11046
1.0998
1.08631
1.07213
1.0597
1.05126
1.04852
1.05261
1.0638
1.08122
1.10293
1.1265
1.14952
1.17018
1.18755
1.20158
1.21276
1.22159
1.22801
1.23113
1.22943
1.22156
1.20754
1.18957
1.17207
1.16044
1.15891
1.1684
1.18585
1.20615
1.22487
1.23951
1.24886
1.25196
1.24771
1.23509
1.21387
1.18562
1.15418
1.12497
1.10287
1.09009
1.08605
1.08859
1.09527
1.10382
1.11227
1.11907
1.12331
1.12482
1.12418
1.12265
1.12183
1.12314
1.12729
1.13406
1.14282
1.15329
1.16557
1.17941
1.19328
1.20442
1.21006
1.20864
1.20023
1.18621
1.16875
1.1505
1.1345
1.12388
1.12119
1.12765
1.1426
1.1639
1.18866
1.21422
1.23846
1.25992
1.27762
1.29092
1.29938
1.3025
1.29963
1.29002
1.27309
1.24886
1.21871
1.18628
1.15814
1.14196
1.14156
1.15417
1.17347
1.19424
1.21382
1.23133
1.24667
1.25996
1.27121
1.27999
1.28542
1.28645
1.28224
1.27248
1.25779
1.23995
1.22194
1.20711
1.19787
1.19464
1.19615
1.20032
1.20501
1.20824
1.20842
1.20485
1.19815
1.19024
1.1834
1.17899
1.17674
1.17527
1.17331
1.17055
1.16784
1.16662
1.1681
1.17236
1.17819
1.18344
1.18564
1.18257
1.17254
1.15483
1.12988
1.09936
1.06608
1.03349
1.00514
0.983946
0.971475
0.96765
0.971063
0.979832
0.992428
1.00806
1.02649
1.04763
1.07122
1.0966
1.12262
1.14753
1.16936
1.18632
1.19727
1.20193
1.20089
1.19554
1.18779
1.17958
1.17255
1.16755
1.16469
1.16333
1.16243
1.16088
1.15783
1.1531
1.14737
1.14195
1.1382
1.13692
1.13807
1.14103
1.14491
1.14869
1.15116
1.15085
1.14638
1.13704
1.12339
1.10718
1.09065
1.07556
1.06289
1.05323
1.04735
1.04627
1.05066
1.06015
1.07312
1.0872
1.10001
1.10962
1.11483
1.11518
1.11088
1.1029
1.09278
1.08223
1.07286
1.06628
1.06452
1.07008
1.08506
1.10942
1.14019
1.17217
1.19968
1.2181
1.22468
1.21855
1.20057
1.1729
1.13865
1.10147
1.0654
1.03465
1.01306
1.00283
1.00327
1.01072
1.02049
1.02905
1.03521
1.04017
1.04654
1.05693
1.07239
1.09196
1.11325
1.13354
1.15064
1.16317
1.17052
1.1727
1.17036
1.16478
1.15778
1.15106
1.14541
1.14046
1.13543
1.13026
1.12597
1.12402
1.12547
1.13041
1.13797
1.14682
1.15554
1.16303
1.16858
1.17184
1.17271
1.1713
1.16787
1.16282
1.1567
1.15008
1.14338
1.13675
1.13027
1.12434
1.11998
1.11883
1.12279
1.13325
1.15001
1.1705
1.19046
1.20581
1.21421
1.21564
1.21188
1.20559
1.19935
1.19518
1.19423
1.19646
1.20081
1.20578
1.20978
1.2112
1.20841
1.20003
1.18527
1.16453
1.13967
1.11413
1.09256
1.07986
1.07925
1.09051
1.11017
1.13358
1.15689
1.17775
1.19492
1.20784
1.2162
1.21981
1.2187
1.21334
1.20472
1.19425
1.18345
1.17351
1.16528
1.1594
1.15647
1.1569
1.16073
1.16744
1.17603
1.18526
1.19401
1.20144
1.20701
1.2104
1.21135
1.20967
1.20536
1.19871
1.19035
1.18114
1.17205
1.16416
1.15855
1.15607
1.1571
1.16142
1.16817
1.17576
1.18221
1.18571
1.18538
1.18149
1.1753
1.16851
1.16276
1.15922
1.15865
1.1614
1.16738
1.17587
1.18561
1.19501
1.20265
1.20776
1.21048
1.21172
1.21268
1.21429
1.21672
1.21921
1.2204
1.21903
1.21451
1.20708
1.19761
1.18716
1.17661
1.16659
1.15741
1.14915
1.14179
1.13537
1.13006
1.12613
1.12368
1.12253
1.12232
1.12274
1.1237
1.12514
1.12663
1.12712
1.12525
1.12029
1.113
1.10571
1.10142
1.10223
1.10858
1.11938
1.13291
1.14721
1.16025
1.17011
1.17533
1.17545
1.17119
1.1644
1.15757
1.15319
1.15329
1.1589
1.16982
1.18451
1.2005
1.21503
1.22588
1.23186
1.23283
1.22946
1.22296
1.21483
1.20655
1.19931
1.19366
1.18948
1.18611
1.18279
1.17877
1.17342
1.16645
1.15813
1.1492
1.14055
1.13268
1.12544
1.11824
1.11061
1.1027
1.09534
1.08972
1.08695
1.08759
1.09144
1.09785
1.10612
1.11602
1.12777
1.14143
1.15596
1.16939
1.18016
1.18835
1.19533
1.20244
1.20972
1.2161
1.22025
1.22141
1.21973
1.21612
1.21195
1.20865
1.20744
1.20909
1.2138
1.22112
1.2299
1.2385
1.24514
1.24836
1.24747
1.24256
1.23426
1.2235
1.2112
1.19826
1.18552
1.17391
1.16433
1.15757
1.15409
1.15404
1.15736
1.16397
1.1735
1.18489
1.19652
1.20682
1.21472
1.21963
1.22113
1.2189
1.21285
1.20318
1.19048
1.17568
1.16021
1.146
1.13519
1.12968
1.13039
1.13679
1.14697
1.15839
1.16895
1.17789
1.18587
1.19438
1.20443
1.21574
1.22651
1.23423
1.23657
1.23219
1.22104
1.20457
1.18579
1.16915
1.15906
1.15728
1.16163
1.16763
1.17166
1.17265
1.17193
1.17159
1.17279
1.17502
1.17692
1.17744
1.17655
1.17494
1.17322
1.1712
1.16778
1.1615
1.1513
1.13706
1.11992
1.10258
1.08923
1.08436
1.09047
1.10644
1.12829
1.15138
1.17233
1.18966
1.20341
1.2142
1.22234
1.22732
1.22821
1.22427
1.21572
1.2037
1.18993
1.17616
1.16398
1.1546
1.14887
1.14722
1.14963
1.15569
1.16455
1.17487
1.18513
1.19408
1.20111
1.20624
1.20976
1.21174
1.21154
1.20776
1.19855
1.18246
1.15963
1.13279
1.10683
1.08657
1.07472
1.0719
1.07761
1.09009
1.10624
1.12272
1.13739
1.14988
1.16088
1.17117
1.181
1.19008
1.198
1.20455
1.20981
1.21391
1.21663
1.21729
1.21504
1.20925
1.20018
1.18922
1.1787
1.17079
1.16613
1.16358
1.16109
1.15657
1.1482
1.13516
1.11854
1.1016
1.08828
1.08113
1.08013
1.08344
1.08892
1.09479
1.09956
1.10202
1.10161
1.09897
1.09601
1.09513
1.09784
1.10404
1.11249
1.12212
1.13281
1.14532
1.16048
1.17813
1.19661
1.21353
1.22679
1.23497
1.23718
1.23284
1.22176
1.20445
1.18236
1.15759
1.13223
1.10784
1.08533
1.06532
1.04806
1.03317
1.01968
1.00656
0.993597
0.981832
0.973342
0.970284
0.973876
0.983647
0.997387
1.01205
1.02505
1.03559
1.04517
1.05692
1.07348
1.09513
1.11964
1.14375
1.16487
1.18166
1.19395
1.20225
1.20721
1.20924
1.20832
1.20434
1.19752
1.18873
1.17942
1.17119
1.16535
1.16249
1.16229
1.16366
1.1651
1.16505
1.16234
1.15654
1.14847
1.14045
1.13559
1.1358
1.14001
1.1446
1.14597
1.14249
1.13469
1.1244
1.11373
1.10455
1.09839
1.09677
1.10095
1.11106
1.12536
1.14058
1.15308
1.16005
1.16006
1.15331
1.14153
1.12774
1.11565
1.10865
1.10883
1.11617
1.12834
1.14149
1.15166
1.15609
1.15373
1.14476
1.13016
1.11176
1.09262
1.07697
1.06918
1.07184
1.08465
1.105
1.12946
1.15501
1.1791
1.19962
1.2148
1.2233
1.22453
1.21878
1.20724
1.19196
1.17543
1.1601
1.14785
1.13976
1.13621
1.13727
1.14296
1.15311
1.16672
1.18154
1.1943
1.20191
1.20268
1.19667
1.1853
1.17072
1.15516
1.14037
1.1275
1.1173
1.11037
1.10721
1.10792
1.11188
1.1178
1.12404
1.1291
1.13202
1.13258
1.13118
1.12883
1.12712
1.12767
1.13095
1.13528
1.13763
1.13621
1.13266
1.13152
1.13684
1.14947
1.1674
1.18738
1.20593
1.21986
1.22701
1.22733
1.2232
1.21811
1.21452
1.21331
1.21461
1.21857
1.22505
1.23363
1.24367
1.25437
1.26447
1.27199
1.27441
1.26953
1.25672
1.2376
1.21581
1.19545
1.17919
1.16742
1.1591
1.15326
1.15004
1.15071
1.15652
1.16763
1.18278
1.1996
1.21537
1.22761
1.2346
1.23552
1.23052
1.22054
1.20709
1.19187
1.17631
1.16107
1.14581
1.12936
1.1103
1.08795
1.06299
1.03782
1.01641
1.00382
1.0049
1.02166
1.05086
1.08541
1.11858
1.14653
1.16811
1.18355
1.19347
1.19853
1.1994
1.19651
1.18965
1.17812
1.16161
1.14146
1.12103
1.10429
1.09374
1.08963
1.09091
1.0966
1.1061
1.11873
1.13328
1.14801
1.16135
1.17242
1.18113
1.18785
1.19288
1.19602
1.19665
1.19402
1.18775
1.17802
1.16552
1.15106
1.13547
1.11964
1.1048
1.09256
1.08462
1.08245
1.08687
1.09786
1.11439
1.13477
1.15693
1.17883
1.19863
1.21486
1.22637
1.23233
1.23204
1.22493
1.2107
1.18967
1.16326
1.13434
