0 1.01276 0.0696063
1 0.855261 0.12207
2 0.797861 0.094117
3 0.773398 0.0737072
4 0.754691 0.0613184
5 0.746784 0.0516108
6 0.735524 0.0455433
7 0.721198 0.0420455
8 0.713539 0.0380818
9 0.707099 0.0348172
10 0.702273 0.0320025
11 0.697371 0.0297434
12 0.69577 0.0275066
13 0.693935 0.0256068
14 0.694877 0.0239311
15 0.694446 0.0224499
16 0.697064 0.0213217
17 0.698677 0.0202183
18 0.699382 0.019168
19 0.699188 0.0182264
20 0.697687 0.0174228
21 0.695155 0.0168798
22 0.692942 0.0163236
23 0.691859 0.0156871
24 0.689358 0.0152602
25 0.68801 0.0147332
26 0.686009 0.0143304
27 0.684845 0.013882
28 0.684116 0.0134284
29 0.682232 0.0131139
30 0.680918 0.0127576
31 0.678655 0.0125631
32 0.677123 0.0123035
33 0.677299 0.0119454
34 0.676239 0.011653
35 0.676039 0.0113391
36 0.67474 0.0111393
37 0.6741 0.0108789
38 0.672844 0.0106802
39 0.671689 0.0104771
40 0.670411 0.0103064
41 0.67155 0.0101342
42 0.671678 0.00990399
43 0.670869 0.00971773
44 0.669558 0.00958994
45 0.668425 0.00944897
46 0.666444 0.00945635
47 0.665876 0.00929155
48 0.665677 0.00910451
49 0.665018 0.00894836
50 0.664378 0.00879593
51 0.663179 0.00871048
52 0.662348 0.0085899
53 0.661877 0.00844437
54 0.661403 0.00830475
55 0.661174 0.00816545
56 0.661024 0.00802935
57 0.660595 0.00790362
58 0.660366 0.00777431
59 0.659946 0.00765637
60 0.658899 0.00760423
61 0.658537 0.00749442
62 0.658295 0.00738018
63 0.657498 0.00731147
64 0.656484 0.00727002
65 0.65515 0.00728301
66 0.654262 0.0072295
67 0.65371 0.00714591
68 0.654071 0.00705629
69 0.654053 0.00696491
70 0.653686 0.0068802
71 0.653412 0.00679722
72 0.652673 0.006746
73 0.652461 0.00665889
74 0.651771 0.00660827
75 0.650921 0.0065771
76 0.650183 0.0065381
77 0.650302 0.00645709
78 0.650137 0.00637963
79 0.6496 0.00632273
80 0.649335 0.00625611
81 0.649493 0.0061839
82 0.64869 0.0061687
83 0.648068 0.0061347
84 0.64805 0.0060629
85 0.647744 0.00600031
86 0.647534 0.00593713
87 0.647631 0.00587256
88 0.64687 0.00585938
89 0.646324 0.00582785
90 0.645981 0.00577943
91 0.645398 0.00574913
92 0.64584 0.00570957
93 0.646103 0.00565821
94 0.645819 0.00560697
95 0.64549 0.00555843
96 0.645236 0.00550695
97 0.644914 0.00546044
98 0.644782 0.00540851
99 0.644826 0.00535498
0 1.0202 0.046857
1 0.958931 0.0498481
2 0.931105 0.0410005
3 0.937711 0.0336288
4 0.930682 0.02867
5 0.927889 0.0241053
6 0.923726 0.0210408
7 0.930094 0.0198235
8 0.934764 0.0181762
9 0.932835 0.0167172
10 0.929602 0.0156604
11 0.933394 0.0149145
12 0.932323 0.014113
13 0.929352 0.0134314
14 0.926603 0.0128734
15 0.924392 0.012317
16 0.922831 0.0117117
17 0.92295 0.0110854
18 0.921212 0.0106754
19 0.924611 0.0107214
20 0.924104 0.0104263
21 0.921684 0.0102325
22 0.919763 0.00996857
23 0.918595 0.00962267
24 0.91784 0.00928751
25 0.919906 0.00921643
26 0.92226 0.00925494
27 0.922693 0.00893772
28 0.922038 0.0086615
29 0.922176 0.0083823
30 0.922417 0.00814116
31 0.91992 0.00827833
32 0.92076 0.00812354
33 0.921275 0.00791175
34 0.919548 0.00790827
35 0.91889 0.00779675
36 0.920876 0.00783741
37 0.92199 0.00773623
38 0.921121 0.00763671
39 0.921985 0.00750668
40 0.92109 0.0073809
41 0.919088 0.00749252
42 0.917726 0.00746806
43 0.917897 0.00730182
44 0.918004 0.00714278
45 0.919075 0.00708047
46 0.920035 0.00700323
47 0.919438 0.00689108
48 0.919675 0.00675747
49 0.919147 0.00667126
50 0.917219 0.00681613
51 0.916967 0.00671239
52 0.916354 0.00663997
53 0.914731 0.00671727
54 0.914201 0.00662021
55 0.915569 0.00666759
56 0.915647 0.00664218
57 0.913971 0.00674499
58 0.914199 0.00665474
59 0.914938 0.00659615
60 0.91482 0.00649205
61 0.914692 0.00639267
62 0.914966 0.0063038
63 0.913843 0.00631178
64 0.913262 0.00624259
65 0.91405 0.00622179
66 0.91531 0.00626003
67 0.915076 0.00618657
68 0.915395 0.00611304
69 0.91569 0.00603932
70 0.914902 0.00600955
71 0.915505 0.005968
72 0.914926 0.00594631
73 0.913886 0.00598501
74 0.913701 0.00591596
75 0.913879 0.00585521
76 0.914288 0.00579746
77 0.913938 0.0057388
78 0.913153 0.00572018
79 0.912506 0.0056856
80 0.912175 0.00562621
81 0.912113 0.00555876
82 0.912402 0.0054997
83 0.912822 0.00545189
84 0.912834 0.00539591
85 0.912956 0.0053396
86 0.91295 0.00527866
87 0.912819 0.00522146
88 0.912697 0.00517562
89 0.911485 0.00526078
90 0.911604 0.00522055
91 0.911969 0.00518363
92 0.911302 0.0051751
93 0.910652 0.00516113
94 0.910373 0.00511539
95 0.910746 0.00508746
96 0.91108 0.00505336
97 0.911258 0.00501904
98 0.9118 0.00500519
99 0.911773 0.00495737
0 1.05985 0.0980227
1 1.12503 0.0877665
2 1.14436 0.0646807
3 1.14721 0.0489861
4 1.1395 0.041669
5 1.13564 0.0349878
6 1.13256 0.0301751
7 1.12007 0.0294461
8 1.1133 0.026984
9 1.10307 0.0261824
10 1.09677 0.0245772
11 1.08925 0.0236607
12 1.0831 0.0226828
13 1.074 0.0228355
14 1.07298 0.0214487
15 1.07461 0.0201864
16 1.07062 0.0194897
17 1.0671 0.0188202
18 1.06761 0.0178607
19 1.06476 0.0171978
20 1.06497 0.0164058
21 1.0639 0.0156976
22 1.06174 0.0151796
23 1.0601 0.014671
24 1.06265 0.0143169
25 1.06144 0.0139081
26 1.06081 0.0134179
27 1.06006 0.0130008
28 1.05724 0.0128559
29 1.05692 0.0124936
30 1.05761 0.0121232
31 1.05514 0.0120214
32 1.05411 0.0117205
33 1.05329 0.0114064
34 1.05093 0.0113608
35 1.05068 0.0111749
36 1.05303 0.0111537
37 1.05196 0.0109249
38 1.0508 0.0107354
39 1.05032 0.0104815
40 1.04965 0.0102772
41 1.04769 0.0102233
42 1.04772 0.0100104
43 1.04708 0.00982995
44 1.04727 0.00961604
45 1.04785 0.00943014
46 1.04863 0.00926939
47 1.04774 0.00913022
48 1.04636 0.00905713
49 1.04586 0.00889119
50 1.04493 0.00876703
51 1.04386 0.00866439
52 1.04305 0.00853988
53 1.04317 0.00840284
54 1.04357 0.00825977
55 1.04382 0.00811666
56 1.04404 0.00799583
57 1.04326 0.00790477
58 1.04278 0.00778638
59 1.04146 0.00777978
60 1.04023 0.00775119
61 1.03941 0.00767132
62 1.03703 0.00793755
63 1.03534 0.00800525
64 1.03518 0.00789237
65 1.03471 0.0078016
66 1.03385 0.0077349
67 1.03328 0.00764545
68 1.03202 0.00765109
69 1.03224 0.00755316
70 1.03296 0.00748566
71 1.03293 0.00738278
72 1.03211 0.00733514
73 1.03179 0.00726983
74 1.03201 0.00718254
75 1.03171 0.00709581
76 1.03155 0.00700598
77 1.03161 0.00691887
78 1.03055 0.00691675
79 1.03012 0.0068573
80 1.02962 0.00681089
81 1.02906 0.00676353
82 1.02914 0.00668498
83 1.02879 0.00661724
84 1.0288 0.00654347
85 1.02773 0.00656005
86 1.0274 0.00650037
87 1.02712 0.0064332
88 1.02693 0.00636392
89 1.02635 0.00632085
90 1.0258 0.00627647
91 1.02485 0.00628658
92 1.02412 0.00627676
93 1.02445 0.00621928
94 1.02574 0.00629742
95 1.02567 0.00627114
96 1.02581 0.00622577
97 1.02565 0.00617638
98 1.02541 0.00612077
99 1.02452 0.00614051
0 1.12702 0.0161922
1 1.13658 0.0210956
2 1.14689 0.0182196
3 1.15583 0.0160361
4 1.1466 0.0161283
5 1.13634 0.0164379
6 1.13777 0.0145532
7 1.13598 0.0132837
8 1.14286 0.0136827
9 1.14773 0.0134711
10 1.14308 0.0131302
11 1.13952 0.0125646
12 1.13508 0.0125333
13 1.13627 0.0122993
14 1.1403 0.0122703
15 1.14553 0.0126559
16 1.1433 0.0121615
17 1.14255 0.0115227
18 1.14487 0.011194
19 1.1462 0.0109828
20 1.15204 0.012039
21 1.15383 0.0117803
22 1.15847 0.0122017
23 1.16021 0.0118201
24 1.16074 0.0113608
25 1.15989 0.0111369
26 1.15379 0.0123136
27 1.15398 0.0119837
28 1.15443 0.0115839
29 1.15408 0.0112044
30 1.15198 0.0110981
31 1.15012 0.0109285
32 1.14846 0.01077
33 1.14873 0.0106323
34 1.14522 0.0109048
35 1.14508 0.0106456
36 1.14485 0.0103647
37 1.1453 0.0101058
38 1.145 0.00985619
39 1.14627 0.00970424
40 1.14752 0.00955369
41 1.14681 0.00938399
42 1.14811 0.00926177
43 1.14866 0.0090743
44 1.14969 0.00893834
45 1.15016 0.00875989
46 1.1506 0.00858813
47 1.15191 0.00850932
48 1.15235 0.00836419
49 1.1518 0.0082149
50 1.15113 0.00808571
51 1.15138 0.00793553
52 1.15253 0.00787921
53 1.15311 0.00775849
54 1.15242 0.00765722
55 1.15197 0.00755444
56 1.15299 0.00749288
57 1.15426 0.00747656
58 1.15495 0.00739925
59 1.15552 0.00730962
60 1.15576 0.00721403
61 1.15618 0.00712396
62 1.15681 0.00705694
63 1.15707 0.00695159
64 1.15688 0.00686239
65 1.15687 0.00679924
66 1.15742 0.00673364
67 1.15773 0.00665025
68 1.15773 0.00659502
69 1.15728 0.00653729
70 1.15799 0.00648445
71 1.158 0.0064002
72 1.1571 0.00637682
73 1.15655 0.00632107
74 1.1573 0.0062872
75 1.15609 0.006358
76 1.15406 0.00660026
77 1.15393 0.00655123
78 1.15432 0.00648411
79 1.15428 0.0064049
80 1.15387 0.00634367
81 1.15368 0.00627244
82 1.15345 0.00620486
83 1.1529 0.00616915
84 1.15341 0.0061252
85 1.15355 0.00606319
86 1.15342 0.00600606
87 1.15311 0.00594619
88 1.15301 0.00588353
89 1.15374 0.00586304
90 1.15483 0.00590228
91 1.15499 0.00584452
92 1.15563 0.00581974
93 1.15497 0.00582851
94 1.15457 0.00582601
95 1.1545 0.00578162
96 1.15434 0.0057347
97 1.15452 0.00568528
98 1.1541 0.00565192
99 1.15459 0.00562464
