1 1.22626 0
2 1.41626 0.251044
3 1.56183 0.270325
4 1.67192 0.278899
5 1.76303 0.284063
6 1.8439 0.288505
7 1.91722 0.292715
8 1.9848 0.296833
9 2.04451 0.300154
10 2.0981 0.302627
11 2.14719 0.304435
12 2.19688 0.306394
13 2.24097 0.307999
14 2.28255 0.309334
15 2.321 0.310354
16 2.36083 0.311492
17 2.39802 0.312601
18 2.43275 0.31359
19 2.46848 0.314685
20 2.49888 0.315516
21 2.52889 0.316203
22 2.55605 0.316645
23 2.58383 0.317005
24 2.61164 0.317358
25 2.64205 0.317912
26 2.66554 0.318265
27 2.69121 0.318618
28 2.71245 0.318772
29 2.73427 0.318825
30 2.7559 0.318814
31 2.77691 0.318748
32 2.79888 0.318702
33 2.81733 0.318546
34 2.8392 0.318456
35 2.8614 0.318452
36 2.88161 0.318462
37 2.90141 0.318484
38 2.9216 0.318545
39 2.94249 0.318675
40 2.96169 0.318822
41 2.97896 0.31893
42 2.99267 0.318904
43 3.01229 0.318949
44 3.0301 0.319012
45 3.04782 0.319097
46 3.06274 0.319129
47 3.07939 0.319171
48 3.09454 0.319187
49 3.1093 0.319177
50 3.12515 0.319176
51 3.13924 0.319148
52 3.15323 0.319097
53 3.16774 0.319042
54 3.18256 0.318997
55 3.19531 0.318919
56 3.20891 0.318834
57 3.22176 0.31873
58 3.23434 0.318608
59 3.24523 0.31844
60 3.25892 0.318288
61 3.2744 0.318188
62 3.288 0.318104
63 3.30255 0.318054
64 3.31427 0.317988
65 3.32758 0.317937
66 3.34103 0.317906
67 3.35436 0.317894
68 3.36729 0.317894
69 3.38175 0.317933
70 3.39514 0.317993
71 3.40944 0.318089
72 3.42025 0.318165
73 3.42987 0.318206
74 3.44239 0.31826
75 3.45415 0.318316
76 3.46492 0.318362
77 3.47723 0.318423
78 3.48936 0.318496
79 3.50046 0.318567
80 3.51235 0.318648
81 3.52301 0.318725
82 3.53565 0.318824
83 3.54643 0.318921
84 3.55911 0.319043
85 3.56999 0.319166
86 3.58171 0.3193
87 3.59101 0.319417
88 3.6027 0.319548
89 3.61196 0.319663
90 3.6212 0.319763
91 3.63295 0.319882
92 3.64298 0.319998
93 3.65207 0.320101
94 3.66123 0.320194
95 3.66964 0.32027
96 3.67885 0.320339
97 3.68728 0.320395
98 3.6969 0.320451
99 3.70566 0.320498
100 3.71404 0.320535
