1 1 0
2 1.2929 0.3358
3 1.47601 0.341337
4 1.60897 0.342509
5 1.71907 0.344075
6 1.80422 0.342585
7 1.87755 0.340199
8 1.94597 0.338492
9 2.00749 0.337126
10 2.0664 0.33648
11 2.11792 0.335756
12 2.16813 0.33535
13 2.21265 0.334805
14 2.25539 0.334296
15 2.29582 0.333823
16 2.33418 0.333381
17 2.37348 0.333233
18 2.41151 0.33333
19 2.44504 0.333352
20 2.47625 0.333244
21 2.50663 0.333069
22 2.53507 0.332791
23 2.56141 0.332364
24 2.5926 0.332185
25 2.61897 0.33197
26 2.64624 0.331824
27 2.66826 0.331497
28 2.69418 0.331258
29 2.71673 0.330962
30 2.74069 0.330715
31 2.76521 0.330562
32 2.78482 0.3303
33 2.80856 0.33014
34 2.83168 0.330064
35 2.85163 0.329954
36 2.8736 0.329908
37 2.89213 0.329807
38 2.91235 0.329734
39 2.93217 0.329684
40 2.95141 0.329647
41 2.9712 0.329651
42 2.98851 0.329625
43 3.00513 0.329561
44 3.02357 0.329527
45 3.04224 0.329533
46 3.06056 0.329575
47 3.07747 0.329616
48 3.09474 0.329674
49 3.10947 0.329688
50 3.12573 0.329707
51 3.14038 0.329698
52 3.15588 0.329689
53 3.17131 0.329683
54 3.18754 0.329704
55 3.20141 0.329701
56 3.21596 0.329695
57 3.23197 0.329723
58 3.24444 0.329711
59 3.25868 0.329702
60 3.27072 0.329657
61 3.28463 0.329618
62 3.29809 0.32958
63 3.31219 0.329557
64 3.32193 0.329471
65 3.33449 0.329381
66 3.34963 0.329336
67 3.36265 0.329298
68 3.37707 0.329292
69 3.38801 0.329261
70 3.40032 0.32923
71 3.41286 0.329207
72 3.42538 0.329191
73 3.43645 0.329162
74 3.45117 0.329179
75 3.46225 0.329185
76 3.47488 0.329206
77 3.48523 0.329209
78 3.49603 0.329203
79 3.50685 0.329191
80 3.51773 0.329175
81 3.52749 0.329143
82 3.54037 0.329138
83 3.55168 0.32914
84 3.56354 0.329155
85 3.57251 0.329148
86 3.5826 0.329135
87 3.59341 0.329127
88 3.60369 0.329119
89 3.61428 0.329113
90 3.6218 0.329076
91 3.63216 0.329044
92 3.64222 0.329013
93 3.65229 0.328985
94 3.66139 0.328949
95 3.67078 0.32891
96 3.67902 0.328857
97 3.68798 0.328799
98 3.69757 0.328743
99 3.70653 0.328684
100 3.71349 0.328602
