1000 3.15315 0
2000 3.20071 0.0475534
3000 3.15496 0.0533555
4000 3.18207 0.0464591
5000 3.19082 0.037035
6000 3.13135 0.0667146
7000 3.1188 0.0577645
8000 3.11783 0.0500348
9000 3.12901 0.045519
10000 3.13943 0.0420269
11000 3.13253 0.0386372
12000 3.13307 0.0352749
13000 3.12979 0.0326129
14000 3.1241 0.0307255
15000 3.12051 0.0288289
16000 3.12479 0.0273053
17000 3.11695 0.0268213
18000 3.1312 0.0290273
19000 3.12906 0.0275405
20000 3.12679 0.0262255
21000 3.13257 0.0256072
22000 3.13715 0.0248407
23000 3.13026 0.0247154
24000 3.13122 0.0236824
25000 3.12614 0.0232758
26000 3.12718 0.0223868
27000 3.12947 0.0216633
28000 3.13006 0.0208837
29000 3.13013 0.0201508
30000 3.13209 0.0195664
31000 3.13187 0.0189261
32000 3.13209 0.0183265
33000 3.13338 0.0178091
34000 3.13765 0.0177981
35000 3.13689 0.0172988
36000 3.13814 0.0168576
37000 3.14071 0.016596
38000 3.14104 0.0161567
39000 3.14153 0.0157447
40000 3.14147 0.0153461
41000 3.13957 0.0150876
42000 3.13728 0.0149007
43000 3.13572 0.0146335
44000 3.13332 0.0144964
45000 3.13521 0.0142961
46000 3.13638 0.0140308
47000 3.13644 0.0137292
48000 3.13723 0.0134636
49000 3.13656 0.0132032
50000 3.13879 0.0131279
51000 3.1388 0.0128679
52000 3.13991 0.0126665
53000 3.14111 0.0124833
54000 3.14337 0.0124575
55000 3.14668 0.0126689
56000 3.1452 0.0125291
57000 3.14509 0.0123078
58000 3.14255 0.0123573
59000 3.13924 0.0125885
60000 3.14356 0.013107
61000 3.1436 0.0128904
62000 3.14263 0.0127176
63000 3.14043 0.0127053
64000 3.14224 0.0126345
65000 3.14262 0.0124446
66000 3.14153 0.0123036
67000 3.14066 0.0121493
68000 3.13894 0.0120922
69000 3.13737 0.0120192
70000 3.13994 0.0121226
71000 3.13887 0.0119991
72000 3.14007 0.0118927
73000 3.13921 0.0117606
74000 3.13883 0.0116068
75000 3.13846 0.0114569
76000 3.14198 0.0118418
77000 3.14241 0.0116947
78000 3.14329 0.0115773
79000 3.14396 0.0114495
80000 3.14526 0.0113804
81000 3.14392 0.0113184
82000 3.14421 0.0111832
83000 3.14475 0.0110608
84000 3.14519 0.0109373
85000 3.14554 0.0108134
86000 3.14295 0.0109964
87000 3.14135 0.0109855
88000 3.14173 0.0108665
89000 3.1417 0.0107438
90000 3.14314 0.0107204
91000 3.14765 0.0115203
92000 3.14748 0.0113957
93000 3.14716 0.0112769
94000 3.14656 0.0111726
95000 3.14763 0.0111061
96000 3.14883 0.0110557
97000 3.14895 0.0109418
98000 3.14989 0.01087
99000 3.15134 0.0108578
100000 3.15247 0.0108069
