0 0.0599979 2.91688e-06
1 0.0600092 9.67921e-06
2 0.0600301 1.93333e-05
3 0.0600622 3.22717e-05
4 0.0601082 4.94528e-05
5 0.0601723 7.25267e-05
6 0.0602609 0.000104018
7 0.0603831 0.000147396
8 0.0605512 0.000207124
9 0.0607808 0.000288559
10 0.0610757 0.000385494
11 0.0613355 0.000432265
12 0.0615046 0.000431526
13 0.0617084 0.000448486
14 0.0619985 0.000504009
15 0.0622932 0.000552219
16 0.0625282 0.000567748
17 0.0627683 0.000585008
18 0.0629861 0.000593463
19 0.0631703 0.000591777
20 0.0634029 0.000607859
21 0.0636386 0.000624262
22 0.0638822 0.000642984
23 0.0641079 0.000654729
24 0.0642572 0.000645595
25 0.0644202 0.000642132
26 0.0646483 0.000657644
27 0.0648712 0.000670896
28 0.0650751 0.000678187
29 0.0652192 0.000670798
30 0.0654114 0.000676323
31 0.0655881 0.000678013
32 0.0657659 0.000680487
33 0.0659138 0.000676703
34 0.0660051 0.000663536
35 0.0661135 0.000653895
36 0.0662205 0.00064493
37 0.0663001 0.000632928
38 0.0663718 0.000620751
39 0.066412 0.000606721
40 0.066424 0.000592058
41 0.0664705 0.000579848
42 0.066515 0.000568077
43 0.0665409 0.000555788
44 0.0665733 0.000544434
45 0.0666083 0.000533762
46 0.0666127 0.000522456
47 0.0666094 0.000511595
48 0.0666226 0.000501339
49 0.0666488 0.000491999
50 0.0666707 0.000482855
51 0.0666731 0.00047359
52 0.0666837 0.000464831
53 0.066717 0.000457424
54 0.0667519 0.000450446
55 0.0667809 0.000443338
56 0.0668188 0.000437193
57 0.0668662 0.000432225
58 0.066911 0.000427216
59 0.0669336 0.000420752
60 0.0669695 0.000415384
61 0.0670029 0.000410026
62 0.0670416 0.000405354
63 0.0670868 0.000401532
64 0.067132 0.000397901
65 0.0671801 0.000394781
66 0.0672253 0.000391479
67 0.0672682 0.000388066
68 0.0673154 0.000385321
69 0.0673858 0.000386229
70 0.0674514 0.000386345
71 0.0674973 0.000383717
72 0.0675199 0.000379213
73 0.0675543 0.000375691
74 0.0675875 0.000372326
75 0.0676324 0.000370139
76 0.0676592 0.000366339
77 0.0676807 0.000362307
78 0.0677155 0.000359387
79 0.0677448 0.000356112
80 0.0677622 0.000352147
81 0.0677884 0.000348834
82 0.0678063 0.000345101
83 0.0678357 0.000342262
84 0.0678643 0.000339431
85 0.0678948 0.000336861
86 0.0679233 0.000334239
87 0.0679429 0.000331039
88 0.0679769 0.000329074
89 0.068008 0.000326885
90 0.0680404 0.000324891
91 0.0680648 0.000322324
92 0.0680865 0.000319594
93 0.0681133 0.000317317
94 0.0681318 0.000314523
95 0.0681579 0.000312369
96 0.0681913 0.000310928
97 0.0682226 0.000309331
98 0.0682421 0.000306912
99 0.068257 0.000304254
0 0.0602788 0.000126841
1 0.0603767 9.43378e-05
2 0.0603705 8.53626e-05
3 0.0600224 0.000325231
4 0.0600113 0.000275219
5 0.0600964 0.000242177
6 0.0601186 0.000210065
7 0.0600185 0.000207926
8 0.0599888 0.000193642
9 0.059951 0.000183554
10 0.0599248 0.000168886
11 0.0599423 0.000156142
12 0.0599454 0.000144398
13 0.0599199 0.00013781
14 0.0598886 0.000135628
15 0.0599123 0.00012927
16 0.0599526 0.000127999
17 0.0599037 0.000132927
18 0.0598497 0.000136971
19 0.059876 0.000134272
20 0.0599124 0.000132743
21 0.0599165 0.000127438
22 0.0599146 0.000122078
23 0.0599099 0.000117288
24 0.0599299 0.000115526
25 0.0599447 0.000112581
26 0.0599724 0.000113028
27 0.0600054 0.000114658
28 0.0600255 0.000113124
29 0.0600712 0.000118317
30 0.0601275 0.000127221
31 0.0601399 0.000126318
32 0.0600993 0.000128879
33 0.0600899 0.000126712
34 0.0601177 0.000126135
35 0.0601346 0.000123806
36 0.0601302 0.000120892
37 0.0601149 0.000118822
38 0.0601133 0.00011579
39 0.0601323 0.00011502
40 0.0601734 0.000119345
41 0.0602004 0.000119789
42 0.0601828 0.000118686
43 0.0602115 0.000120657
44 0.0602494 0.000123847
45 0.0602898 0.00012759
46 0.0603187 0.000128264
47 0.0603348 0.000126606
48 0.0603536 0.000125409
49 0.0603727 0.000124414
50 0.0603998 0.000125135
51 0.0604059 0.000123439
52 0.0604019 0.000123328
53 0.0603949 0.000122409
54 0.0604124 0.000121442
55 0.0604283 0.000120322
56 0.0604239 0.000118628
57 0.0604097 0.000117506
58 0.0604084 0.000115531
59 0.0604062 0.000113693
60 0.060424 0.000113351
61 0.0604531 0.000115213
62 0.0604678 0.000114515
63 0.0604697 0.000112759
64 0.0604867 0.00011244
65 0.060515 0.000114233
66 0.0605379 0.000114819
67 0.0605522 0.000114141
68 0.0605603 0.00011278
69 0.0605622 0.000111223
70 0.0605549 0.000109933
71 0.0605551 0.000108416
72 0.0605542 0.000106939
73 0.060551 0.000105541
74 0.0605395 0.000104949
75 0.0605179 0.000106248
76 0.060515 0.000104939
77 0.0605061 0.000103973
78 0.060502 0.000102757
79 0.0604998 0.000101505
80 0.0604951 0.000100383
81 0.0604969 9.91759e-05
82 0.0604909 9.82736e-05
83 0.0604765 9.81608e-05
84 0.0604579 9.8751e-05
85 0.0604414 9.89843e-05
86 0.0604218 9.98146e-05
87 0.0603773 0.000108496
88 0.0603535 0.000109894
89 0.0603358 0.000110084
90 0.0603094 0.000112167
91 0.0602825 0.000114154
92 0.060263 0.000114569
93 0.0602451 0.000114748
94 0.0602305 0.000114465
95 0.0602174 0.000114022
96 0.0602081 0.000113234
97 0.0601994 0.00011241
98 0.0601932 0.000111471
99 0.0601946 0.000110369
0 0.059664 0.000117002
1 0.0597451 9.07706e-05
2 0.0597892 8.69313e-05
3 0.0600131 0.000208797
4 0.059987 0.000183228
5 0.0601576 0.000226971
6 0.0602942 0.000232808
7 0.0603327 0.000207094
8 0.0603912 0.000193153
9 0.0604767 0.000191857
10 0.0605534 0.00018921
11 0.0605981 0.000180408
12 0.06058 0.000169153
13 0.0606564 0.000173905
14 0.0607178 0.000172822
15 0.0607776 0.000172281
16 0.0608622 0.000181819
17 0.0609181 0.000180175
18 0.0609661 0.000179086
19 0.060905 0.000180621
20 0.060885 0.000173527
21 0.0608878 0.000165775
22 0.0609036 0.000159335
23 0.0609135 0.000153007
24 0.0609236 0.000147236
25 0.0609272 0.000141748
26 0.0609253 0.000137766
27 0.0608894 0.000137665
28 0.0609315 0.000140426
29 0.0610151 0.000159385
30 0.0610978 0.000174627
31 0.0611721 0.000184504
32 0.0612657 0.000201272
33 0.0613496 0.000212157
34 0.0614091 0.000214391
35 0.0614388 0.000210626
36 0.0615093 0.000216663
37 0.0615702 0.000219507
38 0.0616181 0.00021905
39 0.0616653 0.000218601
40 0.0617067 0.00021723
41 0.0617279 0.000213113
42 0.0617431 0.000208704
43 0.0617601 0.000204652
44 0.0617736 0.00020056
45 0.0617699 0.000196372
46 0.0617585 0.000192526
47 0.0617279 0.000191378
48 0.0616962 0.000190659
49 0.0616899 0.000186968
50 0.0616683 0.000184591
51 0.0616479 0.000182166
52 0.0616359 0.000179136
53 0.0616239 0.000176221
54 0.0616055 0.000174109
55 0.0615854 0.00017228
56 0.0615713 0.000169842
57 0.0615587 0.00016738
58 0.0615384 0.000165798
59 0.0615174 0.000164361
60 0.0614954 0.000163137
61 0.0614851 0.000160853
62 0.0614658 0.000159622
63 0.0614433 0.000158814
64 0.0614324 0.000156744
65 0.0614283 0.000154445
66 0.061426 0.000152246
67 0.0614092 0.000150976
68 0.0613994 0.000149156
69 0.0614121 0.000147641
70 0.0614108 0.000145667
71 0.061403 0.000143948
72 0.0613827 0.000143476
73 0.0613714 0.000141982
74 0.0613593 0.000140604
75 0.0613489 0.000139138
76 0.0613291 0.000138835
77 0.0612888 0.000142959
78 0.0612473 0.000147252
79 0.0612187 0.000148226
80 0.0612013 0.000147421
81 0.0611717 0.000148631
82 0.0611468 0.000148984
83 0.0611301 0.000148151
84 0.061093 0.000151096
85 0.0610621 0.000152514
86 0.0610432 0.000151933
87 0.0610225 0.000151599
88 0.0610013 0.000151373
89 0.0609894 0.000150215
90 0.0609865 0.000148594
91 0.0609793 0.00014719
92 0.0609672 0.000146121
93 0.060963 0.000144627
94 0.0609576 0.000143212
95 0.0609612 0.000141835
96 0.0609663 0.000140469
97 0.0609663 0.000139135
98 0.0609521 0.000138456
99 0.0609496 0.000137228
