0 1.20005 5.85984e-05
1 1.20028 0.000194462
2 1.2007 0.000388398
3 1.20134 0.000648292
4 1.20227 0.000993365
5 1.20355 0.00145677
6 1.20533 0.00208924
7 1.20779 0.00296042
8 1.21116 0.00415997
9 1.21578 0.00579548
10 1.2217 0.00774225
11 1.22692 0.00868151
12 1.23031 0.00866665
13 1.23441 0.0090073
14 1.24023 0.0101224
15 1.24615 0.0110906
16 1.25087 0.0114024
17 1.25569 0.0117491
18 1.26007 0.0119189
19 1.26377 0.011885
20 1.26844 0.012208
21 1.27317 0.0125374
22 1.27806 0.0129134
23 1.2826 0.0131493
24 1.28559 0.0129658
25 1.28887 0.0128963
26 1.29345 0.0132078
27 1.29793 0.013474
28 1.30202 0.0136204
29 1.30491 0.013472
30 1.30877 0.0135829
31 1.31232 0.0136169
32 1.31589 0.0136666
33 1.31886 0.0135906
34 1.3207 0.0133261
35 1.32288 0.0131325
36 1.32502 0.0129524
37 1.32662 0.0127114
38 1.32806 0.0124669
39 1.32887 0.0121851
40 1.32911 0.0118906
41 1.33005 0.0116454
42 1.33094 0.011409
43 1.33146 0.0111622
44 1.33211 0.0109341
45 1.33281 0.0107198
46 1.3329 0.0104927
47 1.33284 0.0102746
48 1.3331 0.0100686
49 1.33363 0.00988106
50 1.33407 0.00969741
51 1.33412 0.00951133
52 1.33433 0.00933543
53 1.335 0.00918667
54 1.3357 0.00904653
55 1.33628 0.00890378
56 1.33704 0.00878036
57 1.33799 0.00868059
58 1.33889 0.00857998
59 1.33935 0.00845018
60 1.34007 0.00834236
61 1.34074 0.00823476
62 1.34151 0.00814092
63 1.34242 0.00806417
64 1.34333 0.00799125
65 1.3443 0.00792857
66 1.34521 0.00786226
67 1.34607 0.00779371
68 1.34701 0.0077386
69 1.34843 0.00775683
70 1.34975 0.00775915
71 1.35067 0.00770638
72 1.35112 0.00761591
73 1.35181 0.0075452
74 1.35248 0.0074776
75 1.35338 0.00743368
76 1.35392 0.00735736
77 1.35435 0.00727638
78 1.35505 0.00721774
79 1.35564 0.00715198
80 1.35599 0.00707233
81 1.35651 0.00700581
82 1.35687 0.00693082
83 1.35746 0.00687381
84 1.35804 0.00681695
85 1.35865 0.00676534
86 1.35922 0.00671269
87 1.35962 0.00664842
88 1.3603 0.00660896
89 1.36092 0.00656499
90 1.36157 0.00652494
91 1.36206 0.00647338
92 1.3625 0.00641857
93 1.36304 0.00637284
94 1.36341 0.00631671
95 1.36393 0.00627346
96 1.3646 0.00624452
97 1.36523 0.00621244
98 1.36563 0.00616386
99 1.36592 0.00611049
0 1.20658 0.00254724
1 1.20854 0.00189451
2 1.20842 0.00171444
3 1.20143 0.00653181
4 1.20121 0.00552734
5 1.20291 0.00486374
6 1.20336 0.00421883
7 1.20135 0.00417589
8 1.20075 0.00388899
9 1.2 0.00368638
10 1.19947 0.0033918
11 1.19982 0.00313585
12 1.19988 0.00289999
13 1.19937 0.0027677
14 1.19874 0.00272386
15 1.19922 0.00259618
16 1.20003 0.00257066
17 1.19905 0.00266962
18 1.19796 0.00275083
19 1.19849 0.00269664
20 1.19922 0.00266592
21 1.1993 0.00255939
22 1.19926 0.00245173
23 1.19917 0.00235554
24 1.19957 0.00232016
25 1.19987 0.002261
26 1.20042 0.00226999
27 1.20109 0.00230272
28 1.20149 0.00227191
29 1.20241 0.00237622
30 1.20354 0.00255503
31 1.20379 0.0025369
32 1.20297 0.00258833
33 1.20278 0.00254481
34 1.20334 0.00253323
35 1.20368 0.00248644
36 1.20359 0.00242793
37 1.20329 0.00238636
38 1.20325 0.00232545
39 1.20364 0.00230999
40 1.20446 0.00239686
41 1.205 0.00240577
42 1.20465 0.00238361
43 1.20523 0.00242322
44 1.20599 0.00248728
45 1.2068 0.00256244
46 1.20738 0.00257598
47 1.2077 0.00254267
48 1.20808 0.00251863
49 1.20846 0.00249865
50 1.20901 0.00251313
51 1.20913 0.00247908
52 1.20905 0.00247685
53 1.20891 0.0024584
54 1.20926 0.00243897
55 1.20958 0.00241648
56 1.20949 0.00238244
57 1.20921 0.00235992
58 1.20918 0.00232026
59 1.20914 0.00228335
60 1.20949 0.00227648
61 1.21008 0.00231387
62 1.21037 0.00229985
63 1.21041 0.00226458
64 1.21075 0.00225818
65 1.21132 0.00229419
66 1.21178 0.00230595
67 1.21207 0.00229233
68 1.21223 0.002265
69 1.21227 0.00223372
70 1.21212 0.00220782
71 1.21213 0.00217737
72 1.21211 0.0021477
73 1.21204 0.00211963
74 1.21181 0.00210773
75 1.21138 0.00213382
76 1.21132 0.00210753
77 1.21114 0.00208813
78 1.21106 0.00206372
79 1.21102 0.00203857
80 1.21092 0.00201602
81 1.21096 0.00199179
82 1.21084 0.00197367
83 1.21055 0.0019714
84 1.21018 0.00198326
85 1.20984 0.00198794
86 1.20945 0.00200462
87 1.20856 0.00217898
88 1.20808 0.00220705
89 1.20772 0.00221087
90 1.20719 0.0022527
91 1.20665 0.0022926
92 1.20626 0.00230094
93 1.2059 0.00230454
94 1.20561 0.00229885
95 1.20535 0.00228994
96 1.20516 0.00227412
97 1.20498 0.00225757
98 1.20486 0.00223872
99 1.20489 0.00221659
0 1.19426 0.00234957
1 1.19589 0.00182296
2 1.19678 0.00174599
3 1.20128 0.0041934
4 1.20075 0.00367984
5 1.20418 0.00455842
6 1.20692 0.00467557
7 1.20769 0.00415916
8 1.20887 0.00387918
9 1.21059 0.00385314
10 1.21213 0.00379998
11 1.21302 0.00362319
12 1.21266 0.00339716
13 1.21419 0.00349261
14 1.21543 0.00347086
15 1.21663 0.00345999
16 1.21833 0.00365155
17 1.21945 0.00361853
18 1.22041 0.00359665
19 1.21919 0.00362748
20 1.21879 0.00348501
21 1.21884 0.00332933
22 1.21916 0.00319998
23 1.21936 0.00307289
24 1.21956 0.00295701
25 1.21963 0.00284678
26 1.21959 0.0027668
27 1.21887 0.00276479
28 1.21972 0.00282024
29 1.2214 0.00320101
30 1.22306 0.00350711
31 1.22455 0.00370548
32 1.22643 0.00404225
33 1.22811 0.00426084
34 1.22931 0.00430571
35 1.22991 0.00423009
36 1.23132 0.00435133
37 1.23255 0.00440845
38 1.23351 0.00439928
39 1.23446 0.00439026
40 1.23529 0.00436272
41 1.23571 0.00428003
42 1.23602 0.00419148
43 1.23636 0.00411011
44 1.23663 0.00402791
45 1.23656 0.00394382
46 1.23633 0.00386657
47 1.23571 0.00384352
48 1.23508 0.00382907
49 1.23495 0.00375495
50 1.23452 0.00370721
51 1.23411 0.00365851
52 1.23387 0.00359766
53 1.23362 0.00353912
54 1.23325 0.0034967
55 1.23285 0.00345996
56 1.23257 0.003411
57 1.23232 0.00336155
58 1.23191 0.00332978
59 1.23149 0.00330092
60 1.23104 0.00327634
61 1.23084 0.00323046
62 1.23045 0.00320574
63 1.23 0.00318951
64 1.22978 0.00314794
65 1.2297 0.00310178
66 1.22965 0.00305761
67 1.22931 0.0030321
68 1.22912 0.00299556
69 1.22937 0.00296513
70 1.22935 0.00292548
71 1.22919 0.00289097
72 1.22878 0.00288147
73 1.22855 0.00285147
74 1.22831 0.0028238
75 1.2281 0.00279436
76 1.2277 0.00278827
77 1.2269 0.00287111
78 1.22606 0.00295731
79 1.22549 0.00297687
80 1.22514 0.00296071
81 1.22454 0.002985
82 1.22404 0.00299209
83 1.22371 0.00297536
84 1.22296 0.00303451
85 1.22234 0.00306299
86 1.22196 0.00305133
87 1.22155 0.00304462
88 1.22112 0.00304008
89 1.22088 0.00301682
90 1.22082 0.00298426
91 1.22068 0.00295607
92 1.22044 0.0029346
93 1.22035 0.0029046
94 1.22024 0.00287618
95 1.22032 0.00284852
96 1.22042 0.0028211
97 1.22042 0.0027943
98 1.22013 0.00278067
99 1.22008 0.00275601
