0.0599951
0.059995
0.0599952
0.0599957
0.0599964
0.0599974
0.0599986
0.06
0.0600018
0.0600038
0.060006
0.0600085
0.0600113
0.0600143
0.0600177
0.0600213
0.0600251
0.0600293
0.0600338
0.0600386
0.0600436
0.060049
0.0600547
0.0600608
0.0600671
0.0600738
0.0600809
0.0600883
0.0600961
0.0601043
0.0601128
0.0601218
0.0601312
0.060141
0.0601512
0.0601619
0.0601731
0.0601847
0.0601969
0.0602096
0.0602228
0.0602365
0.0602509
0.0602658
0.0602814
0.0602976
0.0603144
0.060332
0.0603503
0.0603693
0.0603892
0.0604098
0.0604313
0.0604536
0.0604769
0.0605011
0.0605263
0.0605526
0.0605799
0.0606083
0.0606379
0.0606687
0.0607008
0.0607341
0.0607689
0.060805
0.0608426
0.0608817
0.0609225
0.0609648
0.0610089
0.0610547
0.0611024
0.0611519
0.0612035
0.0612571
0.0613128
0.0613707
0.0614308
0.0614934
0.0615583
0.0616258
0.061696
0.0617688
0.0618444
0.061923
0.0620045
0.0620892
0.062177
0.0622682
0.0623628
0.062461
0.0625627
0.0626681
0.0627771
0.0628899
0.0630063
0.0631261
0.0632491
0.0633749
0.0635027
0.0636317
0.0637604
0.0638871
0.0640093
0.0641237
0.0642263
0.0643122
0.0643758
0.0644116
0.0644154
0.0643858
0.0643265
0.0642483
0.0641677
0.0641035
0.0640686
0.0640635
0.0640741
0.0640767
0.0640476
0.0639718
0.0638479
0.0636883
0.0635165
0.0633603
0.0632453
0.0631898
0.0632016
0.0632786
0.0634117
0.0635872
0.0637901
0.0640078
0.0642319
0.0644586
0.0646865
0.0649136
0.0651363
0.0653495
0.0655485
0.0657294
0.0658886
0.0660226
0.0661279
0.0662023
0.0662469
0.0662675
0.0662759
0.0662878
0.0663191
0.0663809
0.0664751
0.0665936
0.0667208
0.0668381
0.0669286
0.066979
0.0669808
0.0669302
0.0668286
0.066684
0.0665114
0.0663331
0.066175
0.0660611
0.0660067
0.0660145
0.0660765
0.0661788
0.0663069
0.0664486
0.0665941
0.0667355
0.0668659
0.0669794
0.0670708
0.0671365
0.0671746
0.0671853
0.0671705
0.067134
0.0670808
0.0670164
0.0669459
0.066874
0.0668041
0.0667384
0.0666784
0.0666253
0.0665797
0.0665431
0.0665181
0.0665092
0.0665227
0.0665662
0.0666469
0.0667686
0.0669297
0.0671226
0.0673347
0.0675508
0.067757
0.0679422
0.0680997
0.0682269
0.0683244
0.0683952
0.0684438
0.0684753
0.0684948
0.0685073
0.0685173
0.0685287
0.068545
0.0685689
0.0686022
0.0686462
0.0687014
0.0687675
0.0688438
0.0689286
0.0690198
0.0691149
0.069211
0.069305
0.0693933
0.0694723
0.0695382
0.069587
0.069615
0.0696184
0.0695942
0.0695403
0.0694559
0.0693422
0.0692025
0.0690429
0.068872
0.0686994
0.0685339
0.0683805
0.0682374
0.068096
0.0679444
0.0677752
0.067592
0.0674123
0.0672631
0.0671746
0.0671745
0.0672837
0.0675099
0.0678401
0.0682401
0.0686642
0.0690709
0.0694333
0.0697408
0.0699942
0.0701989
0.0703609
0.0704854
0.0705766
0.0706393
0.0706787
0.0707005
0.070711
0.070716
0.0707207
0.0707293
0.0707447
0.0707689
0.0708023
0.0708446
0.0708942
0.0709489
0.0710053
0.0710596
0.0711071
0.0711424
0.0711597
0.0711522
0.071113
0.0710343
0.0709089
0.0707303
0.0704956
0.070209
0.0698871
0.0695623
0.0692811
0.0690903
0.0690177
0.0690602
0.069189
0.0693694
0.0695765
0.0697985
0.0700318
0.0702736
0.0705193
0.070762
0.0709934
0.0712051
0.0713892
0.0715388
0.0716484
0.0717135
0.071731
0.0716984
0.071615
0.0714832
0.0713106
0.0711124
0.0709118
0.0707376
0.0706182
0.0705737
0.0706111
0.0707232
0.0708918
0.0710933
0.0713028
0.0714983
0.0716626
0.0717844
0.0718577
0.0718806
0.0718533
0.0717776
0.0716554
0.071489
0.0712809
0.0710348
0.0707559
0.0704524
0.0701359
0.0698216
0.0695278
0.069273
0.0690736
0.0689404
0.0688773
0.0688812
0.0689437
0.0690533
0.0691962
0.0693576
0.0695223
0.0696761
0.069807
0.0699067
0.0699709
0.0699995
0.0699969
0.0699714
0.0699353
0.0699029
0.0698873
0.0698974
0.0699346
0.0699927
0.0700602
0.0701237
0.070171
0.0701926
0.0701822
0.0701357
0.0700514
0.0699294
0.0697727
0.0695884
0.0693898
0.0691959
0.0690298
0.0689125
0.0688563
0.0688603
0.0689104
0.0689857
0.0690649
0.0691317
0.0691763
0.0691946
0.0691867
0.0691547
0.0691015
0.0690295
0.0689395
0.0688308
0.0687004
0.0685441
0.0683579
0.0681412
0.0679002
0.0676502
0.0674137
0.0672133
0.067062
0.0669566
0.0668814
0.0668191
0.0667629
0.0667219
0.0667182
0.0667754
0.0669072
0.0671095
0.0673621
0.0676361
0.0679031
0.0681415
0.0683383
0.0684885
0.0685929
0.0686558
0.0686835
0.0686828
0.0686606
0.068623
0.0685755
0.0685224
0.0684669
0.0684112
0.0683562
0.0683019
0.0682473
0.0681906
0.0681297
0.068062
0.0679848
0.0678964
0.0677964
0.0676869
0.0675745
0.0674701
0.0673888
0.0673466
0.0673556
0.067419
0.06753
0.0676734
0.0678306
0.0679847
0.0681233
0.0682395
0.0683305
0.0683963
0.0684383
0.0684583
0.0684575
0.0684365
0.0683947
0.0683308
0.0682427
0.0681283
0.0679859
0.0678158
0.0676213
0.0674098
0.0671938
0.0669893
0.0668136
0.0666812
0.0666004
0.0665706
0.0665823
0.0666175
0.0666526
0.0666623
0.0666264
0.0665379
0.0664109
0.0662836
0.0662074
0.0662245
0.0663431
0.0665331
0.0667437
0.0669288
0.0670636
0.0671461
0.0671908
0.0672198
0.067254
0.0673073
0.067384
0.0674795
0.0675843
0.0676881
0.0677822
0.0678615
0.0679239
0.0679696
0.0680003
0.0680181
0.0680252
0.0680234
0.068014
0.0679977
0.0679745
0.0679437
0.0679041
0.0678537
0.0677902
0.067711
0.0676139
0.0674975
0.0673623
0.0672124
0.0670558
0.066905
0.0667755
0.0666817
0.0666325
0.0666273
0.0666561
0.0667027
0.0667518
0.0667942
0.0668313
0.0668743
0.0669397
0.0670422
0.0671873
0.0673682
0.067569
0.0677703
0.0679556
0.0681148
0.0682445
0.0683468
0.0684269
0.0684911
0.0685451
0.0685933
0.0686379
0.068679
0.0687149
0.0687429
0.0687599
0.0687628
0.0687493
0.0687185
0.0686708
0.0686083
0.0685351
0.0684572
0.0683819
0.0683173
0.0682707
0.0682478
0.0682511
0.0682799
0.0683303
0.0683963
0.0684713
0.0685489
0.0686243
0.0686944
0.0687578
0.068815
0.0688673
0.0689172
0.068967
0.0690193
0.0690758
0.0691377
0.0692051
0.0692771
0.0693524
0.0694286
0.0695032
0.0695731
0.0696353
0.0696868
0.0697246
0.069746
0.0697491
0.0697332
0.0696992
0.0696508
0.0695937
0.0695353
0.0694818
0.0694343
0.069386
0.0693207
0.069215
0.0690462
0.0688032
0.0684996
0.0681814
0.067919
0.0677804
0.0677984
0.0679592
0.0682156
0.0685113
0.0687962
0.0690325
0.0691971
0.0692821
0.0692937
0.0692502
0.0691773
0.0691015
0.0690436
0.0690128
0.0690068
0.0690158
0.0690284
0.069037
0.0690395
0.0690385
0.0690391
0.0690467
0.0690653
0.0690967
0.0691405
0.069195
0.0692576
0.0693258
0.0693976
0.0694716
0.0695466
0.0696216
0.0696951
0.0697652
0.0698297
0.0698858
0.0699312
0.0699637
0.0699818
0.0699855
0.0699758
0.0699554
0.0699286
0.0699004
0.0698762
0.0698615
0.0698608
0.0698782
0.0699168
0.0699785
0.0700625
0.0701643
0.0702749
0.0703814
0.070469
0.0705238
0.0705353
0.0704997
0.0704213
0.0703134
0.0701964
0.070093
0.0700212
0.0699888
0.0699929
0.0700239
0.0700714
0.0701281
0.0701895
0.0702522
0.0703116
0.070361
0.0703916
0.0703946
0.0703633
0.0702964
0.0702011
0.070095
0.070005
0.0699592
0.0699752
0.0700513
0.0701651
0.0702834
0.0703747
0.0704184
0.0704106
0.0703662
0.0703187
0.0703142
0.070396
0.0705844
0.0708654
0.0711979
0.0715329
0.0718313
0.0720722
0.0722506
0.0723719
0.0724465
0.0724857
0.0724998
0.0724961
0.072479
0.0724496
0.0724068
0.0723477
0.0722695
0.0721704
0.0720507
0.0719132
0.0717627
0.0716046
0.0714434
0.0712822
0.0711236
0.0709714
0.0708326
0.0707168
0.0706319
0.0705776
0.0705407
0.0704948
0.0704065
0.0702455
0.0699942
0.0696569
0.0692664
0.0688866
0.0686016
0.0684818
0.0685439
0.0687477
0.0690385
0.0693851
0.0697683
0.0701443
0.0704408
0.0705927
0.0705751
0.0704074
0.0701317
0.0697913
0.069432
0.069123
0.0689623
0.0690314
0.0693315
0.0697738
0.0702398
0.0706421
0.0709433
0.0711424
0.071255
0.0713008
0.0712972
0.071258
0.0711928
0.0711082
0.0710084
0.0708963
0.070774
0.0706433
0.0705057
0.0703626
0.0702154
0.0700652
0.0699127
0.0697588
0.069605
0.0694534
0.0693086
0.069177
0.0690677
0.0689911
0.0689573
0.0689734
0.0690414
0.0691566
0.0693085
0.0694827
0.0696641
0.0698395
0.0699996
0.0701386
0.0702545
0.0703474
0.0704191
0.0704718
0.0705079
0.0705295
0.070538
0.0705342
0.0705177
0.0704879
0.070443
0.0703811
0.0702998
0.0701973
0.0700726
0.0699267
0.0697634
0.0695897
0.0694163
0.0692566
0.0691244
0.0690315
0.0689848
0.0689855
0.0690296
0.0691096
0.0692165
0.069341
0.0694738
0.0696061
0.0697301
0.0698398
0.0699308
0.0699998
0.0700444
0.0700614
0.0700465
0.0699949
0.0699027
0.0697689
0.0695992
0.0694079
0.0692188
0.0690627
0.0689703
0.0689635
0.0690474
0.0692091
0.0694228
0.0696582
0.0698881
0.0700925
0.0702594
0.0703842
0.0704673
0.0705124
0.0705253
0.0705125
0.0704808
0.0704369
0.0703867
0.0703357
0.070288
0.0702472
0.0702155
0.0701946
0.0701851
0.0701874
0.0702017
0.0702276
0.070265
0.0703133
0.0703714
0.070438
0.0705106
0.0705864
0.0706615
0.0707313
0.0707904
0.0708322
0.0708489
0.0708316
0.07077
0.0706543
0.0704775
0.0702415
0.0699629
0.0696778
0.0694363
0.0692847
0.0692426
0.0692937
0.0693996
0.0695242
0.0696507
0.0697816
0.0699276
0.0700957
0.0702829
0.0704775
0.0706646
0.0708311
0.0709678
0.0710704
0.0711375
0.07117
0.0711704
0.0711418
0.0710887
0.0710172
0.0709346
0.0708502
0.0707734
0.0707131
0.0706755
0.070663
0.0706736
0.0707017
0.0707406
0.0707838
0.0708272
0.070869
0.0709096
0.0709496
0.0709888
0.0710244
0.0710513
0.0710622
0.0710486
0.0710024
0.0709169
0.0707877
0.0706142
0.0704028
0.0701697
0.0699432
0.0697602
0.0696545
0.0696414
0.0697089
0.0698238
0.0699478
0.0700525
0.0701258
0.0701703
0.0701977
0.0702234
0.0702618
0.070322
0.070405
0.0705034
0.0706033
0.0706881
0.0707429
0.0707574
0.0707271
0.0706539
0.0705452
0.0704128
0.0702708
0.0701332
0.0700105
0.0699079
0.0698255
0.0697605
0.0697116
0.0696827
0.0696835
0.0697271
0.0698232
0.0699724
0.0701639
0.0703787
0.0705956
0.070797
0.0709712
0.0711133
0.0712229
0.0713027
0.0713571
0.0713907
0.0714085
0.0714149
0.0714138
0.0714087
0.071402
0.0713957
0.0713903
0.0713854
0.0713797
0.0713711
0.0713571
0.0713359
0.0713061
0.0712679
0.0712229
0.0711736
0.0711224
0.0710699
0.0710128
0.0709424
0.0708439
0.0706984
0.0704875
0.0702012
0.0698501
0.0694743
0.0691425
0.0689287
0.0688764
0.0689763
0.0691783
0.0694236
0.069669
0.0698929
0.0700883
0.0702556
0.0703969
0.0705148
0.0600362
0.0601141
0.0601813
0.060239
0.0602881
0.0603295
0.0603638
0.0603916
0.0604136
0.0604305
0.0604432
0.0604526
0.0604599
0.0604659
0.0604715
0.0604773
0.0604837
0.0604905
0.0604974
0.0605034
0.0605071
0.0605068
0.0605002
0.0604845
0.0604563
0.0604119
0.0603468
0.060256
0.0601347
0.0599785
0.0597856
0.0595581
0.0593054
0.0590463
0.0588096
0.0586302
0.0585397
0.0585559
0.058675
0.0588735
0.0591176
0.0593739
0.0596172
0.0598326
0.0600138
0.0601608
0.0602765
0.0603654
0.0604321
0.0604806
0.0605142
0.0605358
0.0605475
0.0605508
0.0605473
0.060538
0.0605241
0.0605067
0.0604867
0.0604652
0.0604428
0.0604197
0.0603951
0.060367
0.0603322
0.0602858
0.0602223
0.0601365
0.0600256
0.0598912
0.0597417
0.0595919
0.0594594
0.0593578
0.0592892
0.0592428
0.0592006
0.0591501
0.0590944
0.0590554
0.0590642
0.0591438
0.0592948
0.0594949
0.0597105
0.0599116
0.0600793
0.0602053
0.0602869
0.0603217
0.0603043
0.0602265
0.0600812
0.05987
0.0596135
0.0593568
0.0591623
0.0590832
0.059133
0.0592767
0.0594519
0.0596017
0.0596945
0.0597267
0.0597143
0.0596825
0.0596567
0.0596561
0.0596896
0.0597552
0.0598436
0.0599417
0.060037
0.0601202
0.0601854
0.0602303
0.0602547
0.0602599
0.0602479
0.0602208
0.0601809
0.0601312
0.0600753
0.060018
0.059965
0.0599217
0.0598925
0.0598784
0.0598772
0.0598827
0.0598866
0.0598798
0.0598544
0.0598045
0.0597273
0.0596229
0.0594948
0.05935
0.0592005
0.0590639
0.058963
0.0589221
0.0589587
0.0590759
0.0592588
0.059479
0.0597037
0.0599051
0.0600649
0.0601754
0.0602376
0.0602593
0.0602531
0.0602339
0.0602165
0.0602136
0.060233
0.0602767
0.0603414
0.0604199
0.0605032
0.0605823
0.0606495
0.0606981
0.0607231
0.0607197
0.0606836
0.0606092
0.0604898
0.0603173
0.0600842
0.0597888
0.059443
0.0590825
0.0587679
0.0585683
0.0585269
0.058632
0.0588201
0.0590094
0.0591339
0.0591599
0.0590873
0.0589431
0.0587728
0.0586296
0.0585637
0.0586117
0.0587877
0.0590762
0.0594346
0.0598071
0.0601425
0.0604067
0.0605859
0.060683
0.0607127
0.060697
0.0606603
0.0606249
0.0606058
0.0606085
0.0606291
0.0606577
0.0606831
0.0606959
0.0606906
0.0606649
0.060619
0.0605541
0.060472
0.0603746
0.0602645
0.0601457
0.0600238
0.0599064
0.0598024
0.05972
0.0596658
0.0596424
0.0596487
0.0596802
0.0597302
0.0597913
0.0598565
0.0599197
0.0599756
0.0600199
0.0600486
0.060059
0.060049
0.0600188
0.0599701
0.0599066
0.0598332
0.0597558
0.0596816
0.0596211
0.0595893
0.0596044
0.0596811
0.0598223
0.0600145
0.0602311
0.0604414
0.0606201
0.0607516
0.0608302
0.0608573
0.0608387
0.0607821
0.0606956
0.0605875
0.0604656
0.0603382
0.0602143
0.0601041
0.0600191
0.0599705
0.0599679
0.0600166
0.0601157
0.060258
0.0604309
0.0606191
0.060807
0.060981
0.0611307
0.0612482
0.0613279
0.0613661
0.0613598
0.0613075
0.0612097
0.06107
0.0608962
0.0607021
0.0605067
0.0603331
0.0602045
0.0601389
0.0601442
0.0602157
0.0603381
0.0604901
0.0606504
0.0608019
0.060934
0.0610419
0.0611263
0.0611908
0.0612411
0.0612831
0.0613222
0.0613626
0.0614069
0.0614562
0.0615103
0.0615682
0.061628
0.0616877
0.061745
0.0617972
0.0618417
0.0618752
0.0618943
0.0618948
0.0618725
0.0618226
0.0617405
0.0616221
0.0614641
0.061265
0.0610259
0.0607508
0.0604473
0.0601274
0.0598065
0.0595028
0.0592344
0.0590159
0.0588557
0.0587545
0.0587059
0.0586981
0.0587171
0.05875
0.0587889
0.0588323
0.0588853
0.058957
0.059058
0.0591969
0.0593772
0.0595952
0.05984
0.0600951
0.0603425
0.0605665
0.0607564
0.060907
0.0610177
0.0610913
0.0611325
0.0611467
0.0611393
0.0611155
0.0610795
0.0610353
0.0609863
0.060935
0.0608838
0.0608341
0.0607869
0.0607425
0.0607003
0.060659
0.0606166
0.0605705
0.0605178
0.0604553
0.0603802
0.0602903
0.0601847
0.0600641
0.0599317
0.0597934
0.0596573
0.0595333
0.0594315
0.0593599
0.0593238
0.0593244
0.0593598
0.0594256
0.0595156
0.0596221
0.0597364
0.0598485
0.0599485
0.0600274
0.0600787
0.0601
0.0600939
0.0600684
0.0600356
0.0600096
0.0600038
0.0600282
0.0600874
0.0601811
0.0603048
0.060452
0.0606153
0.0607875
0.0609618
0.0611321
0.061293
0.06144
0.0615694
0.0616785
0.0617657
0.0618299
0.0618713
0.0618906
0.0618897
0.0618711
0.0618383
0.0617953
0.0617462
0.0616944
0.0616417
0.0615873
0.0615277
0.0614563
0.0613644
0.0612417
0.0610787
0.0608681
0.0606079
0.0603041
0.0599732
0.0596424
0.0593466
0.0591216
0.0589966
0.0589887
0.0591018
0.0593265
0.0596423
0.0600204
0.0604272
0.0608306
0.0612039
0.0615292
0.0617968
0.0620035
0.0621501
0.0622392
0.0622744
0.0622597
0.0622013
0.0621081
0.061994
0.0618771
0.061778
0.0617143
0.0616966
0.0617244
0.0617881
0.0618725
0.0619621
0.062045
0.0621134
0.0621637
0.0621946
0.0622065
0.0622001
0.0621761
0.0621351
0.0620779
0.0620052
0.0619187
0.0618203
0.0617133
0.0616015
0.0614898
0.0613831
0.0612862
0.0612028
0.0611355
0.0610853
0.0610523
0.0610357
0.0610346
0.061048
0.061074
0.0611101
0.0611525
0.0611967
0.061238
0.0612722
0.0612958
0.0613066
0.061304
0.0612886
0.0612624
0.0612286
0.0611914
0.0611559
0.0611278
0.0611125
0.0611152
0.0611398
0.0611887
0.0612616
0.0613564
0.0614684
0.0615914
0.0617178
0.0618393
0.0619469
0.0620305
0.0620788
0.0620781
0.0620124
0.061864
0.0616176
0.0612706
0.0608484
0.0604191
0.0600875
0.0599529
0.06005
0.0603281
0.0606895
0.0610451
0.0613405
0.0615518
0.0616704
0.0616915
0.0616081
0.061411
0.0610914
0.0606486
0.0601019
0.0595042
0.0589475
0.058544
0.0583816
0.0584795
0.0587829
0.0591983
0.059638
0.0600435
0.0603866
0.0606613
0.060873
0.0610317
0.0611483
0.0612324
0.061292
0.0613336
0.0613619
0.0613808
0.061393
0.0614005
0.0614045
0.0614061
0.0614055
0.0614027
0.0613973
0.0613886
0.0613754
0.0613561
0.0613285
0.0612901
0.0612377
0.0611679
0.0610768
0.0609612
0.0608191
0.0606507
0.0604599
0.0602555
0.0600499
0.0598576
0.0596917
0.05956
0.0594641
0.0594017
0.0593698
0.059368
0.0593976
0.0594594
0.0595507
0.0596647
0.0597912
0.05992
0.0600429
0.0601544
0.0602515
0.0603319
0.0603932
0.0604319
0.0604445
0.0604285
0.0603844
0.060317
0.060236
0.0601554
0.0600906
0.0600554
0.0600586
0.0601032
0.0601861
0.0603007
0.0604385
0.0605908
0.0607501
0.0609099
0.0610651
0.0612123
0.0613493
0.0614753
0.0615903
0.0616952
0.0617913
0.0618799
0.0619623
0.0620392
0.0621109
0.0621767
0.0622349
0.0622828
0.0623165
0.062331
0.0623207
0.0622797
0.0622033
0.0620893
0.0619398
0.0617627
0.0615719
0.0613851
0.0612196
0.0610867
0.0609874
0.0609127
0.0608473
0.0607762
0.0606918
0.0605982
0.0605107
0.0604494
0.0604312
0.0604626
0.0605398
0.0606528
0.060791
0.0609446
0.0611055
0.061266
0.0614195
0.0615607
0.061687
0.0617987
0.0618985
0.061991
0.0620807
0.0621708
0.062261
0.0623471
0.062421
0.0624724
0.0624905
0.062467
0.0623992
0.0622925
0.0621624
0.0620332
0.0619327
0.0618829
0.0618922
0.0619518
0.0620405
0.0621317
0.0622008
0.0622292
0.0622061
0.0621286
0.0620021
0.0618392
0.0616588
0.0614829
0.0613329
0.0612241
0.0611626
0.0611438
0.0611538
0.0611748
0.0611901
0.0611891
0.0611694
0.0611365
0.0611002
0.0610696
0.0610494
0.0610371
0.0610244
0.0610009
0.0609582
0.060893
0.0608089
0.0607149
0.0606235
0.0605463
0.0604902
0.0604538
0.0604262
0.0603897
0.0603254
0.060222
0.0600844
0.0599373
0.0598213
0.0597767
0.0598234
0.05995
0.0601212
0.0602962
0.0604445
0.0605516
0.0606162
0.0606458
0.0606508
0.0606413
0.0606256
0.0606087
0.060593
0.0605785
0.060564
0.0605478
0.0605288
0.0605064
0.0604811
0.0604539
0.0604264
0.0604003
0.0603771
0.060358
0.0603436
0.0603338
0.060328
0.0603249
0.0603224
0.0603182
0.0603096
0.0602936
0.0602674
0.0602287
0.0601753
0.060105
0.0600151
0.0599012
0.0597566
0.0595728
0.0593416
0.0590616
0.0587461
0.058432
0.0581805
0.0580628
0.0581293
0.0583807
0.0587646
0.059201
0.0596164
0.0599636
0.0602229
0.0603938
0.060486
0.060513
0.0604889
0.0604266
0.0603379
0.0602341
0.0601252
0.0600206
0.0599283
0.0598542
0.0598018
0.0597718
0.0597622
0.0597693
0.0597884
0.059815
0.0598457
0.0598785
0.0599131
0.0599504
0.0599918
0.0600384
0.0600906
0.0601477
0.0602075
0.0602672
0.0603232
0.0603718
0.0604099
0.0604348
0.0604451
0.0604406
0.060422
0.0603908
0.0603489
0.0602981
0.06024
0.0601766
0.060111
0.060048
0.0599953
0.059962
0.0599567
0.0599849
0.0600468
0.0601361
0.0602424
0.0603532
0.0604574
0.0605468
0.0606165
0.0606648
0.0606923
0.0607012
0.0606942
0.0606741
0.0606433
0.0606036
0.0605556
0.0604988
0.0604316
0.0603512
0.0602538
0.060136
0.059996
0.0598351
0.0596604
0.0594857
0.0593306
0.0592161
0.0591572
0.0591567
0.0592029
0.0592734
0.0593429
0.0593895
0.0593992
0.0593668
0.0592955
0.0591954
0.0590816
0.0589711
0.0588792
0.0588157
0.0587838
0.0587807
0.0587999
0.0588339
0.0588763
0.0589219
0.0589664
0.0590066
0.0590397
0.0590636
0.0590773
0.0590807
0.0590746
0.0590606
0.0590406
0.0590164
0.0589892
0.0589595
0.0589256
0.0588838
0.0588264
0.0587404
0.0586056
0.0583927
0.0580645
0.0575866
0.0569555
0.0562481
0.055653
0.0554014
0.0555936
0.0561061
0.0567084
0.0572304
0.0576121
0.0578656
0.0580273
0.0581319
0.0582043
0.0582605
0.0583094
0.0583563
0.058404
0.0584544
0.0585081
0.0585651
0.0586245
0.0586843
0.0587418
0.0587938
0.0588364
0.0588654
0.0588759
0.0588625
0.0588193
0.05874
0.0586189
0.0584526
0.0582429
0.0580003
0.0577475
0.0575189
0.0573537
0.0572813
0.0573077
0.0574115
0.057553
0.057692
0.0578008
0.057871
0.057911
0.0579401
0.0579794
0.0580428
0.0581325
0.0582394
0.0583484
0.0584441
0.0585156
0.0585581
0.0585725
0.0585641
0.0585407
0.0585111
0.0584838
0.0584658
0.0584616
0.0584728
0.0584984
0.0585353
0.0585796
0.058627
0.0586739
0.0587175
0.0587561
0.0587887
0.0588154
0.0588365
0.0588527
0.0588649
0.058874
0.0588809
0.0588864
0.058891
0.0588957
0.0589009
0.0589076
0.0589166
0.0589287
0.0589449
0.0589656
0.0589914
0.0590223
0.0590579
0.0590974
0.0591399
0.0591838
0.0592278
0.0592703
0.0593099
0.0593453
0.0593755
0.0593996
0.059417
0.0594273
0.0594302
0.0594259
0.0594149
0.0593978
0.0593761
0.0593516
0.0593269
0.059305
0.0592897
0.0592845
0.059293
0.0593176
0.05936
0.05942
0.0594964
0.0595863
0.0596862
0.0597919
0.0598994
0.0600045
0.0601035
0.0601931
0.0602708
0.0603342
0.0603816
0.0604116
0.0604231
0.0604159
0.0603903
0.0603475
0.059895
0.0598278
0.059756
0.059686
0.0596246
0.0595782
0.0595517
0.059548
0.059567
0.0596057
0.0596588
0.0597192
0.0597793
0.0598323
0.0598726
0.0598968
0.0599034
0.0598933
0.0598694
0.0598362
0.0597998
0.0597673
0.0597461
0.0597428
0.0597626
0.0598081
0.0598794
0.0599735
0.0600855
0.0602088
0.0603366
0.060462
0.0605787
0.0606813
0.0607645
0.0608232
0.0608524
0.0608464
0.0607994
0.0607061
0.0605637
0.0603742
0.0601483
0.0599084
0.0596885
0.0595295
0.059468
0.0595229
0.0596877
0.0599328
0.0602173
0.0605018
0.0607573
0.0609673
0.0611264
0.0612364
0.0613033
0.0613348
0.0613394
0.0613248
0.0612983
0.0612653
0.0612296
0.0611931
0.0611553
0.0611139
0.0610658
0.0610084
0.0609401
0.0608625
0.06078
0.0606999
0.0606303
0.0605781
0.0605468
0.0605354
0.0605394
0.060553
0.0605716
0.0605931
0.0606186
0.0606508
0.0606927
0.0607456
0.0608085
0.0608782
0.0609502
0.0610202
0.0610846
0.0611407
0.061187
0.0612231
0.0612487
0.0612644
0.0612711
0.0612702
0.0612638
0.0612544
0.0612446
0.0612373
0.0612349
0.0612393
0.0612513
0.0612708
0.0612967
0.0613269
0.0613583
0.0613874
0.0614104
0.0614232
0.0614222
0.0614042
0.0613666
0.0613076
0.0612263
0.0611223
0.0609963
0.0608503
0.0606882
0.0605172
0.0603494
0.0602015
0.0600935
0.060045
0.0600693
0.0601696
0.0603365
0.0605505
0.0607874
0.0610237
0.0612406
0.0614258
0.0615732
0.0616813
0.061752
0.0617889
0.0617968
0.0617811
0.061748
0.0617041
0.0616565
0.0616121
0.0615771
0.0615549
0.0615465
0.0615492
0.0615584
0.0615685
0.0615748
0.0615749
0.0615693
0.0615617
0.0615577
0.0615638
0.0615859
0.0616277
0.06169
0.0617703
0.0618632
0.0619619
0.0620588
0.062147
0.0622204
0.0622746
0.0623061
0.0623132
0.0622951
0.0622528
0.0621888
0.0621078
0.0620169
0.0619251
0.0618432
0.0617816
0.0617489
0.0617502
0.0617856
0.0618507
0.0619372
0.0620339
0.0621285
0.0622077
0.0622572
0.062262
0.0622055
0.0620711
0.0618451
0.0615238
0.061123
0.0606846
0.0602708
0.0599401
0.0597186
0.0595932
0.0595343
0.0595232
0.0595576
0.0596388
0.0597573
0.0598947
0.0600326
0.0601608
0.060278
0.0603867
0.0604884
0.0605814
0.0606612
0.0607231
0.0607649
0.0607884
0.0607995
0.0608064
0.0608181
0.0608413
0.0608794
0.0609321
0.0609954
0.0610637
0.0611306
0.0611907
0.0612397
0.0612751
0.0612959
0.0613024
0.061296
0.0612788
0.0612537
0.0612238
0.0611924
0.0611628
0.061138
0.0611201
0.0611105
0.0611093
0.0611158
0.0611284
0.061145
0.0611633
0.0611812
0.0611969
0.0612089
0.0612162
0.061218
0.0612138
0.061203
0.0611852
0.0611597
0.0611259
0.0610838
0.0610345
0.0609809
0.0609287
0.0608867
0.0608655
0.0608755
0.060923
0.0610072
0.0611184
0.0612399
0.06135
0.0614267
0.06145
0.0614047
0.0612835
0.0610911
0.0608479
0.0605905
0.0603628
0.0601999
0.0601124
0.060084
0.0600807
0.0600648
0.0600041
0.0598832
0.059722
0.0595935
0.0596089
0.059852
0.060309
0.0608721
0.0614135
0.0618498
0.0621549
0.0623404
0.0624349
0.0624719
0.0624854
0.0625077
0.0625655
0.0626741
0.0628336
0.0630298
0.0632409
0.0634444
0.0636234
0.0637675
0.0638724
0.0639378
0.0639656
0.0639586
0.06392
0.0638534
0.0637632
0.0636553
0.0635371
0.063418
0.0633087
0.0632199
0.0631609
0.0631378
0.0631522
0.0632016
0.0632798
0.0633789
0.0634907
0.063608
0.0637251
0.0638376
0.0639425
0.0640373
0.0641207
0.0641914
0.0642489
0.0642932
0.0643246
0.0643439
0.0643519
0.0643498
0.0643387
0.0643193
0.0642923
0.0642581
0.064217
0.064169
0.0641145
0.0640539
0.0639878
0.0639172
0.0638435
0.0637682
0.0636928
0.0636188
0.0635473
0.0634786
0.0634112
0.063342
0.0632651
0.0631725
0.0630553
0.0629069
0.0627271
0.0625275
0.0623338
0.0621844
0.0621198
0.0621677
0.0623314
0.062587
0.0628946
0.0632129
0.0635103
0.0637688
0.0639817
0.0641489
0.0642731
0.0643569
0.0644027
0.0644118
0.0643855
0.0643257
0.0642359
0.0641212
0.0639897
0.0638517
0.063719
0.0636031
0.0635126
0.0634517
0.0634193
0.0634099
0.063416
0.0634299
0.0634448
0.0634563
0.0634616
0.0634598
0.0634518
0.0634397
0.0634269
0.0634174
0.0634151
0.0634228
0.0634417
0.0634709
0.0635072
0.0635463
0.0635829
0.0636121
0.0636293
0.0636313
0.0636158
0.0635816
0.0635287
0.063458
0.0633718
0.0632731
0.0631665
0.0630569
0.06295
0.0628513
0.062765
0.0626935
0.0626369
0.0625926
0.0625563
0.0625228
0.062488
0.0624496
0.0624086
0.062369
0.0623367
0.0623175
0.0623152
0.0623299
0.0623585
0.0623953
0.0624339
0.0624688
0.0624962
0.0625143
0.0625229
0.062523
0.0625164
0.0625052
0.0624915
0.062477
0.0624634
0.0624516
0.0624422
0.062435
0.0624293
0.0624241
0.0624175
0.0624074
0.0623916
0.0623674
0.0623323
0.0622837
0.0622191
0.0621368
0.0620358
0.0619169
0.0617833
0.0616412
0.0615001
0.0613716
0.0612673
0.0611956
0.0611594
0.061155
0.0611737
0.0612047
0.0612379
0.0612656
0.0612834
0.0612888
0.0612803
0.0612554
0.0612104
0.0611395
0.0610359
0.0608928
0.0607061
0.0604773
0.0602166
0.0599436
0.0596858
0.0594722
0.0593274
0.0592679
0.0593028
0.0594344
0.0596552
0.0599437
0.0602663
0.060586
0.0608723
0.0611073
0.061285
0.0614079
0.0614829
0.061518
0.0615205
0.0614962
0.0614493
0.0613828
0.0612987
0.0611994
0.0610876
0.0609672
0.0608437
0.0607242
0.0606163
0.0605275
0.0604632
0.0604257
0.0604134
0.0604215
0.0604435
0.0604728
0.0605043
0.0605346
0.0605629
0.06059
0.0606176
0.060648
0.0606831
0.0607239
0.0607704
0.0608215
0.0608752
0.0609289
0.0609797
0.0610248
0.061062
0.0610892
0.0611053
0.0611098
0.0611029
0.0610861
0.0610613
0.0610317
0.0610009
0.0609729
0.0609516
0.0609398
0.0609387
0.0609472
0.0609615
0.0609749
0.0609782
0.0609604
0.0609096
0.0608157
0.0606733
0.0604875
0.0602781
0.0600816
0.0599431
0.0598989
0.0599594
0.0601036
0.0602913
0.0604818
0.0606464
0.060772
0.0608564
0.060904
0.0609211
0.0609143
0.0608896
0.0608527
0.0608095
0.0607663
0.0607292
0.060704
0.0606951
0.0607042
0.06073
0.0607684
0.0608127
0.0608554
0.0608894
0.060909
0.0609107
0.0608929
0.0608562
0.0608027
0.0607355
0.0606587
0.0605765
0.0604936
0.0604143
0.0603427
0.0602823
0.0602356
0.0602041
0.0601881
0.0601865
0.0601974
0.0602176
0.0602436
0.0602713
0.0602967
0.060316
0.0603261
0.0603244
0.0603094
0.0602812
0.0602413
0.0601936
0.0601443
0.0601019
0.0600762
0.0600762
0.0601082
0.0601734
0.0602676
0.0603821
0.060506
0.0606286
0.0607411
0.0608374
0.060914
0.0609691
0.061002
0.0610125
0.061
0.0609639
0.0609027
0.0608151
0.0607
0.0605576
0.0603906
0.0602056
0.0600139
0.0598316
0.0596781
0.0595727
0.0595294
0.0595535
0.0596392
0.0597719
0.0599318
0.0600989
0.0602567
0.0603937
0.0605042
0.0605869
0.0606441
0.0606802
0.060701
0.0607129
0.0607217
0.0607326
0.0607494
0.0607742
0.0608077
0.0608492
0.0608974
0.0609505
0.0610068
0.0610654
0.0611256
0.0611872
0.06125
0.0613136
0.0613769
0.0614376
0.061492
0.0615346
0.0615584
0.0615541
0.0615113
0.0614191
0.0612688
0.0610584
0.0607976
0.0605134
0.0602484
0.060051
0.0599577
0.0599771
0.060088
0.06025
0.0604184
0.0605564
0.0606415
0.0606674
0.0606433
0.0605899
0.0605335
0.0604997
0.0605082
0.0605707
0.0606902
0.0608633
0.061081
0.0613299
0.0615937
0.061855
0.0620969
0.0623045
0.0624656
0.0625709
0.062613
0.0625874
0.0624923
0.0623309
0.0621137
0.0618599
0.0615972
0.0613572
0.0611681
0.0610459
0.0609911
0.0609905
0.0610242
0.0610726
0.0611203
0.0611559
0.0611706
0.0611552
0.0610992
0.0609923
0.0608267
0.0606022
0.0603307
0.0600403
0.0597757
0.0595876
0.0595143
0.0595628
0.0597053
0.0598945
0.0600849
0.0602469
0.0603687
0.0604519
0.0605046
0.0605361
0.0605545
0.0605649
0.0605699
0.0605699
0.0605642
0.060552
0.0605334
0.0605095
0.0604827
0.0604566
0.0604353
0.0604224
0.0604205
0.0604305
0.0604514
0.0604805
0.0605141
0.060548
0.0605785
0.0606027
0.0606184
0.0606243
0.06062
0.0606051
0.0605798
0.060544
0.0604974
0.0604397
0.06037
0.0602872
0.0601901
0.0600776
0.059949
0.0598047
0.0596462
0.059477
0.059302
0.0591272
0.0589587
0.0588005
0.0586531
0.0585113
0.0583633
0.0581923
0.0579822
0.0577285
0.0574536
0.0572157
0.0570952
0.0571522
0.0573833
0.0577181
0.0580618
0.0583401
0.0585195
0.0586016
0.058611
0.0585825
0.0585515
0.0585468
0.0585857
0.0586727
0.0588017
0.0589601
0.0591332
0.0593071
0.0594702
0.0596141
0.0597333
0.059825
0.059888
0.0599224
0.0599288
0.0599077
0.0598596
0.0597847
0.0596834
0.059557
0.0594079
0.0592411
0.0590642
0.0588876
0.058724
0.0585866
0.0584866
0.0584315
0.0584235
0.05846
0.0585342
0.0586377
0.0587616
0.0588976
0.059039
0.0591799
0.0593156
0.0594424
0.0595573
0.0596582
0.0597434
0.0598119
0.0598623
0.0598927
0.0599
0.059879
0.0598218
0.0597176
0.0595528
0.0593138
0.0589937
0.0586029
0.058182
0.0578038
0.0575506
0.0574703
0.0575449
0.0577041
0.0578708
0.057998
0.0580761
0.0581206
0.0581567
0.0582066
0.058284
0.0583933
0.0585313
0.0586893
0.0588562
0.05902
0.0591698
0.0592972
0.0593967
0.059466
0.0595056
0.0595179
0.0595074
0.0594792
0.0594391
0.0593932
0.0593468
0.0593045
0.0592691
0.0592419
0.0592223
0.0592082
0.0591967
0.0591848
0.0591705
0.0591527
0.0591319
0.0591104
0.0590915
0.0590791
0.0590768
0.0590879
0.0591143
0.059157
0.059216
0.0592909
0.0593808
0.0594845
0.0596002
0.0597256
0.0598574
0.0599918
0.0601244
0.0602512
0.0603685
0.0604732
0.0605635
0.0606384
0.0606975
0.0607416
0.0607713
0.0607878
0.0607922
0.0607852
0.0607674
0.0607387
0.0606989
0.0606473
0.0605828
0.0605048
0.0604128
0.0603074
0.0601906
0.0600662
0.0599407
0.0598229
0.0597234
0.0596535
0.0596224
0.0596356
0.0596931
0.059789
0.0599129
0.0600518
0.0601928
0.0603244
0.0604381
0.0605281
0.0605914
0.0606275
0.0606385
0.0606294
0.0606075
0.0605817
0.0605606
0.0605493
0.0605473
0.060548
0.0605406
0.0605155
0.0604688
0.0604068
0.0603465
0.0603115
0.0603253
0.0604024
0.0605425
0.0607316
0.0609462
0.0611615
0.0613565
0.0615172
0.0616365
0.0617126
0.0617471
0.0617437
0.0617077
0.0616459
0.0615671
0.0614823
0.061404
0.0613445
0.0613131
0.061313
0.0613397
0.0613821
0.0614243
0.0614492
0.0614406
0.0613845
0.0612702
0.0610916
0.0608506
0.0605612
0.0602521
0.0599641
0.0597381
0.0595973
0.0595356
0.0595234
0.0595254
0.05952
0.059507
0.0595026
0.0595288
0.0596034
0.059734
0.0599174
0.0601417
0.0603894
0.0606409
0.0608789
0.0610906
0.0612696
0.0614155
0.0615331
