1.19999
1.19999
1.2
1.20001
1.20002
1.20004
1.20007
1.20009
1.20013
1.20017
1.20021
1.20026
1.20032
1.20038
1.20045
1.20052
1.2006
1.20068
1.20077
1.20087
1.20097
1.20108
1.20119
1.20131
1.20144
1.20158
1.20172
1.20187
1.20202
1.20219
1.20236
1.20254
1.20273
1.20293
1.20313
1.20335
1.20357
1.20381
1.20405
1.2043
1.20457
1.20485
1.20513
1.20543
1.20575
1.20607
1.20641
1.20676
1.20713
1.20751
1.20791
1.20833
1.20876
1.20921
1.20967
1.21016
1.21067
1.21119
1.21174
1.21231
1.21291
1.21353
1.21417
1.21484
1.21554
1.21626
1.21702
1.2178
1.21862
1.21947
1.22036
1.22128
1.22223
1.22323
1.22427
1.22534
1.22646
1.22762
1.22883
1.23009
1.23139
1.23275
1.23416
1.23562
1.23714
1.23872
1.24035
1.24205
1.24382
1.24565
1.24755
1.24952
1.25156
1.25368
1.25587
1.25814
1.26047
1.26288
1.26535
1.26788
1.27044
1.27303
1.27562
1.27816
1.28062
1.28291
1.28497
1.2867
1.28798
1.2887
1.28877
1.28818
1.28699
1.28541
1.2838
1.28251
1.28181
1.2817
1.28192
1.28197
1.28139
1.27986
1.27737
1.27417
1.27072
1.26758
1.26527
1.26416
1.26439
1.26594
1.26862
1.27214
1.27622
1.28059
1.28509
1.28964
1.29422
1.29878
1.30325
1.30753
1.31153
1.31516
1.31836
1.32105
1.32317
1.32466
1.32555
1.32597
1.32614
1.32638
1.327
1.32825
1.33014
1.33252
1.33507
1.33743
1.33925
1.34026
1.34029
1.33928
1.33724
1.33433
1.33087
1.32728
1.32411
1.32182
1.32073
1.32089
1.32213
1.32419
1.32676
1.32961
1.33253
1.33537
1.33799
1.34027
1.3421
1.34342
1.34419
1.3444
1.3441
1.34337
1.3423
1.34101
1.33959
1.33815
1.33674
1.33542
1.33422
1.33315
1.33224
1.3315
1.331
1.33082
1.33109
1.33197
1.33359
1.33603
1.33927
1.34314
1.3474
1.35174
1.35588
1.3596
1.36277
1.36532
1.36728
1.3687
1.36968
1.37031
1.3707
1.37095
1.37115
1.37138
1.37171
1.37219
1.37286
1.37374
1.37485
1.37618
1.37771
1.37941
1.38124
1.38315
1.38509
1.38697
1.38875
1.39033
1.39166
1.39264
1.3932
1.39327
1.39278
1.3917
1.39
1.38772
1.38491
1.38171
1.37827
1.37481
1.37148
1.3684
1.36553
1.36269
1.35964
1.35625
1.35257
1.34896
1.34596
1.34419
1.34418
1.34638
1.35092
1.35755
1.36559
1.37411
1.38227
1.38955
1.39573
1.40081
1.40493
1.40818
1.41068
1.41251
1.41377
1.41456
1.415
1.41521
1.41531
1.4154
1.41558
1.41589
1.41637
1.41704
1.41789
1.41889
1.41999
1.42112
1.42221
1.42316
1.42387
1.42422
1.42407
1.42328
1.4217
1.41918
1.4156
1.41088
1.40513
1.39866
1.39214
1.38649
1.38266
1.3812
1.38206
1.38464
1.38827
1.39243
1.39689
1.40157
1.40643
1.41136
1.41624
1.42088
1.42513
1.42883
1.43184
1.43404
1.43534
1.43569
1.43504
1.43336
1.43072
1.42725
1.42327
1.41924
1.41574
1.41334
1.41245
1.4132
1.41545
1.41884
1.42289
1.4271
1.43102
1.43432
1.43677
1.43824
1.4387
1.43815
1.43663
1.43417
1.43083
1.42665
1.42171
1.41611
1.41001
1.40366
1.39735
1.39144
1.38633
1.38232
1.37965
1.37838
1.37846
1.37972
1.38192
1.38479
1.38803
1.39134
1.39443
1.39705
1.39906
1.40035
1.40092
1.40087
1.40036
1.39963
1.39898
1.39867
1.39887
1.39962
1.40078
1.40214
1.40341
1.40436
1.4048
1.40459
1.40366
1.40196
1.39951
1.39636
1.39266
1.38867
1.38478
1.38144
1.37909
1.37796
1.37804
1.37905
1.38056
1.38215
1.38349
1.38439
1.38475
1.38459
1.38395
1.38288
1.38144
1.37963
1.37745
1.37483
1.37169
1.36795
1.3636
1.35876
1.35374
1.34899
1.34496
1.34192
1.33981
1.3383
1.33705
1.33592
1.33509
1.33502
1.33617
1.33882
1.34288
1.34795
1.35346
1.35882
1.36361
1.36756
1.37058
1.37267
1.37393
1.37449
1.37448
1.37403
1.37328
1.37232
1.37125
1.37014
1.36902
1.36792
1.36683
1.36573
1.36459
1.36337
1.36201
1.36046
1.35868
1.35667
1.35447
1.35222
1.35012
1.34849
1.34764
1.34782
1.3491
1.35133
1.3542
1.35736
1.36046
1.36324
1.36557
1.3674
1.36872
1.36957
1.36997
1.36995
1.36953
1.36869
1.36741
1.36564
1.36334
1.36048
1.35706
1.35316
1.34891
1.34457
1.34046
1.33694
1.33428
1.33265
1.33206
1.33229
1.333
1.3337
1.3339
1.33318
1.3314
1.32885
1.32629
1.32476
1.32511
1.32749
1.33131
1.33553
1.33925
1.34196
1.34361
1.34451
1.34509
1.34578
1.34685
1.34839
1.35031
1.35242
1.3545
1.35639
1.35798
1.35923
1.36015
1.36077
1.36113
1.36127
1.36123
1.36104
1.36072
1.36025
1.35963
1.35884
1.35782
1.35655
1.35496
1.35301
1.35067
1.34796
1.34494
1.3418
1.33877
1.33617
1.33429
1.3333
1.3332
1.33377
1.33471
1.33569
1.33655
1.33729
1.33816
1.33947
1.34153
1.34444
1.34808
1.35211
1.35615
1.35987
1.36307
1.36567
1.36773
1.36934
1.37063
1.37171
1.37268
1.37357
1.3744
1.37512
1.37568
1.37602
1.37608
1.37581
1.37519
1.37423
1.37298
1.37151
1.36994
1.36843
1.36714
1.3662
1.36574
1.36581
1.36639
1.3674
1.36872
1.37023
1.37179
1.3733
1.37471
1.37598
1.37713
1.37818
1.37918
1.38019
1.38123
1.38237
1.38361
1.38497
1.38641
1.38792
1.38946
1.39095
1.39236
1.39361
1.39464
1.3954
1.39583
1.39589
1.39557
1.39489
1.39392
1.39277
1.3916
1.39052
1.38957
1.3886
1.38729
1.38516
1.38177
1.37689
1.37079
1.3644
1.35914
1.35635
1.35672
1.35994
1.3651
1.37103
1.37676
1.3815
1.38481
1.38651
1.38674
1.38587
1.38441
1.38289
1.38172
1.3811
1.38098
1.38116
1.38142
1.38159
1.38164
1.38162
1.38163
1.38178
1.38216
1.38279
1.38367
1.38476
1.38602
1.38739
1.38883
1.39032
1.39183
1.39333
1.39481
1.39622
1.39751
1.39864
1.39955
1.4002
1.40057
1.40064
1.40044
1.40004
1.3995
1.39893
1.39844
1.39815
1.39814
1.39848
1.39926
1.4005
1.40219
1.40423
1.40645
1.40859
1.41035
1.41145
1.41168
1.41097
1.40939
1.40722
1.40487
1.4028
1.40136
1.4007
1.40079
1.40141
1.40237
1.4035
1.40474
1.406
1.40719
1.40818
1.40879
1.40885
1.40823
1.40688
1.40497
1.40284
1.40103
1.40011
1.40043
1.40196
1.40425
1.40662
1.40846
1.40933
1.40918
1.40828
1.40733
1.40724
1.40888
1.41267
1.41831
1.42499
1.43172
1.43771
1.44255
1.44613
1.44857
1.45006
1.45085
1.45113
1.45106
1.45072
1.45013
1.44927
1.44808
1.44651
1.44452
1.44211
1.43935
1.43633
1.43315
1.42992
1.42668
1.42349
1.42044
1.41765
1.41533
1.41362
1.41253
1.41179
1.41087
1.40909
1.40586
1.40081
1.39404
1.38619
1.37857
1.37284
1.37044
1.37169
1.37578
1.38162
1.38858
1.39628
1.40383
1.40979
1.41283
1.41248
1.40911
1.40357
1.39674
1.38952
1.38332
1.38009
1.38148
1.38751
1.39639
1.40575
1.41383
1.41988
1.42387
1.42613
1.42705
1.42698
1.4262
1.42489
1.42319
1.42118
1.41893
1.41647
1.41385
1.41108
1.40821
1.40526
1.40224
1.39918
1.39609
1.39299
1.38995
1.38704
1.3844
1.38221
1.38067
1.37999
1.38031
1.38168
1.38399
1.38704
1.39054
1.39418
1.39771
1.40092
1.40372
1.40604
1.40791
1.40935
1.4104
1.41113
1.41156
1.41174
1.41166
1.41133
1.41073
1.40983
1.40858
1.40695
1.40489
1.40239
1.39946
1.39618
1.39269
1.38921
1.386
1.38334
1.38148
1.38054
1.38056
1.38144
1.38305
1.3852
1.3877
1.39036
1.39302
1.39551
1.39771
1.39954
1.40093
1.40182
1.40216
1.40186
1.40083
1.39897
1.39629
1.39288
1.38904
1.38524
1.3821
1.38025
1.38011
1.3818
1.38505
1.38934
1.39407
1.39869
1.40279
1.40614
1.40865
1.41032
1.41122
1.41148
1.41122
1.41059
1.4097
1.4087
1.40767
1.40671
1.40589
1.40526
1.40484
1.40465
1.40469
1.40498
1.4055
1.40625
1.40722
1.40839
1.40973
1.41119
1.41271
1.41422
1.41562
1.4168
1.41764
1.41798
1.41763
1.41639
1.41407
1.41052
1.40578
1.40018
1.39446
1.38961
1.38656
1.38572
1.38675
1.38887
1.39138
1.39392
1.39655
1.39948
1.40285
1.40661
1.41052
1.41428
1.41762
1.42037
1.42243
1.42377
1.42443
1.42443
1.42386
1.42279
1.42136
1.4197
1.418
1.41646
1.41525
1.4145
1.41425
1.41446
1.41502
1.4158
1.41667
1.41754
1.41838
1.4192
1.42
1.42079
1.4215
1.42204
1.42226
1.42199
1.42106
1.41934
1.41675
1.41326
1.40902
1.40434
1.39979
1.39611
1.39399
1.39373
1.39508
1.39739
1.39988
1.40198
1.40346
1.40435
1.4049
1.40542
1.40619
1.4074
1.40906
1.41104
1.41305
1.41475
1.41585
1.41614
1.41553
1.41406
1.41188
1.40922
1.40637
1.4036
1.40114
1.39908
1.39743
1.39612
1.39514
1.39456
1.39457
1.39545
1.39738
1.40038
1.40422
1.40854
1.41289
1.41694
1.42044
1.42329
1.42549
1.42709
1.42818
1.42886
1.42922
1.42935
1.42932
1.42922
1.42909
1.42896
1.42885
1.42875
1.42864
1.42847
1.42819
1.42776
1.42716
1.42639
1.42549
1.4245
1.42347
1.42242
1.42127
1.41986
1.41788
1.41496
1.41072
1.40497
1.39792
1.39037
1.38371
1.37941
1.37836
1.38037
1.38443
1.38936
1.39429
1.39878
1.40271
1.40606
1.4089
1.41127
1.20171
1.20327
1.20462
1.20578
1.20677
1.2076
1.20829
1.20884
1.20928
1.20962
1.20988
1.21007
1.21021
1.21034
1.21045
1.21056
1.21069
1.21083
1.21097
1.21109
1.21116
1.21116
1.21102
1.21071
1.21014
1.20925
1.20794
1.20612
1.20368
1.20055
1.19667
1.1921
1.18703
1.18182
1.17707
1.17347
1.17165
1.17198
1.17437
1.17836
1.18326
1.18841
1.19329
1.19762
1.20126
1.20421
1.20653
1.20832
1.20966
1.21063
1.21131
1.21174
1.21197
1.21204
1.21197
1.21178
1.2115
1.21115
1.21075
1.21032
1.20987
1.20941
1.20891
1.20835
1.20765
1.20672
1.20544
1.20372
1.20149
1.19879
1.19579
1.19278
1.19012
1.18808
1.1867
1.18577
1.18492
1.18391
1.18279
1.18201
1.18218
1.18378
1.18682
1.19084
1.19517
1.19921
1.20257
1.2051
1.20674
1.20744
1.20709
1.20553
1.20261
1.19837
1.19321
1.18806
1.18415
1.18257
1.18357
1.18645
1.18997
1.19298
1.19484
1.19549
1.19524
1.1946
1.19408
1.19407
1.19474
1.19606
1.19784
1.19981
1.20172
1.20339
1.2047
1.2056
1.20609
1.2062
1.20596
1.20541
1.20461
1.20361
1.20249
1.20134
1.20027
1.19941
1.19882
1.19854
1.19851
1.19862
1.1987
1.19856
1.19805
1.19705
1.1955
1.19341
1.19083
1.18792
1.18492
1.18218
1.18015
1.17933
1.18007
1.18242
1.1861
1.19052
1.19503
1.19907
1.20228
1.2045
1.20575
1.20619
1.20606
1.20568
1.20533
1.20527
1.20566
1.20654
1.20784
1.20941
1.21108
1.21267
1.21402
1.215
1.2155
1.21543
1.21471
1.21321
1.21081
1.20735
1.20267
1.19673
1.18979
1.18255
1.17623
1.17222
1.1714
1.17351
1.17728
1.18109
1.18359
1.18411
1.18265
1.17975
1.17633
1.17346
1.17213
1.1731
1.17663
1.18243
1.18963
1.19711
1.20384
1.20915
1.21275
1.2147
1.21529
1.21498
1.21424
1.21353
1.21314
1.2132
1.21361
1.21419
1.2147
1.21495
1.21485
1.21433
1.21341
1.21211
1.21046
1.2085
1.20629
1.2039
1.20146
1.1991
1.19701
1.19536
1.19427
1.1938
1.19392
1.19456
1.19556
1.19679
1.1981
1.19937
1.20049
1.20138
1.20196
1.20216
1.20196
1.20136
1.20038
1.1991
1.19763
1.19607
1.19458
1.19337
1.19273
1.19303
1.19457
1.19741
1.20127
1.20562
1.20985
1.21343
1.21607
1.21765
1.2182
1.21782
1.21668
1.21495
1.21278
1.21033
1.20777
1.20528
1.20307
1.20136
1.20039
1.20033
1.20131
1.2033
1.20616
1.20963
1.21341
1.21719
1.22068
1.22369
1.22605
1.22765
1.22841
1.22829
1.22724
1.22527
1.22247
1.21898
1.21508
1.21115
1.20767
1.20509
1.20377
1.20388
1.20531
1.20777
1.21082
1.21404
1.21709
1.21974
1.2219
1.2236
1.22489
1.2259
1.22675
1.22753
1.22834
1.22923
1.23022
1.23131
1.23247
1.23368
1.23487
1.23602
1.23707
1.23797
1.23864
1.23902
1.23903
1.23859
1.23758
1.23593
1.23355
1.23038
1.22638
1.22158
1.21605
1.20996
1.20353
1.19709
1.19099
1.1856
1.18121
1.178
1.17596
1.17499
1.17483
1.17521
1.17587
1.17666
1.17753
1.17859
1.18003
1.18206
1.18485
1.18847
1.19285
1.19777
1.20289
1.20786
1.21236
1.21617
1.2192
1.22142
1.2229
1.22372
1.22401
1.22386
1.22338
1.22266
1.22177
1.22079
1.21976
1.21873
1.21773
1.21678
1.21589
1.21504
1.21421
1.21336
1.21244
1.21138
1.21012
1.20861
1.20681
1.20469
1.20227
1.19961
1.19683
1.19409
1.1916
1.18956
1.18812
1.1874
1.18741
1.18812
1.18944
1.19125
1.19339
1.19569
1.19794
1.19995
1.20153
1.20256
1.20299
1.20286
1.20235
1.20169
1.20117
1.20106
1.20155
1.20274
1.20462
1.2071
1.21006
1.21334
1.2168
1.2203
1.22372
1.22695
1.2299
1.2325
1.23469
1.23644
1.23773
1.23856
1.23895
1.23893
1.23856
1.2379
1.23703
1.23605
1.23501
1.23395
1.23286
1.23166
1.23023
1.22838
1.22592
1.22264
1.21841
1.21319
1.20708
1.20044
1.19379
1.18785
1.18334
1.18083
1.18067
1.18294
1.18745
1.1938
1.20139
1.20956
1.21766
1.22516
1.23169
1.23707
1.24122
1.24416
1.24595
1.24666
1.24636
1.24519
1.24332
1.24102
1.23868
1.23669
1.23541
1.23505
1.23561
1.23689
1.23858
1.24039
1.24205
1.24342
1.24443
1.24505
1.24529
1.24516
1.24468
1.24386
1.24271
1.24125
1.23951
1.23754
1.23539
1.23314
1.2309
1.22876
1.22681
1.22513
1.22378
1.22278
1.22211
1.22178
1.22176
1.22203
1.22255
1.22327
1.22412
1.22501
1.22584
1.22653
1.227
1.22722
1.22717
1.22686
1.22633
1.22565
1.22491
1.22419
1.22363
1.22332
1.22338
1.22387
1.22485
1.22632
1.22822
1.23047
1.23294
1.23548
1.23792
1.24008
1.24176
1.24273
1.24271
1.24139
1.23841
1.23346
1.22649
1.21801
1.20939
1.20273
1.20003
1.20199
1.20757
1.21483
1.22197
1.2279
1.23214
1.23453
1.23495
1.23327
1.22931
1.22289
1.214
1.20302
1.19102
1.17984
1.17174
1.16848
1.17044
1.17654
1.18488
1.19371
1.20185
1.20875
1.21426
1.21851
1.2217
1.22404
1.22573
1.22693
1.22776
1.22833
1.22871
1.22895
1.2291
1.22919
1.22922
1.22921
1.22915
1.22904
1.22887
1.2286
1.22821
1.22766
1.22689
1.22584
1.22443
1.2226
1.22028
1.21743
1.21404
1.21021
1.20611
1.20198
1.19812
1.19479
1.19214
1.19022
1.18896
1.18832
1.18829
1.18888
1.19012
1.19196
1.19425
1.19679
1.19937
1.20184
1.20408
1.20603
1.20765
1.20888
1.20965
1.2099
1.20958
1.2087
1.20734
1.20572
1.2041
1.2028
1.20209
1.20216
1.20305
1.20472
1.20702
1.20979
1.21285
1.21604
1.21925
1.22237
1.22533
1.22808
1.23061
1.23292
1.23502
1.23695
1.23873
1.24039
1.24193
1.24337
1.24469
1.24586
1.24682
1.2475
1.24779
1.24758
1.24676
1.24523
1.24294
1.23993
1.23638
1.23255
1.22879
1.22547
1.2228
1.22081
1.21931
1.21799
1.21657
1.21487
1.21299
1.21123
1.21
1.20964
1.21027
1.21182
1.21409
1.21686
1.21995
1.22318
1.22641
1.22949
1.23232
1.23486
1.2371
1.23911
1.24096
1.24277
1.24458
1.24639
1.24812
1.2496
1.25063
1.251
1.25052
1.24916
1.24702
1.2444
1.24181
1.23979
1.23879
1.23898
1.24018
1.24196
1.24379
1.24518
1.24575
1.24528
1.24373
1.24119
1.23791
1.23429
1.23076
1.22775
1.22556
1.22433
1.22395
1.22415
1.22457
1.22488
1.22486
1.22446
1.2238
1.22307
1.22246
1.22205
1.22181
1.22155
1.22108
1.22022
1.21891
1.21722
1.21534
1.2135
1.21195
1.21082
1.21009
1.20954
1.2088
1.20751
1.20544
1.20267
1.19972
1.19739
1.19649
1.19743
1.19998
1.20341
1.20693
1.20991
1.21206
1.21336
1.21395
1.21405
1.21386
1.21354
1.2132
1.21289
1.2126
1.21231
1.21198
1.2116
1.21115
1.21064
1.21009
1.20954
1.20902
1.20855
1.20817
1.20788
1.20768
1.20757
1.2075
1.20745
1.20737
1.2072
1.20687
1.20635
1.20557
1.2045
1.20309
1.20128
1.19899
1.19609
1.1924
1.18775
1.18213
1.17579
1.16949
1.16444
1.16207
1.16341
1.16846
1.17617
1.18493
1.19328
1.20025
1.20546
1.20889
1.21074
1.21128
1.2108
1.20954
1.20776
1.20568
1.20349
1.20139
1.19954
1.19805
1.197
1.1964
1.1962
1.19635
1.19673
1.19726
1.19788
1.19854
1.19923
1.19998
1.20081
1.20175
1.2028
1.20394
1.20515
1.20635
1.20747
1.20845
1.20921
1.20971
1.20992
1.20983
1.20945
1.20883
1.20799
1.20697
1.2058
1.20453
1.20321
1.20194
1.20088
1.20021
1.20011
1.20068
1.20192
1.20371
1.20585
1.20807
1.21017
1.21196
1.21336
1.21433
1.21488
1.21506
1.21492
1.21452
1.2139
1.2131
1.21214
1.211
1.20965
1.20803
1.20607
1.20371
1.2009
1.19767
1.19416
1.19065
1.18753
1.18523
1.18405
1.18404
1.18497
1.18639
1.18778
1.18872
1.18891
1.18826
1.18683
1.18482
1.18253
1.18031
1.17847
1.17719
1.17655
1.17649
1.17688
1.17756
1.17841
1.17933
1.18022
1.18103
1.18169
1.18217
1.18245
1.18252
1.18239
1.18211
1.18171
1.18122
1.18068
1.18008
1.1794
1.17856
1.17741
1.17568
1.17297
1.1687
1.1621
1.1525
1.13983
1.12562
1.11367
1.10862
1.11249
1.12278
1.13488
1.14536
1.15302
1.15811
1.16136
1.16346
1.16492
1.16604
1.16703
1.16797
1.16893
1.16994
1.17102
1.17216
1.17335
1.17455
1.17571
1.17675
1.17761
1.17819
1.1784
1.17813
1.17727
1.17567
1.17324
1.1699
1.16569
1.16082
1.15574
1.15115
1.14783
1.14638
1.14691
1.14899
1.15184
1.15463
1.15681
1.15822
1.15902
1.15961
1.1604
1.16167
1.16347
1.16562
1.16781
1.16973
1.17117
1.17202
1.17231
1.17214
1.17167
1.17108
1.17053
1.17017
1.17008
1.17031
1.17082
1.17156
1.17245
1.17341
1.17435
1.17522
1.176
1.17665
1.17719
1.17761
1.17794
1.17818
1.17837
1.1785
1.17861
1.17871
1.1788
1.17891
1.17904
1.17922
1.17946
1.17979
1.1802
1.18072
1.18134
1.18206
1.18285
1.1837
1.18459
1.18547
1.18632
1.18712
1.18783
1.18844
1.18892
1.18927
1.18948
1.18954
1.18945
1.18923
1.18888
1.18845
1.18796
1.18746
1.18702
1.18671
1.18661
1.18678
1.18727
1.18813
1.18933
1.19086
1.19267
1.19468
1.1968
1.19896
1.20107
1.20306
1.20486
1.20642
1.20769
1.20864
1.20924
1.20948
1.20933
1.20882
1.20796
1.1989
1.19755
1.19611
1.1947
1.19347
1.19254
1.19201
1.19193
1.19232
1.19309
1.19416
1.19537
1.19658
1.19764
1.19845
1.19894
1.19907
1.19887
1.19839
1.19772
1.19699
1.19634
1.19591
1.19585
1.19624
1.19716
1.19859
1.20048
1.20273
1.20521
1.20777
1.21029
1.21264
1.21469
1.21636
1.21754
1.21813
1.21801
1.21707
1.21519
1.21233
1.20852
1.20399
1.19917
1.19475
1.19156
1.19033
1.19143
1.19474
1.19966
1.20538
1.21109
1.21622
1.22044
1.22363
1.22584
1.22719
1.22782
1.22791
1.22762
1.22708
1.22642
1.22571
1.22497
1.22421
1.22338
1.22242
1.22126
1.21989
1.21833
1.21668
1.21507
1.21367
1.21262
1.21199
1.21176
1.21184
1.21212
1.21249
1.21292
1.21343
1.21408
1.21492
1.21599
1.21725
1.21865
1.2201
1.2215
1.22279
1.22392
1.22485
1.22558
1.22609
1.22641
1.22654
1.22652
1.22639
1.2262
1.22601
1.22586
1.22581
1.2259
1.22614
1.22653
1.22705
1.22766
1.22829
1.22888
1.22934
1.22959
1.22957
1.22921
1.22846
1.22727
1.22564
1.22355
1.22102
1.21809
1.21483
1.2114
1.20803
1.20506
1.20289
1.20191
1.2024
1.20442
1.20777
1.21207
1.21683
1.22157
1.22593
1.22965
1.23261
1.23478
1.2362
1.23694
1.2371
1.23678
1.23612
1.23523
1.23428
1.23339
1.23268
1.23224
1.23207
1.23212
1.23231
1.23251
1.23264
1.23264
1.23253
1.23238
1.23229
1.23242
1.23286
1.2337
1.23495
1.23656
1.23843
1.24041
1.24236
1.24413
1.24561
1.24669
1.24733
1.24747
1.2471
1.24625
1.24497
1.24334
1.24152
1.23967
1.23803
1.23679
1.23614
1.23616
1.23687
1.23818
1.23992
1.24186
1.24376
1.24535
1.24634
1.24644
1.24531
1.2426
1.23806
1.23161
1.22356
1.21476
1.20645
1.19981
1.19536
1.19284
1.19166
1.19143
1.19213
1.19376
1.19614
1.1989
1.20167
1.20424
1.2066
1.20878
1.21082
1.21269
1.21429
1.21553
1.21637
1.21685
1.21707
1.21721
1.21744
1.21791
1.21867
1.21973
1.221
1.22237
1.22372
1.22493
1.22591
1.22662
1.22704
1.22717
1.22704
1.22669
1.22619
1.22559
1.22496
1.22436
1.22387
1.22351
1.22331
1.22329
1.22342
1.22367
1.22401
1.22437
1.22473
1.22505
1.22529
1.22544
1.22547
1.22539
1.22517
1.22481
1.2243
1.22362
1.22278
1.22179
1.22071
1.21966
1.21882
1.21839
1.21859
1.21955
1.22124
1.22347
1.22591
1.22812
1.22966
1.23013
1.22922
1.22679
1.22292
1.21804
1.21287
1.2083
1.20502
1.20327
1.2027
1.20263
1.20231
1.20109
1.19866
1.19543
1.19285
1.19316
1.19804
1.20722
1.21853
1.2294
1.23817
1.24429
1.24802
1.24991
1.25066
1.25093
1.25137
1.25254
1.25472
1.25792
1.26186
1.2661
1.27019
1.27378
1.27668
1.27878
1.2801
1.28065
1.28051
1.27974
1.2784
1.27659
1.27442
1.27205
1.26966
1.26746
1.26568
1.26449
1.26403
1.26432
1.26531
1.26688
1.26887
1.27112
1.27347
1.27582
1.27808
1.28019
1.2821
1.28377
1.28519
1.28634
1.28723
1.28786
1.28825
1.28841
1.28837
1.28815
1.28776
1.28721
1.28653
1.2857
1.28474
1.28364
1.28243
1.2811
1.27968
1.2782
1.27669
1.27517
1.27369
1.27225
1.27087
1.26952
1.26813
1.26658
1.26472
1.26237
1.25939
1.25578
1.25177
1.24788
1.24488
1.24358
1.24455
1.24783
1.25297
1.25915
1.26554
1.27151
1.2767
1.28098
1.28434
1.28683
1.28851
1.28943
1.28961
1.28909
1.28789
1.28608
1.28378
1.28114
1.27837
1.2757
1.27337
1.27156
1.27033
1.26968
1.26949
1.26962
1.26989
1.2702
1.27042
1.27053
1.2705
1.27033
1.27009
1.26984
1.26964
1.2696
1.26975
1.27013
1.27072
1.27145
1.27223
1.27297
1.27355
1.2739
1.27394
1.27363
1.27294
1.27188
1.27046
1.26873
1.26675
1.2646
1.2624
1.26026
1.25827
1.25654
1.25511
1.25397
1.25308
1.25235
1.25168
1.25098
1.25021
1.24938
1.24859
1.24794
1.24755
1.24751
1.2478
1.24838
1.24912
1.24989
1.25059
1.25114
1.25151
1.25168
1.25168
1.25155
1.25132
1.25105
1.25076
1.25048
1.25025
1.25006
1.24991
1.2498
1.24969
1.24956
1.24936
1.24904
1.24856
1.24785
1.24687
1.24558
1.24393
1.2419
1.23951
1.23682
1.23397
1.23114
1.22856
1.22646
1.22502
1.2243
1.22421
1.22458
1.22521
1.22587
1.22643
1.22679
1.2269
1.22672
1.22622
1.22532
1.2239
1.22181
1.21894
1.21519
1.2106
1.20536
1.19988
1.1947
1.19041
1.1875
1.18631
1.18701
1.18965
1.19409
1.19988
1.20636
1.21278
1.21853
1.22325
1.22682
1.22929
1.23079
1.2315
1.23155
1.23106
1.23012
1.22878
1.22709
1.2251
1.22285
1.22044
1.21796
1.21555
1.21339
1.2116
1.21031
1.20956
1.20931
1.20948
1.20992
1.21051
1.21114
1.21175
1.21232
1.21286
1.21341
1.21403
1.21473
1.21555
1.21648
1.21751
1.21859
1.21967
1.22069
1.22159
1.22234
1.22289
1.22321
1.2233
1.22316
1.22282
1.22233
1.22173
1.22111
1.22055
1.22012
1.21989
1.21986
1.22004
1.22032
1.22059
1.22066
1.2203
1.21928
1.21739
1.21453
1.2108
1.20659
1.20265
1.19987
1.19898
1.2002
1.20309
1.20686
1.21069
1.21399
1.21652
1.21821
1.21917
1.21951
1.21937
1.21888
1.21814
1.21727
1.2164
1.21566
1.21515
1.21497
1.21515
1.21567
1.21644
1.21733
1.21819
1.21887
1.21927
1.2193
1.21894
1.21821
1.21713
1.21578
1.21424
1.21259
1.21092
1.20933
1.20789
1.20668
1.20574
1.20511
1.20479
1.20476
1.20498
1.20538
1.2059
1.20646
1.20697
1.20736
1.20756
1.20753
1.20723
1.20666
1.20586
1.2049
1.20391
1.20306
1.20254
1.20254
1.20319
1.20449
1.20639
1.20869
1.21117
1.21364
1.2159
1.21783
1.21937
1.22047
1.22114
1.22135
1.2211
1.22037
1.21914
1.21738
1.21507
1.21221
1.20886
1.20514
1.20129
1.19763
1.19455
1.19243
1.19156
1.19204
1.19377
1.19643
1.19964
1.203
1.20617
1.20892
1.21114
1.2128
1.21395
1.21467
1.21509
1.21533
1.21551
1.21573
1.21606
1.21656
1.21723
1.21807
1.21903
1.2201
1.22123
1.22241
1.22362
1.22485
1.22612
1.22739
1.22867
1.22988
1.23098
1.23183
1.23231
1.23222
1.23136
1.22951
1.22649
1.22227
1.21703
1.21132
1.206
1.20204
1.20016
1.20055
1.20278
1.20603
1.20942
1.21219
1.2139
1.21442
1.21393
1.21286
1.21172
1.21105
1.21122
1.21247
1.21487
1.21835
1.22272
1.22772
1.23302
1.23827
1.24313
1.24729
1.25053
1.25264
1.25349
1.25297
1.25106
1.24782
1.24346
1.23836
1.23309
1.22827
1.22447
1.22202
1.22092
1.2209
1.22158
1.22255
1.22351
1.22423
1.22452
1.22421
1.22309
1.22094
1.21761
1.2131
1.20765
1.20182
1.1965
1.19273
1.19126
1.19223
1.19509
1.19889
1.20272
1.20597
1.20842
1.21009
1.21115
1.21178
1.21215
1.21236
1.21246
1.21246
1.21234
1.2121
1.21172
1.21124
1.21071
1.21018
1.20975
1.20949
1.20946
1.20966
1.21008
1.21066
1.21134
1.21202
1.21263
1.21312
1.21343
1.21355
1.21346
1.21316
1.21266
1.21194
1.211
1.20984
1.20844
1.20678
1.20483
1.20257
1.19999
1.19709
1.1939
1.19051
1.18699
1.18348
1.1801
1.17692
1.17396
1.17111
1.16814
1.16471
1.16049
1.15539
1.14987
1.14509
1.14267
1.14382
1.14846
1.15519
1.16209
1.16768
1.17128
1.17293
1.17312
1.17254
1.17192
1.17183
1.17261
1.17436
1.17695
1.18013
1.1836
1.1871
1.19037
1.19326
1.19566
1.1975
1.19876
1.19945
1.19958
1.19916
1.19819
1.19669
1.19465
1.19211
1.18912
1.18577
1.18221
1.17867
1.17538
1.17262
1.17062
1.16951
1.16935
1.17008
1.17157
1.17365
1.17614
1.17887
1.18171
1.18454
1.18727
1.18981
1.19212
1.19415
1.19586
1.19723
1.19825
1.19886
1.199
1.19858
1.19743
1.19534
1.19203
1.18723
1.1808
1.17295
1.1645
1.1569
1.15182
1.15021
1.15171
1.1549
1.15825
1.16081
1.16237
1.16327
1.16399
1.16499
1.16655
1.16875
1.17152
1.17469
1.17804
1.18133
1.18434
1.1869
1.1889
1.19029
1.19108
1.19133
1.19112
1.19055
1.18975
1.18882
1.18789
1.18704
1.18633
1.18579
1.18539
1.18511
1.18488
1.18464
1.18435
1.18399
1.18358
1.18315
1.18277
1.18252
1.18247
1.18269
1.18322
1.18408
1.18527
1.18677
1.18858
1.19066
1.19298
1.1955
1.19815
1.20085
1.20351
1.20606
1.20841
1.21052
1.21233
1.21383
1.21502
1.2159
1.2165
1.21683
1.21692
1.21678
1.21642
1.21585
1.21505
1.21401
1.21272
1.21115
1.2093
1.20718
1.20484
1.20234
1.19982
1.19745
1.19546
1.19405
1.19343
1.19369
1.19485
1.19678
1.19926
1.20205
1.20488
1.20753
1.20981
1.21162
1.21289
1.21361
1.21384
1.21365
1.21321
1.21269
1.21227
1.21204
1.212
1.21202
1.21187
1.21136
1.21043
1.20918
1.20797
1.20727
1.20755
1.20909
1.21191
1.21571
1.22002
1.22434
1.22826
1.23148
1.23388
1.23541
1.2361
1.23603
1.23531
1.23407
1.23248
1.23078
1.22921
1.22801
1.22738
1.22738
1.22792
1.22877
1.22962
1.23012
1.22994
1.22882
1.22652
1.22293
1.21809
1.21228
1.20607
1.20029
1.19575
1.19292
1.19169
1.19144
1.19148
1.19137
1.19111
1.19102
1.19155
1.19305
1.19567
1.19935
1.20386
1.20883
1.21389
1.21866
1.22292
1.22651
1.22944
1.2318
