0.0969496 0 0
0.161583 0 0
0.226216 0 0
0.290849 0 0
0.355482 0 0
0.420115 0 0
0.484748 0 0
0.549381 0 0
0.614014 0 0
0.678647 0 0
0.74328 0 0
0.807913 0 0
0.872546 0 0
0.937179 0 0
1.00181 0.0931113 0.0148701
1.06645 0.376782 0.0296829
1.13108 0.584403 0.0373757
1.19571 0.553239 0.0371016
1.26034 0.543885 0.0358622
1.32498 0.541471 0.031384
1.38961 0.570196 0.0310622
1.45424 0.468906 0.0280496
1.51888 0.435783 0.0222421
1.58351 0.423668 0.022765
1.64814 0.447326 0.0225793
1.71278 0.413429 0.0212548
1.77741 0.407725 0.0199159
1.84204 0.436729 0.0200678
1.90667 0.412641 0.0188618
1.97131 0.424749 0.0183159
2.03594 0.408112 0.016711
2.10057 0.40767 0.0162624
2.16521 0.393423 0.0149163
2.22984 0.419551 0.0146623
2.29447 0.428729 0.0168284
2.35911 0.454309 0.0153158
2.42374 0.426523 0.0151474
2.48837 0.441475 0.0137046
2.55301 0.437595 0.0115842
2.61764 0.447863 0.0102266
2.68227 0.446505 0.0121369
2.7469 0.45354 0.0132104
2.81154 0.498978 0.0121691
2.87617 0.460819 0.0153389
2.9408 0.516975 0.022202
3.00544 0.53789 0.0280164
3.07007 0.509434 0.0238749
3.1347 0.490732 0.0207768
3.19934 0.492043 0.0192015
3.26397 0.505065 0.0181732
3.3286 0.47844 0.0132521
3.39323 0.478803 0.00861739
3.45787 0.461263 0.00856261
3.5225 0.475729 0.00830621
3.58713 0.445451 0.00818154
3.65177 0.437517 0.00767048
3.7164 0.457263 0.0104797
3.78103 0.462496 0.00986289
3.84567 0.469435 0.010667
3.9103 0.444204 0.00977763
3.97493 0.427567 0.00875348
4.03957 0.434953 0.00905502
4.1042 0.461969 0.00816075
4.16883 0.463105 0.00822063
4.23346 0.462812 0.00680532
4.2981 0.457637 0.00661848
4.36273 0.476521 0.00752214
4.42736 0.470038 0.00609457
4.492 0.469603 0.00634449
4.55663 0.478448 0.00683489
4.62126 0.481066 0.00821617
4.6859 0.466433 0.00716849
4.75053 0.484339 0.00722918
4.81516 0.490501 0.00750803
4.87979 0.485541 0.00682728
4.94443 0.49466 0.00643087
5.00906 0.505967 0.00404305
5.07369 0.506444 0.00471725
5.13833 0.506219 0.00737817
5.20296 0.514608 0.00926419
5.26759 0.516108 0.00922472
5.33223 0.539998 0.00933572
5.39686 0.527455 0.0082869
5.46149 0.512828 0.00925877
5.52612 0.499484 0.00678411
5.59076 0.495515 0.00547898
5.65539 0.50785 0.00308863
5.72002 0.493999 0.00524465
5.78466 0.492698 0.00466583
5.84929 0.475739 0.00318992
5.91392 0.477653 0.00248226
5.97856 0.47006 0.00296555
6.04319 0.471672 0.00305269
6.10782 0.464248 0.00300772
6.17246 0.458885 0.00283307
6.23709 0.457747 0.00390367
6.30172 0.457993 0.00297425
6.36635 0.46888 0.00236163
6.43099 0.476538 0.00339334
6.49562 0.47926 0.00319023
0.0969496 0 0
0.161583 0 0
0.226216 0 0
0.290849 0 0
0.355482 0 0
0.420115 0 0
0.484748 0 0
0.549381 0 0
0.614014 0 0
0.678647 0 0
0.74328 0 0
0.807913 0 0
0.872546 0 0
0.937179 0 0
1.00181 0.0749433 0.0125645
1.06645 0.424881 0.0294771
1.13108 0.787518 0.03726
1.19571 0.900807 0.0355215
1.26034 0.753403 0.0290962
1.32498 0.771303 0.0283744
1.38961 0.651653 0.0286731
1.45424 0.581012 0.0197329
1.51888 0.525706 0.0209652
1.58351 0.483673 0.0191133
1.64814 0.496003 0.0180811
1.71278 0.4212 0.0167383
1.77741 0.456075 0.0173328
1.84204 0.413884 0.0143827
1.90667 0.447133 0.0172777
1.97131 0.444109 0.0166627
2.03594 0.454313 0.0147862
2.10057 0.458306 0.0136282
2.16521 0.453238 0.0144891
2.22984 0.485121 0.0115446
2.29447 0.482861 0.0132042
2.35911 0.482575 0.013453
2.42374 0.503755 0.0108624
2.48837 0.47314 0.0113296
2.55301 0.432348 0.00993558
2.61764 0.436218 0.0107245
2.68227 0.460448 0.0113788
2.7469 0.444475 0.0112887
2.81154 0.422545 0.0102175
2.87617 0.462473 0.0112491
2.9408 0.456868 0.00959665
3.00544 0.442731 0.0108113
3.07007 0.464441 0.00843463
3.1347 0.467065 0.010544
3.19934 0.450613 0.00889319
3.26397 0.450065 0.00780075
3.3286 0.456216 0.0087539
3.39323 0.462368 0.0085658
3.45787 0.475945 0.00875588
3.5225 0.477566 0.00944713
3.58713 0.455728 0.00807974
3.65177 0.470856 0.00769378
3.7164 0.470139 0.00750471
3.78103 0.47366 0.00558505
3.84567 0.483773 0.00411684
3.9103 0.47179 0.00689205
3.97493 0.478939 0.00552867
4.03957 0.470163 0.00747203
4.1042 0.482678 0.00537924
4.16883 0.475568 0.00641496
4.23346 0.476551 0.00571709
4.2981 0.477013 0.00511256
4.36273 0.461667 0.00686237
4.42736 0.470038 0.00547408
4.492 0.474801 0.00473414
4.55663 0.492065 0.00519218
4.62126 0.487578 0.00504119
4.6859 0.48772 0.00575097
4.75053 0.484945 0.00422585
4.81516 0.49296 0.00466628
4.87979 0.497031 0.00416251
4.94443 0.498484 0.00533479
5.00906 0.480705 0.0042086
5.07369 0.482442 0.00389142
5.13833 0.475735 0.00346575
5.20296 0.48513 0.00228394
5.26759 0.479214 0.00380369
5.33223 0.486432 0.00496658
5.39686 0.485027 0.0044011
5.46149 0.481794 0.00446624
5.52612 0.476264 0.00454895
5.59076 0.480635 0.00355086
5.65539 0.486821 0.00226332
5.72002 0.481247 0.00203786
5.78466 0.478048 0.0029178
5.84929 0.478871 0.0018557
5.91392 0.489517 0.00207475
5.97856 0.492195 0.00272883
6.04319 0.493398 0.00136728
6.10782 0.49774 0.00189996
6.17246 0.479831 0.00199846
6.23709 0.502232 0.00132704
6.30172 0.507599 -nan
6.36635 0.499483 0.00314291
6.43099 0.491699 -nan
6.49562 0.496066 -nan
0.0969496 0 0
0.161583 0 0
0.226216 0 0
0.290849 0 0
0.355482 0 0
0.420115 0 0
0.484748 0 0
0.549381 0 0
0.614014 0 0
0.678647 0 0
0.74328 0 0
0.807913 0 0
0.872546 0 0
0.937179 0 0
1.00181 0.0635882 0.0133918
1.06645 0.418869 0.0223399
1.13108 0.805335 0.0311887
1.19571 0.937477 0.0323551
1.26034 0.852422 0.0366137
1.32498 0.802467 0.0313192
1.38961 0.77915 0.0261254
1.45424 0.620896 0.0266425
1.51888 0.611677 0.0216552
1.58351 0.597318 0.0215548
1.64814 0.577411 0.0220534
1.71278 0.530774 0.0208718
1.77741 0.525352 0.0188202
1.84204 0.497871 0.0174451
1.90667 0.486014 0.0146665
1.97131 0.457016 0.0146035
2.03594 0.488964 0.0158699
2.10057 0.463989 0.0122233
2.16521 0.45956 0.0137238
2.22984 0.443853 0.0138414
2.29447 0.464239 0.0135962
2.35911 0.482985 0.0113033
2.42374 0.501814 0.0147185
2.48837 0.492655 0.011025
2.55301 0.492863 0.0132282
2.61764 0.492783 0.0123574
2.68227 0.490553 0.0133634
2.7469 0.494936 0.00917941
2.81154 0.482249 0.010616
2.87617 0.47708 0.00961457
2.9408 0.449487 0.00951637
3.00544 0.465448 0.0103665
3.07007 0.458152 0.00928264
3.1347 0.479363 0.00972922
3.19934 0.496721 0.00824441
3.26397 0.498431 0.00854548
3.3286 0.501693 0.00872309
3.39323 0.504941 0.00756417
3.45787 0.520374 0.00904305
3.5225 0.497411 0.00769834
3.58713 0.477877 0.00700575
3.65177 0.491202 0.00792527
3.7164 0.48417 0.00820133
3.78103 0.4861 0.00764561
3.84567 0.476681 0.00585083
3.9103 0.458071 0.00706928
3.97493 0.483845 0.00587268
4.03957 0.465273 0.00577595
4.1042 0.47591 0.0057468
4.16883 0.466909 0.00671368
4.23346 0.479604 0.0068134
4.2981 0.48232 0.00723778
4.36273 0.490057 0.00548068
4.42736 0.476202 0.00647873
4.492 0.485309 0.00532587
4.55663 0.484378 0.00598606
4.62126 0.498041 0.0057252
4.6859 0.482839 0.00492727
4.75053 0.476762 0.00493866
4.81516 0.492271 0.00500045
4.87979 0.48918 0.00461572
4.94443 0.477407 0.00469368
5.00906 0.477252 0.00428835
5.07369 0.474825 0.00510242
5.13833 0.483421 0.00576139
5.20296 0.472833 0.00485336
5.26759 0.48965 0.00427376
5.33223 0.489479 0.00408413
5.39686 0.485262 0.00300826
5.46149 0.479577 0.00421997
5.52612 0.48597 0.00319488
5.59076 0.482969 0.00324246
5.65539 0.482472 0.00269899
5.72002 0.46292 0.00319554
5.78466 0.469804 -nan
5.84929 0.486867 -nan
5.91392 0.481499 0.00246177
5.97856 0.491621 -nan
6.04319 0.488029 0.0033009
6.10782 0.482461 0.00276856
6.17246 0.488029 0.00180252
6.23709 0.481777 -nan
6.30172 0.483198 -nan
6.36635 0.484519 -nan
6.43099 0.480287 -nan
6.49562 0.492824 0.00266541
