-0.033766
-0.0337728
-0.03378
-0.0337899
-0.0338025
-0.0338369
-0.0338742
-0.0339239
-0.0339885
-0.0340514
-0.0341294
-0.0342035
-0.0342927
-0.0343925
-0.0345006
-0.0346218
-0.0347517
-0.0348879
-0.0350353
-0.0351918
-0.0353599
-0.0355328
-0.0357127
-0.0358977
-0.0360975
-0.0363195
-0.036538
-0.0367863
-0.0370317
-0.0372956
-0.0375714
-0.037857
-0.0381528
-0.038459
-0.0387857
-0.0391166
-0.0394663
-0.0398283
-0.0402031
-0.0405959
-0.0410074
-0.0414285
-0.0418695
-0.0423333
-0.0428016
-0.0432964
-0.0438162
-0.0443499
-0.0449079
-0.0454862
-0.0460951
-0.0467262
-0.0473781
-0.0480565
-0.0487672
-0.0495069
-0.050267
-0.0510729
-0.0519065
-0.052769
-0.0536713
-0.0546102
-0.0555847
-0.0566011
-0.0576514
-0.0587444
-0.0598866
-0.0610819
-0.0623227
-0.0636037
-0.0649387
-0.0663295
-0.0677734
-0.0692725
-0.0708289
-0.0724589
-0.0741412
-0.0758971
-0.077717
-0.0796057
-0.0815729
-0.0836259
-0.0857534
-0.0879605
-0.09025
-0.0926321
-0.0950979
-0.0976577
-0.100319
-0.103074
-0.105935
-0.1089
-0.11197
-0.115161
-0.118463
-0.121888
-0.125406
-0.129027
-0.132739
-0.13653
-0.1404
-0.144289
-0.148155
-0.151966
-0.155628
-0.159047
-0.162099
-0.164624
-0.166471
-0.167464
-0.16747
-0.166486
-0.164628
-0.162231
-0.159834
-0.15797
-0.15702
-0.156938
-0.157272
-0.157288
-0.156286
-0.153854
-0.149992
-0.145112
-0.139932
-0.135311
-0.132009
-0.130534
-0.131098
-0.133607
-0.137765
-0.143168
-0.149349
-0.155937
-0.162699
-0.169537
-0.176408
-0.183243
-0.189924
-0.196308
-0.202254
-0.20763
-0.212362
-0.216319
-0.219406
-0.22155
-0.222809
-0.223375
-0.223616
-0.22401
-0.225022
-0.226989
-0.229923
-0.233538
-0.237373
-0.240854
-0.243487
-0.244871
-0.244768
-0.24308
-0.239879
-0.235418
-0.230165
-0.224812
-0.220144
-0.216886
-0.215442
-0.215857
-0.217864
-0.221047
-0.224963
-0.229257
-0.233642
-0.237878
-0.241772
-0.245124
-0.247801
-0.249687
-0.250755
-0.250997
-0.250476
-0.249316
-0.247677
-0.245722
-0.243595
-0.241443
-0.239345
-0.237377
-0.235591
-0.23401
-0.23266
-0.231592
-0.230883
-0.230655
-0.231138
-0.232549
-0.235096
-0.238886
-0.24385
-0.249722
-0.256145
-0.262638
-0.268804
-0.274308
-0.27896
-0.282712
-0.28556
-0.287623
-0.289029
-0.289938
-0.2905
-0.290855
-0.291156
-0.291512
-0.29202
-0.292757
-0.2938
-0.29515
-0.296845
-0.298873
-0.3012
-0.303781
-0.306544
-0.309417
-0.312316
-0.315132
-0.317767
-0.320115
-0.322065
-0.323479
-0.324249
-0.324263
-0.323441
-0.321728
-0.319091
-0.315579
-0.311311
-0.306453
-0.301275
-0.296078
-0.291126
-0.286545
-0.282257
-0.277981
-0.27337
-0.26823
-0.262688
-0.257328
-0.252982
-0.250546
-0.250846
-0.254488
-0.261645
-0.271859
-0.284051
-0.296819
-0.308957
-0.319717
-0.32881
-0.336292
-0.342322
-0.347085
-0.350729
-0.35339
-0.355198
-0.356337
-0.356948
-0.357237
-0.357384
-0.357534
-0.357809
-0.358299
-0.359045
-0.360083
-0.361374
-0.362893
-0.364549
-0.366256
-0.367883
-0.369282
-0.370296
-0.370747
-0.370437
-0.369141
-0.366648
-0.362719
-0.357164
-0.349935
-0.341167
-0.331411
-0.321702
-0.313455
-0.308047
-0.306233
-0.30782
-0.31191
-0.317458
-0.323748
-0.330473
-0.337532
-0.344841
-0.352233
-0.359514
-0.36643
-0.37274
-0.378183
-0.382568
-0.385742
-0.387569
-0.387951
-0.386812
-0.384148
-0.380043
-0.374735
-0.368718
-0.362714
-0.357602
-0.354206
-0.353113
-0.35449
-0.358074
-0.36329
-0.369411
-0.375709
-0.381529
-0.386367
-0.3899
-0.391956
-0.392498
-0.391525
-0.389105
-0.385282
-0.380137
-0.373748
-0.366228
-0.35774
-0.34853
-0.338981
-0.329558
-0.320802
-0.313285
-0.30746
-0.303659
-0.30196
-0.302256
-0.304298
-0.307715
-0.312102
-0.316991
-0.321936
-0.326517
-0.330378
-0.333285
-0.335103
-0.335854
-0.335689
-0.334868
-0.333765
-0.332821
-0.332415
-0.332808
-0.334
-0.335791
-0.337822
-0.339704
-0.341065
-0.341627
-0.341205
-0.339686
-0.337034
-0.33325
-0.328427
-0.322814
-0.316816
-0.311025
-0.306141
-0.302791
-0.301285
-0.301574
-0.303189
-0.305495
-0.307866
-0.309822
-0.311092
-0.311555
-0.311242
-0.310207
-0.308536
-0.306312
-0.303551
-0.30022
-0.29623
-0.291432
-0.285724
-0.279111
-0.271798
-0.26427
-0.257227
-0.251322
-0.246917
-0.243856
-0.241651
-0.239792
-0.238121
-0.236966
-0.237008
-0.238949
-0.243151
-0.249433
-0.257149
-0.265418
-0.273399
-0.280477
-0.286271
-0.290656
-0.293679
-0.295464
-0.296195
-0.29611
-0.295383
-0.294209
-0.29276
-0.291149
-0.289475
-0.287815
-0.286161
-0.284525
-0.282867
-0.281151
-0.279299
-0.27723
-0.274882
-0.272176
-0.26913
-0.265816
-0.262444
-0.25935
-0.257001
-0.255872
-0.256304
-0.25838
-0.26186
-0.266244
-0.27099
-0.275593
-0.279717
-0.283145
-0.28581
-0.287715
-0.288915
-0.289455
-0.289363
-0.288663
-0.287347
-0.285351
-0.282621
-0.279094
-0.274718
-0.269509
-0.263583
-0.257199
-0.2507
-0.244611
-0.239434
-0.235588
-0.233319
-0.232559
-0.233015
-0.234103
-0.235113
-0.235291
-0.234058
-0.231242
-0.227353
-0.223599
-0.221542
-0.222371
-0.226219
-0.232079
-0.238395
-0.243835
-0.247729
-0.250069
-0.251338
-0.252212
-0.253286
-0.254959
-0.257337
-0.260259
-0.263422
-0.266533
-0.269334
-0.271666
-0.273491
-0.274815
-0.275697
-0.276198
-0.276376
-0.276291
-0.275989
-0.275468
-0.274738
-0.273785
-0.272556
-0.271009
-0.269045
-0.266605
-0.263617
-0.260055
-0.25593
-0.251382
-0.246657
-0.242169
-0.238352
-0.235657
-0.234316
-0.234277
-0.235208
-0.236638
-0.238103
-0.239368
-0.240487
-0.24183
-0.243895
-0.2471
-0.251596
-0.257139
-0.263213
-0.269241
-0.274747
-0.279454
-0.28328
-0.286297
-0.288654
-0.290546
-0.292146
-0.293593
-0.294931
-0.296161
-0.297231
-0.298068
-0.298538
-0.29858
-0.298119
-0.297138
-0.295643
-0.293728
-0.291501
-0.289161
-0.286915
-0.285016
-0.283685
-0.283069
-0.283249
-0.284188
-0.285757
-0.287785
-0.290062
-0.292402
-0.294665
-0.296752
-0.298651
-0.300353
-0.301924
-0.303419
-0.304926
-0.306523
-0.308243
-0.310124
-0.312169
-0.314364
-0.316631
-0.318919
-0.321161
-0.323239
-0.32509
-0.326611
-0.3277
-0.328288
-0.328318
-0.32778
-0.3267
-0.325201
-0.323468
-0.321719
-0.320128
-0.318702
-0.317231
-0.315165
-0.311815
-0.306513
-0.298966
-0.289711
-0.280197
-0.272585
-0.268869
-0.269883
-0.275095
-0.283015
-0.291955
-0.300437
-0.307375
-0.312097
-0.314414
-0.314575
-0.313141
-0.310897
-0.30864
-0.306967
-0.306118
-0.305997
-0.306302
-0.30668
-0.306919
-0.306976
-0.30694
-0.306962
-0.307225
-0.307828
-0.308815
-0.310181
-0.311843
-0.31375
-0.315816
-0.31799
-0.320226
-0.322493
-0.324749
-0.326951
-0.329048
-0.33097
-0.332635
-0.333968
-0.334902
-0.335402
-0.335462
-0.335126
-0.334493
-0.333665
-0.332824
-0.332114
-0.33172
-0.331755
-0.332339
-0.333566
-0.335486
-0.338077
-0.341192
-0.344537
-0.347707
-0.350273
-0.351808
-0.352018
-0.35081
-0.348341
-0.345036
-0.341518
-0.338482
-0.33644
-0.33558
-0.335797
-0.336795
-0.338276
-0.340006
-0.341862
-0.343753
-0.345522
-0.346957
-0.347805
-0.347804
-0.346758
-0.344637
-0.341702
-0.338509
-0.335887
-0.334674
-0.335345
-0.337791
-0.341282
-0.344805
-0.347431
-0.348596
-0.348223
-0.34682
-0.345447
-0.345531
-0.348293
-0.354281
-0.362963
-0.373051
-0.383067
-0.391902
-0.398966
-0.404156
-0.407657
-0.409779
-0.410882
-0.411246
-0.411085
-0.410532
-0.409602
-0.408278
-0.406452
-0.404034
-0.400975
-0.39731
-0.393113
-0.388551
-0.383774
-0.378915
-0.374062
-0.369287
-0.364747
-0.360621
-0.357215
-0.354754
-0.3532
-0.352104
-0.350633
-0.347791
-0.342683
-0.334843
-0.324463
-0.312627
-0.301351
-0.293181
-0.29013
-0.292501
-0.298967
-0.307919
-0.318499
-0.330095
-0.34129
-0.349861
-0.353923
-0.3529
-0.347454
-0.338894
-0.328508
-0.317726
-0.308718
-0.304479
-0.307311
-0.316933
-0.33049
-0.344429
-0.356272
-0.365026
-0.370714
-0.373882
-0.375092
-0.374855
-0.373583
-0.37155
-0.368946
-0.365897
-0.362494
-0.358785
-0.354817
-0.35065
-0.346315
-0.341875
-0.337345
-0.332749
-0.328109
-0.323472
-0.318908
-0.314572
-0.310656
-0.307452
-0.305261
-0.30439
-0.305037
-0.307244
-0.310842
-0.3155
-0.320784
-0.326244
-0.331498
-0.33626
-0.340383
-0.343808
-0.346544
-0.348637
-0.350166
-0.351218
-0.351835
-0.352061
-0.351914
-0.35138
-0.350443
-0.349043
-0.347128
-0.344615
-0.341455
-0.337629
-0.333177
-0.328208
-0.322965
-0.317761
-0.313021
-0.309147
-0.306481
-0.305229
-0.305391
-0.306836
-0.309343
-0.31262
-0.316401
-0.320415
-0.324375
-0.328071
-0.331332
-0.334005
-0.336016
-0.337278
-0.337699
-0.337148
-0.335474
-0.332557
-0.328411
-0.323206
-0.317409
-0.31176
-0.307205
-0.304662
-0.30474
-0.307526
-0.312599
-0.319145
-0.326258
-0.33313
-0.339189
-0.344094
-0.347718
-0.35009
-0.35134
-0.351638
-0.351184
-0.350179
-0.348831
-0.347321
-0.345787
-0.344367
-0.343159
-0.342245
-0.341647
-0.341397
-0.341506
-0.341968
-0.34279
-0.343955
-0.345443
-0.347232
-0.349258
-0.351465
-0.35375
-0.356008
-0.358097
-0.359831
-0.361035
-0.361443
-0.360797
-0.358782
-0.355119
-0.349602
-0.342325
-0.333851
-0.325324
-0.318262
-0.314022
-0.31306
-0.314824
-0.31811
-0.321877
-0.325688
-0.329663
-0.334126
-0.339264
-0.344948
-0.350804
-0.356386
-0.361323
-0.365351
-0.36833
-0.37025
-0.37113
-0.371049
-0.370112
-0.368456
-0.366255
-0.363753
-0.361216
-0.358939
-0.357182
-0.356128
-0.355826
-0.356206
-0.357093
-0.358297
-0.359607
-0.360905
-0.362156
-0.363376
-0.364573
-0.365737
-0.366791
-0.367557
-0.367816
-0.367324
-0.365819
-0.36312
-0.359085
-0.35373
-0.347263
-0.340214
-0.333472
-0.328154
-0.325241
-0.325132
-0.327369
-0.330918
-0.334618
-0.337681
-0.339798
-0.341074
-0.34188
-0.342673
-0.34389
-0.345771
-0.34833
-0.351319
-0.354312
-0.356798
-0.358344
-0.358652
-0.357603
-0.355279
-0.351917
-0.347875
-0.343587
-0.339486
-0.335846
-0.332818
-0.330387
-0.328485
-0.327066
-0.326274
-0.326416
-0.327878
-0.330941
-0.335581
-0.341445
-0.34795
-0.354455
-0.360451
-0.365617
-0.369802
-0.373013
-0.375329
-0.376888
-0.377844
-0.378339
-0.378503
-0.378451
-0.378281
-0.378085
-0.377894
-0.377731
-0.377582
-0.377386
-0.377115
-0.376669
-0.375996
-0.375081
-0.373898
-0.372519
-0.371033
-0.369483
-0.367893
-0.366147
-0.363967
-0.360885
-0.356322
-0.349746
-0.340895
-0.330167
-0.318874
-0.309142
-0.303149
-0.302072
-0.305467
-0.311772
-0.319203
-0.326553
-0.333217
-0.339019
-0.343969
-0.348153
-0.35164
-0.354648
-0.356961
-0.358956
-0.360673
-0.362136
-0.363358
-0.364369
-0.365193
-0.36584
-0.36634
-0.366706
-0.36699
-0.367207
-0.36739
-0.367566
-0.367743
-0.367943
-0.368147
-0.368353
-0.368531
-0.368632
-0.368605
-0.368382
-0.367866
-0.366977
-0.36558
-0.363547
-0.360722
-0.356971
-0.352156
-0.346238
-0.339291
-0.331627
-0.323846
-0.316838
-0.311674
-0.309251
-0.310071
-0.313947
-0.320118
-0.327552
-0.335258
-0.342516
-0.348912
-0.354268
-0.358598
-0.361993
-0.364601
-0.366551
-0.367964
-0.36894
-0.369567
-0.369884
-0.369958
-0.369826
-0.369536
-0.369104
-0.368572
-0.36796
-0.367318
-0.366649
-0.36595
-0.365201
-0.364336
-0.36326
-0.361816
-0.359845
-0.3572
-0.353786
-0.34968
-0.345161
-0.340677
-0.336764
-0.333806
-0.33183
-0.330464
-0.329185
-0.327637
-0.325966
-0.324895
-0.325343
-0.327968
-0.332721
-0.338834
-0.34532
-0.351305
-0.356244
-0.359907
-0.362233
-0.363129
-0.362449
-0.359911
-0.355328
-0.348786
-0.340982
-0.333348
-0.327772
-0.325791
-0.327648
-0.332159
-0.337434
-0.341801
-0.344409
-0.345213
-0.344753
-0.343781
-0.343065
-0.343144
-0.344253
-0.346301
-0.349003
-0.351978
-0.354822
-0.357282
-0.359192
-0.360483
-0.361161
-0.361257
-0.360837
-0.359964
-0.358736
-0.357222
-0.355524
-0.353804
-0.352235
-0.350971
-0.350137
-0.349768
-0.349767
-0.349943
-0.350033
-0.349771
-0.348952
-0.347369
-0.344953
-0.341736
-0.337816
-0.333419
-0.328925
-0.324872
-0.321983
-0.320961
-0.322308
-0.32607
-0.331737
-0.338432
-0.345165
-0.351124
-0.355787
-0.358954
-0.360708
-0.361254
-0.361006
-0.360406
-0.359914
-0.359889
-0.360549
-0.361932
-0.363936
-0.366322
-0.368829
-0.371194
-0.373162
-0.374558
-0.375227
-0.375042
-0.373845
-0.371486
-0.367738
-0.362369
-0.355155
-0.346078
-0.335562
-0.324738
-0.315517
-0.30994
-0.309184
-0.312712
-0.3185
-0.324087
-0.32757
-0.328034
-0.325581
-0.321091
-0.315967
-0.311826
-0.310136
-0.311969
-0.317639
-0.326611
-0.337528
-0.348698
-0.358618
-0.366337
-0.371471
-0.374169
-0.37489
-0.374322
-0.373195
-0.372169
-0.371658
-0.371804
-0.372469
-0.373329
-0.374066
-0.374403
-0.374184
-0.373346
-0.371904
-0.369891
-0.367363
-0.364384
-0.361031
-0.357432
-0.35376
-0.350248
-0.347166
-0.34477
-0.343219
-0.342615
-0.34289
-0.343902
-0.345452
-0.347314
-0.34928
-0.351163
-0.352814
-0.354108
-0.354925
-0.355169
-0.354806
-0.353835
-0.352324
-0.350379
-0.34815
-0.345829
-0.343614
-0.341869
-0.341035
-0.341669
-0.344175
-0.348611
-0.354517
-0.361059
-0.367324
-0.37258
-0.37638
-0.378575
-0.379246
-0.378555
-0.376754
-0.374076
-0.370761
-0.367051
-0.363216
-0.3595
-0.356251
-0.353783
-0.352448
-0.352521
-0.354142
-0.357274
-0.361675
-0.366949
-0.372628
-0.378268
-0.38345
-0.38787
-0.391298
-0.39358
-0.394593
-0.394261
-0.392553
-0.389454
-0.385125
-0.379815
-0.373931
-0.368076
-0.36295
-0.359246
-0.357482
-0.357851
-0.360185
-0.364002
-0.368644
-0.373459
-0.377981
-0.381884
-0.385065
-0.387544
-0.389435
-0.390913
-0.392154
-0.393331
-0.394564
-0.395919
-0.397424
-0.399078
-0.400825
-0.402625
-0.40442
-0.406138
-0.407688
-0.409005
-0.409977
-0.410503
-0.410458
-0.409702
-0.408103
-0.405523
-0.401838
-0.396952
-0.390823
-0.383495
-0.375105
-0.365897
-0.35624
-0.346608
-0.337528
-0.329573
-0.323154
-0.318504
-0.315621
-0.314291
-0.314149
-0.314778
-0.315797
-0.316978
-0.31831
-0.31995
-0.32219
-0.325338
-0.329648
-0.335209
-0.341879
-0.349316
-0.356996
-0.364397
-0.371068
-0.376672
-0.381084
-0.384298
-0.38641
-0.38756
-0.387922
-0.387644
-0.386882
-0.385774
-0.384432
-0.382944
-0.38139
-0.379841
-0.378344
-0.37693
-0.375595
-0.374331
-0.373086
-0.371801
-0.370401
-0.368787
-0.366872
-0.364568
-0.361819
-0.35859
-0.354916
-0.350889
-0.34671
-0.342633
-0.33895
-0.335961
-0.333905
-0.332922
-0.333053
-0.334217
-0.336287
-0.339059
-0.342309
-0.345753
-0.349109
-0.352069
-0.354364
-0.355817
-0.356364
-0.356115
-0.35531
-0.354319
-0.353584
-0.353501
-0.354342
-0.356231
-0.359162
-0.362969
-0.367459
-0.372407
-0.377608
-0.382856
-0.387962
-0.392775
-0.397154
-0.401001
-0.404232
-0.406783
-0.408647
-0.409825
-0.410348
-0.410267
-0.40966
-0.408648
-0.407334
-0.405836
-0.404272
-0.402675
-0.401025
-0.399205
-0.397004
-0.394166
-0.390354
-0.385312
-0.378821
-0.370838
-0.361568
-0.351556
-0.341648
-0.332904
-0.326403
-0.322979
-0.323104
-0.326868
-0.333945
-0.34369
-0.355212
-0.367501
-0.379601
-0.390726
-0.400361
-0.408232
-0.414271
-0.418506
-0.421028
-0.42193
-0.421343
-0.419459
-0.416562
-0.41309
-0.409593
-0.406689
-0.404899
-0.404512
-0.405468
-0.407468
-0.41005
-0.41275
-0.415207
-0.417211
-0.418669
-0.419531
-0.419843
-0.419596
-0.418827
-0.417545
-0.415773
-0.413535
-0.410895
-0.407899
-0.404652
-0.401291
-0.397941
-0.394745
-0.391852
-0.389393
-0.387409
-0.385957
-0.385008
-0.384556
-0.384568
-0.385009
-0.385832
-0.386943
-0.38823
-0.389563
-0.39079
-0.39179
-0.392462
-0.392746
-0.392634
-0.392116
-0.391303
-0.39026
-0.389143
-0.388088
-0.387266
-0.386856
-0.386995
-0.387809
-0.389363
-0.391631
-0.394543
-0.397962
-0.401689
-0.4055
-0.409136
-0.412314
-0.41474
-0.416072
-0.41588
-0.413678
-0.408925
-0.401184
-0.390445
-0.37759
-0.364791
-0.355277
-0.351913
-0.355487
-0.36426
-0.375236
-0.385812
-0.394477
-0.400568
-0.403852
-0.404181
-0.401344
-0.39505
-0.385042
-0.371344
-0.354627
-0.336597
-0.320136
-0.308618
-0.304527
-0.308212
-0.317822
-0.330529
-0.343736
-0.355779
-0.365915
-0.373993
-0.380193
-0.384833
-0.388236
-0.390691
-0.392427
-0.39364
-0.394468
-0.395006
-0.395354
-0.39556
-0.395679
-0.395718
-0.395694
-0.395596
-0.395425
-0.395152
-0.394731
-0.394124
-0.393276
-0.392079
-0.390449
-0.388285
-0.385481
-0.381914
-0.377553
-0.372404
-0.366603
-0.360418
-0.354247
-0.34852
-0.343611
-0.339756
-0.336973
-0.33519
-0.334322
-0.334368
-0.335351
-0.337315
-0.340153
-0.343632
-0.347473
-0.35135
-0.355013
-0.358325
-0.361209
-0.363576
-0.365349
-0.366443
-0.366738
-0.366176
-0.364765
-0.362682
-0.360215
-0.357814
-0.355941
-0.354978
-0.355194
-0.356657
-0.359262
-0.362796
-0.366993
-0.371607
-0.37642
-0.381225
-0.38587
-0.390278
-0.394377
-0.39814
-0.401578
-0.404715
-0.40759
-0.41024
-0.412709
-0.414999
-0.417139
-0.419102
-0.420824
-0.422228
-0.423197
-0.423565
-0.423169
-0.42183
-0.419419
-0.415862
-0.411259
-0.405856
-0.400097
-0.394518
-0.38962
-0.385723
-0.382822
-0.380625
-0.378657
-0.376477
-0.373891
-0.371056
-0.368464
-0.366735
-0.366323
-0.367423
-0.369874
-0.37337
-0.377595
-0.382245
-0.387108
-0.391926
-0.396518
-0.400729
-0.404489
-0.407809
-0.41078
-0.413558
-0.416266
-0.418985
-0.4217
-0.424271
-0.426445
-0.427902
-0.428328
-0.427487
-0.425306
-0.421979
-0.418026
-0.41418
-0.41128
-0.409959
-0.410417
-0.412341
-0.415059
-0.417776
-0.419753
-0.420464
-0.419606
-0.417118
-0.413174
-0.408188
-0.402738
-0.397494
-0.393078
-0.389939
-0.38823
-0.387781
-0.388152
-0.388796
-0.389213
-0.38912
-0.388484
-0.387466
-0.38637
-0.385472
-0.384891
-0.384542
-0.384148
-0.383391
-0.382037
-0.380011
-0.37743
-0.374596
-0.371874
-0.369611
-0.367996
-0.366952
-0.366124
-0.36496
-0.362909
-0.359682
-0.355466
-0.351073
-0.347742
-0.346661
-0.348343
-0.352333
-0.357556
-0.36278
-0.367135
-0.370232
-0.372057
-0.372858
-0.372943
-0.372629
-0.372153
-0.371649
-0.371174
-0.370737
-0.370294
-0.369804
-0.369228
-0.368541
-0.367752
-0.366933
-0.366107
-0.365318
-0.364625
-0.36407
-0.363647
-0.363356
-0.363187
-0.363081
-0.362991
-0.362868
-0.362587
-0.362073
-0.361258
-0.360048
-0.35839
-0.356215
-0.353439
-0.349924
-0.345464
-0.339793
-0.332683
-0.324112
-0.314548
-0.305173
-0.297901
-0.294867
-0.297451
-0.305526
-0.317367
-0.330537
-0.342893
-0.35311
-0.360641
-0.365536
-0.368097
-0.368744
-0.367881
-0.3659
-0.363168
-0.360015
-0.356731
-0.353617
-0.350891
-0.348719
-0.347216
-0.346374
-0.346142
-0.346393
-0.346975
-0.347781
-0.348716
-0.349713
-0.350753
-0.351882
-0.35314
-0.354566
-0.356158
-0.357879
-0.359675
-0.361467
-0.363136
-0.364585
-0.365699
-0.366402
-0.366668
-0.366486
-0.36588
-0.364913
-0.363624
-0.362071
-0.360317
-0.3584
-0.356416
-0.354538
-0.352989
-0.352058
-0.351997
-0.352953
-0.354912
-0.357661
-0.360888
-0.364229
-0.367336
-0.369969
-0.371997
-0.37338
-0.374145
-0.374359
-0.374106
-0.373462
-0.372506
-0.371283
-0.369805
-0.368072
-0.366013
-0.363549
-0.360561
-0.356948
-0.352667
-0.347773
-0.342494
-0.337271
-0.332694
-0.329403
-0.32781
-0.327967
-0.329463
-0.331612
-0.333657
-0.334962
-0.335142
-0.334045
-0.331799
-0.328715
-0.325271
-0.321978
-0.319283
-0.317463
-0.316607
-0.316588
-0.317218
-0.318277
-0.319567
-0.320944
-0.322276
-0.323476
-0.324457
-0.32515
-0.325537
-0.325618
-0.32541
-0.324977
-0.324352
-0.323608
-0.322783
-0.321879
-0.320843
-0.319548
-0.317748
-0.315038
-0.310791
-0.304087
-0.293794
-0.278915
-0.259515
-0.238234
-0.221051
-0.214773
-0.221801
-0.237826
-0.255919
-0.27126
-0.28233
-0.289649
-0.294298
-0.297335
-0.299441
-0.301098
-0.302553
-0.303962
-0.305411
-0.306935
-0.308569
-0.310301
-0.312095
-0.313889
-0.315614
-0.317163
-0.318412
-0.319239
-0.319496
-0.319004
-0.31761
-0.315116
-0.311335
-0.306184
-0.299749
-0.292372
-0.284776
-0.278034
-0.273305
-0.271418
-0.272491
-0.275796
-0.280109
-0.284233
-0.287393
-0.289395
-0.290526
-0.291403
-0.29264
-0.29464
-0.297412
-0.300665
-0.303924
-0.30674
-0.308812
-0.310009
-0.310362
-0.310052
-0.309326
-0.308424
-0.307627
-0.307124
-0.307038
-0.307419
-0.308227
-0.309368
-0.31072
-0.312147
-0.313554
-0.314859
-0.316005
-0.31697
-0.317763
-0.318372
-0.318847
-0.319214
-0.319482
-0.319687
-0.319847
-0.319987
-0.320117
-0.320279
-0.320489
-0.320763
-0.321151
-0.321652
-0.322297
-0.323092
-0.324034
-0.32513
-0.326334
-0.327627
-0.32895
-0.33028
-0.331551
-0.332733
-0.333791
-0.334681
-0.335385
-0.335887
-0.336174
-0.336233
-0.336081
-0.335721
-0.335196
-0.334535
-0.333792
-0.333051
-0.332406
-0.331965
-0.331846
-0.332156
-0.332951
-0.334284
-0.336147
-0.338489
-0.341238
-0.344259
-0.347464
-0.350713
-0.35387
-0.356821
-0.359477
-0.361779
-0.36363
-0.365006
-0.365853
-0.366148
-0.365874
-0.365051
-0.363721
-0.361806
-0.359755
-0.357577
-0.355485
-0.353677
-0.35233
-0.351602
-0.351549
-0.352179
-0.353398
-0.355036
-0.356863
-0.358657
-0.360224
-0.361404
-0.362089
-0.362234
-0.361884
-0.36112
-0.360095
-0.358999
-0.358035
-0.357441
-0.357401
-0.358068
-0.359522
-0.361745
-0.364638
-0.368054
-0.37179
-0.375639
-0.379397
-0.382877
-0.385919
-0.388362
-0.390058
-0.390843
-0.390547
-0.388999
-0.386046
-0.381611
-0.375777
-0.368895
-0.361677
-0.355179
-0.350639
-0.349119
-0.351135
-0.356394
-0.363959
-0.372578
-0.381088
-0.388667
-0.394843
-0.39948
-0.402646
-0.404543
-0.405401
-0.405467
-0.404989
-0.404162
-0.403168
-0.402079
-0.400978
-0.399831
-0.398561
-0.397099
-0.395335
-0.39324
-0.390869
-0.388378
-0.38599
-0.383933
-0.382425
-0.381538
-0.381242
-0.381406
-0.381841
-0.38241
-0.383073
-0.383862
-0.384857
-0.386149
-0.387764
-0.389686
-0.391812
-0.393987
-0.396082
-0.397993
-0.39965
-0.401021
-0.402073
-0.402807
-0.403256
-0.403435
-0.403382
-0.403181
-0.402893
-0.402596
-0.40239
-0.402339
-0.402485
-0.402871
-0.403481
-0.404273
-0.405197
-0.406138
-0.406995
-0.407666
-0.408016
-0.407946
-0.407347
-0.406151
-0.404308
-0.401791
-0.398584
-0.394726
-0.390264
-0.385345
-0.380189
-0.375164
-0.370806
-0.367707
-0.366454
-0.367408
-0.370643
-0.375848
-0.382394
-0.389552
-0.396631
-0.403083
-0.408562
-0.412883
-0.416031
-0.418054
-0.419073
-0.419239
-0.418706
-0.417666
-0.416322
-0.414883
-0.413573
-0.412561
-0.411934
-0.411716
-0.411814
-0.412092
-0.412397
-0.41256
-0.41255
-0.412377
-0.412153
-0.412055
-0.412287
-0.413011
-0.414336
-0.416267
-0.418732
-0.421567
-0.424547
-0.427453
-0.430072
-0.432231
-0.433799
-0.434677
-0.434817
-0.434205
-0.432862
-0.430886
-0.42841
-0.42565
-0.422902
-0.420483
-0.418699
-0.417813
-0.417949
-0.41911
-0.421145
-0.423816
-0.426746
-0.429566
-0.43189
-0.433267
-0.43324
-0.431323
-0.427019
-0.419911
-0.409963
-0.397707
-0.384478
-0.372195
-0.362536
-0.356197
-0.35266
-0.351047
-0.350843
-0.352025
-0.354612
-0.358267
-0.362424
-0.366553
-0.370374
-0.373869
-0.37712
-0.380161
-0.382933
-0.385281
-0.387085
-0.388279
-0.38894
-0.389256
-0.389464
-0.389841
-0.390582
-0.391778
-0.393404
-0.395333
-0.397394
-0.3994
-0.401178
-0.402618
-0.403643
-0.404223
-0.404385
-0.404158
-0.403616
-0.402849
-0.401943
-0.401003
-0.400123
-0.399401
-0.398876
-0.398618
-0.3986
-0.398814
-0.399209
-0.399715
-0.400271
-0.400805
-0.40127
-0.401618
-0.401822
-0.401847
-0.401708
-0.401357
-0.400793
-0.4
-0.398959
-0.397677
-0.396165
-0.394537
-0.392986
-0.391763
-0.391206
-0.391615
-0.393167
-0.395787
-0.399185
-0.402837
-0.406082
-0.408262
-0.408769
-0.407183
-0.403306
-0.397306
-0.38987
-0.38215
-0.375453
-0.370769
-0.368347
-0.367615
-0.367527
-0.36695
-0.364952
-0.361129
-0.356227
-0.352634
-0.353708
-0.361758
-0.376027
-0.393077
-0.409162
-0.421923
-0.430717
-0.435987
-0.438618
-0.439619
-0.440001
-0.440741
-0.442621
-0.446053
-0.450988
-0.456985
-0.463344
-0.469434
-0.47474
-0.478972
-0.482008
-0.483862
-0.484591
-0.484298
-0.483035
-0.480957
-0.478173
-0.474875
-0.471303
-0.467741
-0.464504
-0.461896
-0.460221
-0.45964
-0.460186
-0.461771
-0.464203
-0.467237
-0.470631
-0.474167
-0.477689
-0.481062
-0.48419
-0.487013
-0.489484
-0.491577
-0.493272
-0.494562
-0.495468
-0.496017
-0.496223
-0.496142
-0.495769
-0.495151
-0.494309
-0.493255
-0.492007
-0.490527
-0.488871
-0.487026
-0.485029
-0.482885
-0.480658
-0.47839
-0.476133
-0.473911
-0.471771
-0.469709
-0.467678
-0.465581
-0.463233
-0.460376
-0.456759
-0.452179
-0.446681
-0.440637
-0.434879
-0.43059
-0.428966
-0.430782
-0.436036
-0.44396
-0.453316
-0.462877
-0.471742
-0.479398
-0.485673
-0.490578
-0.494191
-0.496598
-0.497866
-0.498035
-0.497139
-0.495248
-0.492454
-0.488939
-0.484945
-0.480791
-0.476821
-0.473398
-0.470747
-0.469005
-0.468109
-0.467887
-0.468101
-0.468521
-0.46896
-0.469282
-0.469422
-0.469341
-0.469088
-0.468715
-0.468336
-0.468064
-0.468012
-0.468277
-0.468879
-0.46979
-0.4709
-0.47207
-0.473165
-0.474008
-0.474489
-0.474492
-0.473976
-0.472884
-0.471233
-0.469051
-0.466415
-0.463411
-0.460183
-0.456888
-0.453689
-0.450747
-0.448182
-0.446075
-0.444408
-0.443093
-0.44201
-0.441013
-0.439961
-0.438786
-0.43754
-0.436366
-0.43543
-0.434899
-0.434873
-0.435368
-0.436258
-0.437382
-0.438546
-0.439577
-0.440383
-0.440903
-0.441134
-0.441117
-0.440894
-0.440552
-0.440126
-0.439682
-0.439276
-0.438932
-0.438657
-0.438451
-0.438294
-0.438139
-0.437942
-0.437635
-0.437134
-0.436379
-0.435284
-0.433779
-0.431783
-0.429252
-0.426156
-0.422527
-0.418468
-0.414178
-0.409954
-0.40614
-0.403085
-0.401032
-0.400049
-0.4
-0.400614
-0.401568
-0.402552
-0.403368
-0.403872
-0.403997
-0.403688
-0.402898
-0.401476
-0.39925
-0.396022
-0.391584
-0.385831
-0.378818
-0.370897
-0.362684
-0.355011
-0.348764
-0.344646
-0.343134
-0.344484
-0.348741
-0.355634
-0.364483
-0.374237
-0.383803
-0.392284
-0.399192
-0.404377
-0.407925
-0.410062
-0.411005
-0.410998
-0.410192
-0.408724
-0.406658
-0.40408
-0.401044
-0.397643
-0.393996
-0.390282
-0.386711
-0.383507
-0.3809
-0.379045
-0.377995
-0.377691
-0.377984
-0.378677
-0.379567
-0.380514
-0.381421
-0.382267
-0.383068
-0.383903
-0.384824
-0.385886
-0.387134
-0.388551
-0.390099
-0.39172
-0.393332
-0.394848
-0.396198
-0.397286
-0.398089
-0.398529
-0.398642
-0.3984
-0.397862
-0.397093
-0.396191
-0.395265
-0.394433
-0.393818
-0.39349
-0.393483
-0.393776
-0.394226
-0.394613
-0.394667
-0.394039
-0.392383
-0.389403
-0.384977
-0.379272
-0.372956
-0.367151
-0.363216
-0.362214
-0.364332
-0.368861
-0.374586
-0.380276
-0.385134
-0.388802
-0.391239
-0.392579
-0.393008
-0.392738
-0.391957
-0.390824
-0.389508
-0.388215
-0.387126
-0.38641
-0.386206
-0.386531
-0.387361
-0.388551
-0.389882
-0.391152
-0.392137
-0.392675
-0.392668
-0.392069
-0.390917
-0.389256
-0.387205
-0.384865
-0.382384
-0.379884
-0.377508
-0.375386
-0.3736
-0.372242
-0.371328
-0.370891
-0.370888
-0.371249
-0.371888
-0.372686
-0.373516
-0.374263
-0.374829
-0.375102
-0.375014
-0.374523
-0.373634
-0.372404
-0.370954
-0.369475
-0.368229
-0.367515
-0.367609
-0.368676
-0.370739
-0.373644
-0.377133
-0.38087
-0.384543
-0.387896
-0.390744
-0.392995
-0.394586
-0.395503
-0.395755
-0.395307
-0.394144
-0.392225
-0.389509
-0.385955
-0.381586
-0.376488
-0.370874
-0.365104
-0.359679
-0.355179
-0.352186
-0.35108
-0.352006
-0.354752
-0.358858
-0.363724
-0.368749
-0.373451
-0.37751
-0.380752
-0.383164
-0.384822
-0.385852
-0.386444
-0.386782
-0.387046
-0.38739
-0.38791
-0.388683
-0.38972
-0.390994
-0.392463
-0.394073
-0.395789
-0.397559
-0.399379
-0.40124
-0.403146
-0.405061
-0.406973
-0.408788
-0.410386
-0.411625
-0.412267
-0.412039
-0.41061
-0.407669
-0.402962
-0.396451
-0.388484
-0.379916
-0.372062
-0.366401
-0.36393
-0.364841
-0.368388
-0.373337
-0.378367
-0.382379
-0.384758
-0.385371
-0.384526
-0.382863
-0.3812
-0.380288
-0.380705
-0.382758
-0.386518
-0.391889
-0.398561
-0.40613
-0.414102
-0.421942
-0.429139
-0.435265
-0.439955
-0.442936
-0.444
-0.443022
-0.439952
-0.434909
-0.428223
-0.420508
-0.412623
-0.405514
-0.400004
-0.39653
-0.395066
-0.395187
-0.396268
-0.397746
-0.399151
-0.40018
-0.400548
-0.399978
-0.39815
-0.394743
-0.389571
-0.38264
-0.374348
-0.365618
-0.357808
-0.352448
-0.350618
-0.352416
-0.356932
-0.362699
-0.368379
-0.373139
-0.376693
-0.379095
-0.380606
-0.381505
-0.382029
-0.382328
-0.382461
-0.382454
-0.382256
-0.381872
-0.381287
-0.380547
-0.379735
-0.378964
-0.378334
-0.377978
-0.377961
-0.378296
-0.378944
-0.379842
-0.380857
-0.381864
-0.382761
-0.383475
-0.38391
-0.384049
-0.383884
-0.3834
-0.382599
-0.381495
-0.380069
-0.378311
-0.376178
-0.37363
-0.370655
-0.36722
-0.363301
-0.358905
-0.35409
-0.348955
-0.343679
-0.338428
-0.33338
-0.328641
-0.324223
-0.319944
-0.315441
-0.310186
-0.303716
-0.295956
-0.287691
-0.280771
-0.277611
-0.279889
-0.287276
-0.297519
-0.30775
-0.315871
-0.320966
-0.323184
-0.323305
-0.322392
-0.321508
-0.321484
-0.322802
-0.325563
-0.32956
-0.334385
-0.339618
-0.344834
-0.349702
-0.353973
-0.357492
-0.360171
-0.36199
-0.362937
-0.363059
-0.362342
-0.360815
-0.358473
-0.355345
-0.351463
-0.346909
-0.341846
-0.336493
-0.331197
-0.326345
-0.322304
-0.319411
-0.317888
-0.317779
-0.318995
-0.321346
-0.32455
-0.328324
-0.332448
-0.336712
-0.340939
-0.345006
-0.348795
-0.35222
-0.355211
-0.357716
-0.359717
-0.361177
-0.362031
-0.362178
-0.361455
-0.359617
-0.356315
-0.351148
-0.343699
-0.333817
-0.321879
-0.309219
-0.298087
-0.290947
-0.28906
-0.291673
-0.296582
-0.30153
-0.305211
-0.307428
-0.308707
-0.30981
-0.311381
-0.313806
-0.317195
-0.321432
-0.326235
-0.331269
-0.336172
-0.340638
-0.344406
-0.347322
-0.349318
-0.350411
-0.350708
-0.350329
-0.349435
-0.348205
-0.346815
-0.345411
-0.344149
-0.343115
-0.342325
-0.341746
-0.341337
-0.340996
-0.340633
-0.340186
-0.339635
-0.339005
-0.338346
-0.337781
-0.337434
-0.337407
-0.337787
-0.338631
-0.339971
-0.341813
-0.344116
-0.346882
-0.350047
-0.35356
-0.357354
-0.361338
-0.365381
-0.369363
-0.373161
-0.376666
-0.379785
-0.382459
-0.384671
-0.38641
-0.387684
-0.388543
-0.389009
-0.389103
-0.388862
-0.388291
-0.38739
-0.386159
-0.384574
-0.382594
-0.380205
-0.37739
-0.374182
-0.370634
-0.366876
-0.363102
-0.359603
-0.35668
-0.354679
-0.353871
-0.354406
-0.356256
-0.359255
-0.363042
-0.36726
-0.371493
-0.37542
-0.378782
-0.381415
-0.383238
-0.384245
-0.384509
-0.384182
-0.383497
-0.382725
-0.382101
-0.381788
-0.38175
-0.381761
-0.381492
-0.380678
-0.37922
-0.37733
-0.375551
-0.374616
-0.37521
-0.377726
-0.382114
-0.387914
-0.394413
-0.400852
-0.406631
-0.411349
-0.414816
-0.416977
-0.417887
-0.417676
-0.416501
-0.414576
-0.412161
-0.409619
-0.4073
-0.405592
-0.404735
-0.404834
-0.405699
-0.407
-0.408238
-0.408907
-0.408531
-0.406678
-0.403042
-0.397469
-0.390044
-0.381218
-0.371903
-0.363355
-0.356781
-0.352789
-0.351135
-0.350859
-0.350918
-0.350724
-0.350329
-0.350264
-0.35118
-0.353589
-0.357686
-0.363357
-0.370207
-0.377698
-0.385252
-0.392353
-0.398647
-0.403936
-0.408238
-0.411706
