1.76623
1.76622
1.76622
1.76622
1.76623
1.76622
1.76622
1.76622
1.76621
1.7662
1.76619
1.76619
1.76619
1.76618
1.76617
1.76616
1.76615
1.76614
1.76612
1.76611
1.7661
1.76609
1.76608
1.76607
1.76607
1.76605
1.76604
1.76602
1.766
1.76599
1.76597
1.76595
1.76594
1.76593
1.76591
1.7659
1.76589
1.76588
1.76587
1.76586
1.76585
1.76584
1.76583
1.76582
1.76582
1.76581
1.7658
1.76579
1.76579
1.76578
1.76577
1.76576
1.76576
1.76575
1.76574
1.76573
1.76573
1.76572
1.76571
1.7657
1.76569
1.76568
1.76567
1.76566
1.76565
1.76565
1.76564
1.76562
1.76561
1.7656
1.7656
1.76559
1.76558
1.76557
1.76557
1.76555
1.76555
1.76554
1.76553
1.76553
1.76552
1.7655
1.76548
1.76547
1.76546
1.76544
1.76543
1.76542
1.76541
1.7654
1.76539
1.76538
1.76538
1.76536
1.76534
1.76532
1.7653
1.76529
1.76529
1.76528
1.76526
1.76526
1.76527
1.76528
1.7653
1.76532
1.76536
1.76542
1.76549
1.76558
1.76569
1.76578
1.76585
1.76589
1.76586
1.76579
1.76569
1.76562
1.7656
1.76567
1.76579
1.76594
1.76607
1.76614
1.76615
1.76606
1.7659
1.7657
1.76549
1.76531
1.76516
1.76504
1.76497
1.76494
1.76493
1.76493
1.76492
1.76493
1.76495
1.76499
1.76504
1.76511
1.76518
1.76526
1.76534
1.76544
1.76552
1.76558
1.76559
1.76555
1.76548
1.76538
1.76529
1.76524
1.76524
1.76529
1.76538
1.76552
1.76567
1.76584
1.76598
1.76608
1.76613
1.76611
1.76602
1.76585
1.76565
1.76548
1.76534
1.76524
1.76518
1.76515
1.76515
1.76517
1.76521
1.76528
1.76535
1.76544
1.76553
1.7656
1.76568
1.76574
1.76578
1.76579
1.76579
1.76578
1.76577
1.76576
1.76574
1.76572
1.7657
1.76566
1.76562
1.76558
1.7655
1.7654
1.76529
1.76516
1.76505
1.76499
1.76496
1.76498
1.76502
1.7651
1.76519
1.76527
1.76536
1.76543
1.76549
1.76552
1.76555
1.76557
1.76557
1.76556
1.76554
1.76553
1.76548
1.76546
1.76543
1.7654
1.76536
1.76534
1.76532
1.76531
1.76531
1.76533
1.76535
1.76538
1.76542
1.76548
1.76555
1.76564
1.76573
1.76582
1.76591
1.766
1.76606
1.76611
1.76614
1.76613
1.7661
1.76606
1.76604
1.76605
1.7661
1.76614
1.76616
1.76611
1.76596
1.76573
1.76543
1.76508
1.76474
1.76447
1.76433
1.76434
1.76445
1.76461
1.76478
1.76493
1.76507
1.76518
1.76529
1.76538
1.76546
1.7655
1.76555
1.76558
1.76558
1.76557
1.76555
1.76553
1.76551
1.76548
1.76546
1.76544
1.76543
1.76542
1.76543
1.76546
1.76552
1.76558
1.76567
1.76578
1.7659
1.76605
1.76623
1.76639
1.76652
1.76658
1.7665
1.76628
1.76594
1.76557
1.76526
1.76506
1.76494
1.76489
1.76486
1.76482
1.7648
1.76481
1.76484
1.76489
1.76496
1.76507
1.76519
1.76531
1.76545
1.76559
1.76575
1.7659
1.76603
1.76614
1.76619
1.76615
1.76601
1.76581
1.76557
1.76532
1.76511
1.76497
1.76492
1.76494
1.765
1.76512
1.76525
1.7654
1.76555
1.7657
1.76584
1.76598
1.76611
1.76623
1.76634
1.76642
1.76649
1.7665
1.76646
1.76636
1.7662
1.76602
1.76581
1.76561
1.76543
1.76528
1.76516
1.76508
1.76506
1.76507
1.76512
1.7652
1.7653
1.76542
1.76553
1.76561
1.76566
1.76568
1.76565
1.76559
1.7655
1.76542
1.76538
1.76539
1.76542
1.76548
1.76557
1.76568
1.7658
1.76591
1.76602
1.76612
1.76618
1.76619
1.76614
1.76602
1.76584
1.76566
1.76549
1.76538
1.76534
1.76536
1.76542
1.76549
1.76558
1.76565
1.76572
1.76579
1.76584
1.7659
1.76595
1.76601
1.7661
1.7662
1.76628
1.76634
1.76633
1.76625
1.76612
1.76597
1.76585
1.76579
1.76578
1.76575
1.76568
1.76552
1.76531
1.76507
1.76489
1.76478
1.76477
1.76483
1.76493
1.76507
1.76521
1.76533
1.76544
1.76554
1.7656
1.76566
1.7657
1.76572
1.76573
1.76573
1.76572
1.76571
1.76571
1.76573
1.76574
1.76575
1.76578
1.7658
1.76585
1.76588
1.7659
1.76588
1.76583
1.76573
1.76559
1.76543
1.76526
1.76513
1.76506
1.76505
1.76509
1.76515
1.76522
1.76529
1.76537
1.76543
1.7655
1.76556
1.76563
1.76569
1.76576
1.76583
1.76591
1.766
1.76609
1.76615
1.76616
1.76615
1.76608
1.76597
1.76583
1.76566
1.76553
1.76542
1.7654
1.76544
1.76556
1.76571
1.76585
1.76592
1.76584
1.7656
1.76529
1.76501
1.76488
1.76491
1.76504
1.76521
1.76535
1.76543
1.76543
1.76539
1.76532
1.76525
1.76521
1.7652
1.76522
1.76525
1.76531
1.76536
1.76541
1.76546
1.76549
1.76553
1.76556
1.76558
1.76561
1.76564
1.76566
1.7657
1.76573
1.76578
1.76583
1.7659
1.76595
1.766
1.76603
1.76604
1.76599
1.7659
1.76577
1.76563
1.76552
1.76545
1.76543
1.76544
1.76545
1.76545
1.7654
1.76531
1.76519
1.76507
1.76498
1.76495
1.76499
1.76506
1.76515
1.76523
1.7653
1.76535
1.76539
1.76542
1.76543
1.76543
1.76544
1.76545
1.76546
1.7655
1.76554
1.7656
1.76565
1.76571
1.76574
1.76576
1.76576
1.76573
1.76569
1.76562
1.76554
1.76546
1.76539
1.76534
1.7653
1.76528
1.76528
1.76529
1.76531
1.76532
1.76534
1.76535
1.76536
1.76535
1.76533
1.76531
1.7653
1.76528
1.76526
1.76526
1.76526
1.76527
1.7653
1.76532
1.76535
1.7654
1.76546
1.76552
1.76558
1.76563
1.76567
1.76569
1.76568
1.76565
1.76565
1.76567
1.76576
1.76593
1.76615
1.76637
1.76648
1.76641
1.76612
1.76566
1.76519
1.76482
1.76463
1.7646
1.7647
1.76488
1.76511
1.76535
1.76554
1.76567
1.76571
1.76569
1.76561
1.76554
1.76548
1.76544
1.76544
1.76547
1.76548
1.76549
1.76548
1.76545
1.76541
1.76537
1.76532
1.7653
1.76528
1.76527
1.76526
1.76525
1.76525
1.76525
1.76526
1.76528
1.76529
1.76532
1.76536
1.7654
1.76545
1.7655
1.76554
1.76556
1.76558
1.76557
1.76555
1.7655
1.76545
1.76539
1.76532
1.76526
1.7652
1.76515
1.76514
1.76518
1.76525
1.76537
1.7655
1.76564
1.76575
1.7658
1.76579
1.76571
1.76559
1.76548
1.76538
1.76532
1.76527
1.76525
1.76524
1.76524
1.76526
1.76531
1.76539
1.76548
1.76558
1.76569
1.76575
1.76575
1.76566
1.76549
1.76531
1.76515
1.76509
1.76513
1.76525
1.7654
1.76554
1.76561
1.76555
1.76533
1.76503
1.76472
1.76451
1.76444
1.76451
1.76467
1.76486
1.76504
1.76519
1.76532
1.7654
1.76546
1.76551
1.76554
1.76559
1.76562
1.76567
1.76573
1.7658
1.76586
1.76592
1.76594
1.76596
1.76596
1.76596
1.76596
1.76591
1.76586
1.76577
1.76568
1.7656
1.76558
1.76567
1.76585
1.7661
1.76637
1.76659
1.76666
1.7665
1.76609
1.76553
1.76503
1.76471
1.76451
1.76438
1.76433
1.76446
1.76482
1.76533
1.76582
1.76621
1.76646
1.7666
1.76656
1.76626
1.76565
1.76491
1.76433
1.7641
1.7642
1.76447
1.76479
1.7651
1.76532
1.76549
1.76562
1.76571
1.76578
1.76583
1.76587
1.7659
1.76593
1.76596
1.76598
1.766
1.76601
1.76601
1.76601
1.76602
1.76602
1.76602
1.76599
1.76595
1.76586
1.76574
1.76559
1.76543
1.76527
1.76515
1.76507
1.76503
1.76503
1.76506
1.76512
1.76519
1.76526
1.76532
1.76538
1.76544
1.76548
1.76551
1.76554
1.76557
1.76561
1.76565
1.7657
1.76575
1.76581
1.76588
1.76595
1.76601
1.76606
1.76607
1.76605
1.76598
1.76587
1.76574
1.76558
1.76544
1.76533
1.76523
1.76517
1.76514
1.76513
1.76515
1.76519
1.76524
1.76531
1.76538
1.76546
1.76555
1.76565
1.76577
1.7659
1.76602
1.76611
1.76615
1.7661
1.76595
1.76571
1.76543
1.76517
1.76497
1.76486
1.76484
1.7649
1.76499
1.76512
1.76525
1.76538
1.76549
1.76558
1.76565
1.7657
1.76572
1.76572
1.76572
1.76571
1.76568
1.76564
1.76561
1.76557
1.76554
1.7655
1.76546
1.76542
1.76539
1.76535
1.76533
1.76531
1.76531
1.76532
1.76533
1.76538
1.76543
1.76553
1.76565
1.76581
1.76598
1.76618
1.76634
1.76642
1.76636
1.76615
1.76582
1.76552
1.7653
1.7652
1.76519
1.76519
1.76515
1.76509
1.76502
1.76497
1.76498
1.76503
1.76511
1.7652
1.76531
1.76541
1.76551
1.7656
1.76568
1.76574
1.76578
1.7658
1.76579
1.76575
1.76569
1.76562
1.76554
1.76548
1.76544
1.76541
1.7654
1.76541
1.76542
1.76542
1.76543
1.76545
1.76547
1.76551
1.76558
1.76566
1.76577
1.7659
1.76604
1.76617
1.76626
1.76629
1.76621
1.76602
1.76574
1.76546
1.76526
1.76517
1.7652
1.7653
1.76539
1.76545
1.76547
1.76545
1.76539
1.76532
1.76527
1.76524
1.76526
1.76533
1.76543
1.76556
1.7657
1.76581
1.7659
1.76595
1.76596
1.76592
1.76586
1.7658
1.76575
1.7657
1.76564
1.76556
1.76545
1.7653
1.76513
1.76498
1.76489
1.76486
1.76489
1.76496
1.76504
1.76513
1.76522
1.76531
1.76539
1.76545
1.76549
1.76552
1.76554
1.76555
1.76555
1.76555
1.76555
1.76555
1.76557
1.76558
1.76561
1.76564
1.76566
1.76569
1.76572
1.76572
1.76572
1.76573
1.76576
1.76582
1.76593
1.76611
1.76633
1.76656
1.76671
1.76668
1.76642
1.76597
1.76547
1.76509
1.76487
1.76483
1.76487
1.76495
1.76504
1.76513
1.7652
1.76526
1.44791
1.44794
1.44797
1.44799
1.44801
1.44804
1.44806
1.44807
1.44809
1.4481
1.44811
1.44811
1.44812
1.44811
1.44811
1.4481
1.4481
1.4481
1.4481
1.4481
1.44811
1.44813
1.44815
1.4482
1.44824
1.4483
1.44837
1.44846
1.44855
1.44866
1.44877
1.44886
1.44891
1.44889
1.44877
1.44853
1.44822
1.44789
1.44761
1.44742
1.44734
1.44735
1.44742
1.44751
1.44762
1.44771
1.44781
1.44788
1.44793
1.44798
1.44802
1.44804
1.44808
1.4481
1.44813
1.44814
1.44815
1.44816
1.44817
1.44816
1.44816
1.44816
1.44817
1.44819
1.44821
1.44826
1.44832
1.44838
1.44845
1.44851
1.44852
1.44849
1.44842
1.44831
1.44823
1.44819
1.4482
1.44823
1.44822
1.44812
1.44793
1.44771
1.4475
1.44742
1.44743
1.4475
1.44761
1.44775
1.44788
1.44803
1.44819
1.44838
1.44858
1.44876
1.44884
1.44874
1.44846
1.44806
1.4477
1.44752
1.44753
1.44767
1.44786
1.44802
1.44811
1.44812
1.44806
1.44797
1.44786
1.44779
1.44775
1.44773
1.44776
1.44781
1.44786
1.44792
1.44798
1.44804
1.4481
1.44816
1.44818
1.4482
1.44821
1.44821
1.44818
1.44814
1.44809
1.44804
1.448
1.44799
1.44802
1.44808
1.44813
1.44821
1.4483
1.44837
1.44843
1.44847
1.44846
1.44839
1.44824
1.44803
1.44779
1.44756
1.44741
1.44734
1.44738
1.44749
1.44764
1.4478
1.44792
1.44803
1.44809
1.44811
1.44808
1.44801
1.44794
1.44787
1.44782
1.4478
1.4478
1.44782
1.44787
1.44794
1.44802
1.44811
1.44822
1.44833
1.44848
1.44866
1.44885
1.44902
1.44912
1.44908
1.44883
1.4484
1.44791
1.44755
1.44743
1.44754
1.44781
1.44813
1.44839
1.44853
1.44853
1.44836
1.44806
1.44768
1.44731
1.44703
1.44691
1.44696
1.44715
1.44739
1.44765
1.44787
1.44805
1.44814
1.44817
1.44812
1.44806
1.448
1.44795
1.44795
1.44798
1.44803
1.44809
1.44815
1.44821
1.44827
1.44832
1.44837
1.4484
1.44842
1.44842
1.4484
1.44835
1.44826
1.44818
1.44808
1.448
1.44793
1.44789
1.44787
1.44787
1.44789
1.44792
1.44796
1.44801
1.44807
1.44814
1.4482
1.44824
1.44827
1.44829
1.44828
1.44826
1.44818
1.44806
1.44788
1.44769
1.44751
1.44739
1.44737
1.44745
1.44757
1.44773
1.4479
1.44805
1.44818
1.44827
1.44835
1.4484
1.44844
1.44844
1.44842
1.44835
1.44826
1.44813
1.44798
1.44783
1.44768
1.44757
1.4475
1.44749
1.44751
1.44757
1.44766
1.44777
1.44789
1.44803
1.44817
1.4483
1.44846
1.44857
1.44865
1.44868
1.44865
1.44855
1.44838
1.44817
1.44796
1.44778
1.44765
1.44759
1.4476
1.44765
1.44772
1.44779
1.44785
1.44791
1.44794
1.44797
1.44797
1.44795
1.44793
1.44791
1.44789
1.44789
1.44789
1.44789
1.4479
1.44792
1.44794
1.44798
1.44803
1.44809
1.44818
1.44827
1.44838
1.44849
1.44862
1.44875
1.44888
1.44898
1.44904
1.44906
1.44903
1.44896
1.44883
1.44867
1.44849
1.44833
1.44819
1.4481
1.44804
1.44802
1.44801
1.44798
1.44794
1.44786
1.44775
1.44763
1.4475
1.4474
1.44734
1.44734
1.44739
1.44747
1.44759
1.44771
1.44783
1.44793
1.44802
1.44809
1.44815
1.44819
1.44821
1.44823
1.44824
1.44825
1.44825
1.44825
1.44824
1.44824
1.44823
1.44823
1.44824
1.44825
1.44828
1.44831
1.44835
1.44839
1.44844
1.44848
1.44852
1.44853
1.44851
1.44846
1.44838
1.44828
1.44817
1.44806
1.44797
1.44788
1.44782
1.44778
1.44777
1.4478
1.44785
1.44793
1.44802
1.44812
1.44818
1.44822
1.44822
1.44817
1.44808
1.44798
1.44787
1.44776
1.44768
1.44763
1.4476
1.44759
1.44759
1.44761
1.44765
1.4477
1.44775
1.4478
1.44788
1.44795
1.44802
1.44808
1.44813
1.44817
1.4482
1.44822
1.44824
1.44824
1.44825
1.44826
1.44828
1.44834
1.4484
1.44852
1.44865
1.4488
1.44894
1.44906
1.4491
1.44904
1.44888
1.4486
1.44826
1.4479
1.44754
1.44724
1.44701
1.44687
1.44684
1.44689
1.44702
1.44718
1.44737
1.44755
1.44773
1.4479
1.44805
1.4482
1.44832
1.44841
1.44845
1.44842
1.44834
1.44821
1.44807
1.44795
1.44787
1.44783
1.44783
1.44787
1.44792
1.44798
1.44805
1.4481
1.44815
1.44819
1.44824
1.44829
1.44834
1.44837
1.4484
1.44843
1.44842
1.44841
1.44839
1.44836
1.44831
1.44826
1.44821
1.44816
1.44811
1.44807
1.44803
1.44799
1.44797
1.44796
1.44796
1.44797
1.448
1.44804
1.44808
1.44812
1.44817
1.44819
1.44822
1.44822
1.4482
1.44818
1.44813
1.44807
1.448
1.44791
1.44784
1.44779
1.44774
1.44772
1.44772
1.44774
1.4478
1.4479
1.44802
1.44819
1.44841
1.44869
1.44901
1.4493
1.44943
1.4493
1.44882
1.44814
1.44749
1.4471
1.44701
1.44714
1.44738
1.44765
1.44794
1.44824
1.44857
1.44892
1.4493
1.44966
1.4499
1.44993
1.44962
1.44898
1.44819
1.44745
1.44698
1.44679
1.44683
1.447
1.4472
1.4474
1.44757
1.44772
1.44782
1.4479
1.44796
1.448
1.44803
1.44806
1.44808
1.4481
1.4481
1.44811
1.44811
1.44813
1.44814
1.44815
1.44817
1.4482
1.44821
1.44825
1.44831
1.44836
1.44842
1.44851
1.44859
1.44866
1.44872
1.44874
1.44872
1.44866
1.44857
1.44846
1.44835
1.44825
1.44816
1.44806
1.44797
1.44787
1.44778
1.44774
1.44771
1.44771
1.44775
1.4478
1.44784
1.44789
1.44796
1.44804
1.44812
1.4482
1.44828
1.44833
1.44836
1.44834
1.44826
1.44816
1.44804
1.44792
1.44781
1.44773
1.44768
1.44766
1.44765
1.44765
1.44769
1.44771
1.44774
1.44777
1.4478
1.44782
1.44784
1.44786
1.44787
1.4479
1.44792
1.44794
1.44797
1.44801
1.44805
1.44812
1.44821
1.44831
1.44842
1.44854
1.44864
1.44871
1.44872
1.44867
1.44859
1.44848
1.44839
1.44834
1.44833
1.44837
1.44842
1.44843
1.44839
1.44827
1.44813
1.44798
1.44786
1.44777
1.4477
1.44768
1.44767
1.44768
1.44771
1.44776
1.4478
1.44785
1.44788
1.44789
1.44789
1.44788
1.44788
1.4479
1.44796
1.44805
1.44817
1.4483
1.44844
1.44855
1.44858
1.44854
1.44841
1.44823
1.44805
1.44793
1.44788
1.44791
1.44801
1.44816
1.44832
1.44847
1.4486
1.44868
1.4487
1.44865
1.44854
1.4484
1.44826
1.44814
1.44807
1.44806
1.44811
1.44817
1.44821
1.44824
1.44824
1.44822
1.44819
1.44817
1.44818
1.44823
1.4483
1.44836
1.4484
1.44841
1.44837
1.44831
1.44824
1.44819
1.44818
1.44825
1.44836
1.44847
1.44854
1.4485
1.44834
1.44808
1.44781
1.44763
1.44756
1.44761
1.44773
1.44785
1.44798
1.44807
1.44813
1.44816
1.44816
1.44816
1.44816
1.44816
1.44816
1.44817
1.44817
1.44818
1.44821
1.44821
1.44821
1.44821
1.4482
1.44818
1.44817
1.44817
1.44816
1.44817
1.44819
1.44819
1.44821
1.44824
1.44827
1.44831
1.44836
1.44841
1.44848
1.44857
1.44867
1.4488
1.44895
1.44908
1.44914
1.44906
1.44875
1.44824
1.44766
1.44716
1.44689
1.44687
1.44702
1.44727
1.44754
1.4478
1.44801
1.44818
1.44831
1.44842
1.44848
1.4485
1.44851
1.44847
1.44842
1.44836
1.44828
1.44822
1.44816
1.44812
1.44812
1.44811
1.4481
1.44809
1.4481
1.44809
1.44808
1.44806
1.44804
1.44804
1.44805
1.44805
1.44807
1.44808
1.44812
1.44816
1.44821
1.44826
1.4483
1.44833
1.44835
1.44838
1.44838
1.44839
1.44839
1.44838
1.44834
1.44826
1.44817
1.44806
1.44797
1.44791
1.44788
1.44788
1.44791
1.44797
1.44804
1.44811
1.44818
1.44823
1.44827
1.44831
1.44834
1.44837
1.4484
1.44842
1.44846
1.4485
1.44855
1.44862
1.44868
1.44873
1.44874
1.4487
1.44861
1.44845
1.44827
1.4481
1.44799
1.44797
1.44802
1.44811
1.44823
1.44835
1.44844
1.44851
1.44853
1.44849
1.44842
1.44833
1.44822
1.44815
1.4481
1.44806
1.44805
1.44804
1.44806
1.44807
1.44808
1.44811
1.44813
1.44816
1.44818
1.44819
1.44821
1.44823
1.44823
1.44824
1.44826
1.44829
1.44836
1.44848
1.44867
1.44896
1.44936
1.44984
1.45023
1.4502
1.44946
1.44816
1.44693
1.44634
1.4464
1.44678
1.44721
1.44752
1.44774
1.44786
1.44793
1.44797
1.44799
1.44799
1.44798
1.44797
1.44796
1.44794
1.44794
1.44794
1.44795
1.44797
1.448
1.44805
1.44811
1.4482
1.44829
1.44839
1.44853
1.44867
1.44878
1.44885
1.44883
1.44869
1.44844
1.44815
1.44787
1.44769
1.44764
1.44771
1.44783
1.44794
1.44801
1.44801
1.44796
1.44787
1.4478
1.44777
1.44779
1.44786
1.44794
1.44802
1.4481
1.44816
1.44818
1.44819
1.44816
1.44813
1.44808
1.44804
1.448
1.44798
1.44796
1.44796
1.44797
1.44798
1.44799
1.44801
1.44802
1.44804
1.44806
1.44806
1.44807
1.44807
1.44807
1.44807
1.44808
1.44808
1.44807
1.44807
1.44804
1.44803
1.44801
1.44799
1.44798
1.44796
1.44794
1.44793
1.44793
1.44793
1.44794
1.44795
1.44796
1.44798
1.448
1.44802
1.44804
1.44807
1.44809
1.44812
1.44813
1.44814
1.44814
1.44814
1.44813
1.4481
1.44807
1.44801
1.44796
1.4479
1.44785
1.44781
1.44777
1.44776
1.44774
1.44773
1.44773
1.44777
1.44781
1.44785
1.44791
1.44796
1.44801
1.44807
1.44812
1.44817
1.44822
1.43655
1.43657
1.43659
1.43657
1.43653
1.43648
1.43641
1.43635
1.43629
1.43624
1.4362
1.43619
1.43621
1.43624
1.43628
1.43632
1.43637
1.43642
1.43646
1.43649
1.43649
1.43647
1.43643
1.43637
1.4363
1.43622
1.43614
1.43608
1.43604
1.43602
1.43602
1.43604
1.43608
1.43612
1.43618
1.43626
1.43635
1.43647
1.4366
1.43674
1.43689
1.43701
1.43709
1.43708
1.43695
1.4367
1.43637
1.43601
1.43572
1.43554
1.43549
1.43555
1.43567
1.43582
1.43597
1.43612
1.43623
1.43633
1.4364
1.43644
1.43646
1.43646
1.43648
1.43648
1.43649
1.43651
1.43653
1.43656
1.4366
1.43663
1.43663
1.43661
1.43657
1.43651
1.43645
1.4364
1.43636
1.43633
1.43632
1.43631
1.43629
1.43627
1.43624
1.43622
1.43619
1.43616
1.43616
1.43617
1.4362
1.43623
1.43626
1.43629
1.43633
1.43635
1.43637
1.4364
1.43641
1.43641
1.43642
1.4364
1.43638
1.43637
1.43634
1.43632
1.43631
1.43629
1.4363
1.43632
1.43634
1.43638
1.43642
1.43647
1.43653
1.4366
1.43667
1.43674
1.4368
1.43687
1.4369
1.43691
1.43688
1.43678
1.43663
1.43642
1.4362
1.43599
1.43581
1.43571
1.43569
1.43573
1.43581
1.43591
1.43603
1.43614
1.43624
1.43633
1.43641
1.43647
1.43651
1.43653
1.43653
1.43651
1.43646
1.43642
1.43639
1.43637
1.43637
1.43637
1.4364
1.43641
1.43642
1.43641
1.43639
1.43634
1.43628
1.43622
1.43616
1.43612
1.43608
1.43607
1.43609
1.43613
1.43618
1.43624
1.43631
1.43638
1.43645
1.43652
1.43657
1.4366
1.43662
1.43661
1.43656
1.43649
1.43639
1.43629
1.4362
1.43613
1.43606
1.43604
1.43607
1.43613
1.43625
1.43642
1.43664
1.43689
1.43719
1.43745
1.43764
1.43766
1.43748
1.43717
1.43684
1.4366
1.43644
1.43631
1.43617
1.43602
1.43594
1.43592
1.43595
1.43599
1.43602
1.43605
1.43607
1.4361
1.43616
1.43622
1.43628
1.43633
1.43634
1.43635
1.43632
1.43628
1.43623
1.43619
1.43617
1.43617
1.43618
1.43621
1.43625
1.43629
1.43633
1.43637
1.4364
1.43643
1.43644
1.43644
1.43643
1.43642
1.4364
1.43638
1.43635
1.43633
1.43632
1.4363
1.43629
1.43629
1.4363
1.4363
1.43632
1.43633
1.43636
1.43637
1.4364
1.43643
1.43645
1.43648
1.43649
1.43652
1.43653
1.43651
1.43646
1.43638
1.43628
1.43616
1.43607
1.43603
1.43603
1.4361
1.43624
1.43643
1.43665
1.43688
1.43708
1.43719
1.43715
1.43699
1.43677
1.43656
1.43643
1.43642
1.43652
1.43669
1.43687
1.43691
1.43663
1.43603
1.4353
1.43481
1.43472
1.43494
1.43532
1.43572
1.43604
1.43625
1.43636
1.43639
1.43632
1.43618
1.43602
1.43589
1.43581
1.43581
1.43585
1.43593
1.43604
1.43617
1.43628
1.43639
1.43647
1.43657
1.43664
1.43671
1.43676
1.43677
1.43674
1.43669
1.43662
1.43652
1.4364
1.43629
1.4362
1.43612
1.43607
1.43604
1.43604
1.43605
1.43607
1.43609
1.43613
1.43617
1.43621
1.43624
1.43629
1.43633
1.43636
1.4364
1.43641
1.43645
1.43648
1.43651
1.43654
1.43654
1.43658
1.4366
1.43661
1.43662
1.43664
1.43664
1.43664
1.43663
1.43662
1.43661
1.4366
1.4366
1.43661
1.43664
1.43671
1.4368
1.43691
1.43699
1.43702
1.43694
1.43673
1.43641
1.43604
1.43572
1.43549
1.43541
1.43543
1.43553
1.43566
1.4358
1.43593
1.43605
1.43617
1.43628
1.43639
1.43649
1.43658
1.43667
1.43673
1.43676
1.43676
1.43673
1.43666
1.43659
1.43649
1.43641
1.43635
1.43633
1.43632
1.43633
1.43636
1.43637
1.4364
1.43641
1.43642
1.43642
1.4364
1.43638
1.43635
1.43632
1.43629
1.43627
1.43628
1.43629
1.43632
1.43636
1.43642
1.43647
1.43653
1.43658
1.43664
1.43668
1.43671
1.43672
1.43672
1.4367
1.43666
1.43663
1.43658
1.43654
1.43653
1.43651
1.4365
1.43651
1.43652
1.43654
1.43652
1.43648
1.43643
1.43639
1.43634
1.43631
1.43629
1.43629
1.43631
1.43633
1.43636
1.43638
1.4364
1.43643
1.43643
1.43645
1.43645
1.43645
1.43644
1.43643
1.43642
1.43641
1.4364
1.4364
1.43641
1.43643
1.43646
1.43649
1.43653
1.43659
1.43664
1.43669
1.43674
1.43677
1.43678
1.43675
1.4367
1.43661
1.4365
1.43639
1.43631
1.43626
1.43624
1.43626
1.43628
1.43631
1.43635
1.4364
1.43644
1.4365
1.43659
1.4367
1.43683
1.43695
1.43708
1.43714
1.43713
1.43704
1.43685
1.43661
1.43633
1.43603
1.43574
1.4355
1.43534
1.43531
1.43537
1.43552
1.43569
1.43585
1.43601
1.43613
1.43624
1.43633
1.4364
1.43645
1.43651
1.43656
1.43661
1.43664
1.43666
1.43665
1.43662
1.43657
1.43651
1.43643
1.43635
1.43628
1.43623
1.4362
1.43619
1.43619
1.4362
1.43621
1.43622
1.43622
1.43621
1.43621
1.43619
1.43618
1.43617
1.43616
1.43617
1.43618
1.43619
1.43622
1.43624
1.43629
1.43631
1.43634
1.43637
1.4364
1.43641
1.4364
1.43639
1.43636
1.43634
1.43631
1.43628
1.43626
1.43627
1.43632
1.43641
1.43654
1.43669
1.43682
1.43693
1.43694
1.43682
1.43658
1.43626
1.43596
1.43578
1.43571
1.43576
1.43586
1.43597
1.43608
1.43617
1.43626
1.43632
1.43636
1.43638
1.4364
1.43639
1.43636
1.43632
1.43625
1.4362
1.43615
1.43611
1.43612
1.43614
1.43617
1.43623
1.43628
1.43635
1.43639
1.43644
1.43647
1.43649
1.4365
1.4365
1.43649
1.43645
1.43642
1.43637
1.43634
1.43629
1.43625
1.43622
1.43619
1.43617
1.43617
1.43619
1.43621
1.43624
1.43627
1.43632
1.43635
1.43638
1.43639
1.43639
1.43636
1.4363
1.43621
1.4361
1.436
1.43594
1.4359
1.43589
1.43591
1.43595
1.436
1.43606
1.43613
1.4362
1.43626
1.43634
1.43641
1.43648
1.43656
1.43665
1.43673
1.43679
1.43684
1.43683
1.43676
1.43664
1.43646
1.43626
1.43606
1.4359
1.43579
1.43574
1.43575
1.4358
1.43587
1.43596
1.43604
1.4361
1.43616
1.43619
1.43621
1.43621
1.4362
1.43618
1.43616
1.43613
1.43611
1.43609
1.43608
1.43606
1.43606
1.43605
1.43604
1.43603
1.43603
1.43603
1.43604
1.43608
1.43612
1.4362
1.4363
1.43643
1.4366
1.43678
1.43695
1.43706
1.43706
1.43693
1.43665
1.43631
1.43599
1.43578
1.43571
1.43576
1.4359
1.43608
1.43625
1.43637
1.43642
1.43639
1.43628
1.43612
1.43595
1.43579
1.43564
1.43552
1.43545
1.43543
1.43546
1.43555
1.43568
1.43584
1.43603
1.43624
1.43644
1.43664
1.43683
1.43697
1.43704
1.43701
1.43689
1.4367
1.43649
1.43631
1.43617
1.4361
1.43608
1.43611
1.43616
1.43623
1.43634
1.43648
1.43666
1.43685
1.43702
1.43713
1.43711
1.43695
1.43664
1.43627
1.43593
1.43571
1.43564
1.4357
1.43582
1.43593
1.43604
1.43611
1.43616
1.43619
1.43621
1.43622
1.43623
1.43626
1.43627
1.4363
1.43632
1.43632
1.43631
1.4363
1.43626
1.43622
1.43619
1.43617
1.43615
1.43615
1.43616
1.43618
1.4362
1.43624
1.43628
1.43631
1.43635
1.43638
1.43641
1.43643
1.43645
1.43648
1.43654
1.43659
1.43663
1.43668
1.43673
1.43677
1.4368
1.43681
1.43679
1.43676
1.43674
1.43672
1.43672
1.43677
1.43687
1.43701
1.43713
1.43711
1.43687
1.4364
1.43584
1.43541
1.43526
1.43538
1.43565
1.43595
1.43621
1.43637
1.43642
1.43637
1.43626
1.43611
1.43597
1.43586
1.43581
1.43579
1.43581
1.43586
1.43592
1.43599
1.43607
1.43615
1.43624
1.43631
1.43639
1.43647
1.43656
1.43663
1.43671
1.43677
1.43681
1.43683
1.43681
1.43673
1.43663
1.43651
1.43638
1.43625
1.43613
1.43601
1.43593
1.43589
1.43586
1.43586
1.43587
1.4359
1.43593
1.43596
1.43601
1.43607
1.43614
1.43619
1.43625
1.43633
1.43642
1.43653
1.43669
1.43689
1.43714
1.43738
1.43755
1.43753
1.43726
1.43678
1.43625
1.43589
1.43577
1.43585
1.436
1.43613
1.43619
1.43618
1.43611
1.43602
1.43592
1.43584
1.4358
1.43579
1.43582
1.43587
1.43594
1.43602
1.43611
1.43621
1.43629
1.43635
1.43639
1.43641
1.43642
1.43643
1.43642
1.43638
1.43636
1.43634
1.43633
1.43632
1.43633
1.43634
1.43636
1.43636
1.43637
1.43637
1.43634
1.4363
1.43625
1.4362
1.43615
1.43609
1.43604
1.43598
1.43594
1.43592
1.4359
1.43589
1.43589
1.4359
1.43593
1.43595
1.43599
1.43603
1.43608
1.43612
1.43617
1.43621
1.43624
1.43628
1.43631
1.43634
1.43638
1.43641
1.43644
1.43648
1.43652
1.43656
1.4366
1.43662
1.43663
1.43663
1.43658
1.4365
1.4364
1.43627
1.43613
1.43602
1.43591
1.43585
1.43582
1.43583
1.43587
1.43594
1.43601
1.4361
1.43618
1.43624
1.4363
1.43632
1.43632
1.4363
1.43628
1.43625
1.43626
1.43631
1.43637
1.43642
1.43644
1.4364
1.43629
1.43611
1.43591
1.43575
1.43565
1.43561
1.43566
1.43575
1.43587
1.436
1.43613
1.43626
1.43637
1.43646
1.43652
1.43657
1.43655
1.43651
1.43643
1.43634
1.43624
1.43618
1.43615
1.43619
1.43627
1.43638
1.43655
1.43674
1.43693
1.43709
1.4372
1.4372
1.43708
1.43685
1.4366
1.43639
1.4363
1.4363
1.43633
1.43634
1.43627
1.43614
1.43598
1.43582
1.43567
1.43558
1.43555
1.43558
1.43564
1.43573
1.43583
1.43592
1.436
