1.79999
1.79999
1.8
1.80001
1.80003
1.80006
1.8001
1.80014
1.80019
1.80025
1.80032
1.8004
1.80048
1.80057
1.80067
1.80078
1.8009
1.80102
1.80116
1.8013
1.80146
1.80162
1.80179
1.80197
1.80216
1.80237
1.80258
1.8028
1.80304
1.80328
1.80354
1.80381
1.80409
1.80439
1.8047
1.80502
1.80536
1.80571
1.80607
1.80646
1.80685
1.80727
1.8077
1.80815
1.80862
1.80911
1.80962
1.81014
1.8107
1.81127
1.81187
1.81249
1.81313
1.81381
1.81451
1.81524
1.816
1.81679
1.81761
1.81847
1.81936
1.82029
1.82125
1.82226
1.82331
1.82439
1.82553
1.82671
1.82793
1.82921
1.83054
1.83192
1.83335
1.83485
1.8364
1.83801
1.83969
1.84144
1.84325
1.84513
1.84709
1.84912
1.85123
1.85343
1.85571
1.85807
1.86053
1.86308
1.86573
1.86847
1.87132
1.87428
1.87735
1.88052
1.88381
1.8872
1.89071
1.89432
1.89803
1.90181
1.90566
1.90955
1.91343
1.91725
1.92093
1.92437
1.92746
1.93005
1.93196
1.93304
1.93316
1.93226
1.93048
1.92812
1.9257
1.92376
1.92271
1.92256
1.92288
1.92295
1.92208
1.91979
1.91606
1.91125
1.90608
1.90137
1.89791
1.89624
1.89659
1.89891
1.90292
1.90821
1.91432
1.92088
1.92763
1.93446
1.94133
1.94817
1.95488
1.9613
1.9673
1.97274
1.97754
1.98158
1.98475
1.98699
1.98833
1.98895
1.98921
1.98956
1.99051
1.99237
1.99521
1.99878
2.00261
2.00614
2.00887
2.01039
2.01044
2.00891
2.00586
2.0015
1.9963
1.99093
1.98616
1.98274
1.9811
1.98133
1.9832
1.98628
1.99014
1.99441
1.99879
2.00305
2.00698
2.0104
2.01315
2.01513
2.01628
2.0166
2.01616
2.01506
2.01345
2.01151
2.00939
2.00722
2.00512
2.00314
2.00133
1.99973
1.99836
1.99726
1.9965
1.99623
1.99664
1.99795
2.00038
2.00405
2.0089
2.01472
2.0211
2.02762
2.03383
2.03941
2.04415
2.04798
2.05092
2.05305
2.05452
2.05546
2.05605
2.05643
2.05673
2.05707
2.05756
2.05828
2.05929
2.06061
2.06227
2.06427
2.06656
2.06912
2.07187
2.07473
2.07763
2.08046
2.08312
2.0855
2.08748
2.08895
2.0898
2.0899
2.08917
2.08755
2.085
2.08158
2.07737
2.07256
2.06741
2.06221
2.05723
2.05261
2.0483
2.04403
2.03947
2.03437
2.02885
2.02344
2.01894
2.01628
2.01628
2.01957
2.02638
2.03633
2.04838
2.06116
2.07341
2.08433
2.09359
2.10122
2.10739
2.11227
2.11602
2.11877
2.12065
2.12184
2.1225
2.12281
2.12296
2.12311
2.12336
2.12383
2.12456
2.12556
2.12684
2.12833
2.12998
2.13168
2.13332
2.13475
2.13581
2.13633
2.13611
2.13492
2.13255
2.12877
2.12339
2.11632
2.10769
2.09799
2.08821
2.07974
2.07399
2.0718
2.07308
2.07697
2.0824
2.08864
2.09533
2.10236
2.10964
2.11704
2.12435
2.13132
2.1377
2.14325
2.14775
2.15105
2.15302
2.15354
2.15256
2.15004
2.14607
2.14087
2.1349
2.12886
2.12361
2.12002
2.11868
2.11981
2.12318
2.12826
2.13433
2.14065
2.14653
2.15148
2.15515
2.15736
2.15805
2.15723
2.15494
2.15126
2.14625
2.13998
2.13256
2.12416
2.11502
2.10548
2.09602
2.08717
2.07949
2.07348
2.06947
2.06757
2.06769
2.06958
2.07288
2.07718
2.08205
2.08701
2.09164
2.09558
2.09858
2.10052
2.10138
2.1013
2.10053
2.09945
2.09847
2.098
2.09831
2.09943
2.10117
2.10321
2.10512
2.10655
2.1072
2.10688
2.10548
2.10294
2.09927
2.09454
2.08899
2.08301
2.07717
2.07217
2.06863
2.06694
2.06706
2.06857
2.07084
2.07323
2.07524
2.07658
2.07713
2.07689
2.07593
2.07433
2.07216
2.06945
2.06617
2.06224
2.05753
2.05192
2.04539
2.03813
2.0306
2.02348
2.01744
2.01289
2.00971
2.00745
2.00557
2.00388
2.00264
2.00253
2.00426
2.00823
2.01432
2.02193
2.03019
2.03823
2.04541
2.05134
2.05586
2.05901
2.0609
2.06173
2.06171
2.06104
2.05991
2.05848
2.05688
2.05521
2.05353
2.05187
2.05024
2.04859
2.04689
2.04505
2.04301
2.04069
2.03802
2.03501
2.03171
2.02832
2.02518
2.02273
2.02146
2.02173
2.02364
2.02699
2.03131
2.03604
2.04068
2.04486
2.04836
2.0511
2.05308
2.05435
2.05495
2.05493
2.05429
2.05303
2.05111
2.04845
2.04501
2.04072
2.03559
2.02973
2.02336
2.01685
2.0107
2.0054
2.00142
1.99898
1.99809
1.99844
1.9995
2.00056
2.00085
1.99977
1.9971
1.99327
1.98944
1.98714
1.98766
1.99123
1.99696
2.0033
2.00888
2.01294
2.01542
2.01677
2.01764
2.01867
2.02028
2.02259
2.02547
2.02862
2.03175
2.03458
2.03697
2.03885
2.04023
2.04115
2.04169
2.0419
2.04185
2.04157
2.04108
2.04038
2.03945
2.03825
2.03674
2.03482
2.03244
2.02951
2.026
2.02193
2.01742
2.0127
2.00816
2.00425
2.00143
1.99995
1.99979
2.00066
2.00206
2.00354
2.00482
2.00594
2.00723
2.0092
2.01229
2.01666
2.02212
2.02816
2.03423
2.03981
2.0446
2.04851
2.05159
2.05401
2.05594
2.05757
2.05902
2.06036
2.0616
2.06268
2.06353
2.06404
2.06412
2.06372
2.06279
2.06135
2.05947
2.05726
2.05492
2.05265
2.0507
2.0493
2.04861
2.04871
2.04958
2.0511
2.05308
2.05534
2.05768
2.05995
2.06206
2.06398
2.0657
2.06727
2.06878
2.07028
2.07185
2.07356
2.07542
2.07745
2.07962
2.08189
2.08418
2.08643
2.08853
2.09041
2.09196
2.0931
2.09374
2.09384
2.09336
2.09233
2.09087
2.08916
2.0874
2.08578
2.08435
2.0829
2.08093
2.07775
2.07266
2.06534
2.05619
2.04661
2.0387
2.03453
2.03507
2.03992
2.04764
2.05655
2.06513
2.07225
2.07721
2.07977
2.08012
2.07881
2.07661
2.07433
2.07258
2.07165
2.07148
2.07174
2.07212
2.07238
2.07246
2.07243
2.07245
2.07268
2.07324
2.07418
2.0755
2.07714
2.07903
2.08108
2.08325
2.08548
2.08774
2.09
2.09221
2.09432
2.09626
2.09796
2.09932
2.1003
2.10085
2.10096
2.10067
2.10005
2.09924
2.09839
2.09767
2.09722
2.0972
2.09773
2.09889
2.10075
2.10328
2.10635
2.10968
2.11289
2.11553
2.11717
2.11752
2.11645
2.11409
2.11084
2.10731
2.1042
2.10203
2.10106
2.10118
2.10211
2.10355
2.10525
2.1071
2.10899
2.11078
2.11227
2.11319
2.11328
2.11234
2.11032
2.10745
2.10426
2.10155
2.10016
2.10065
2.10294
2.10637
2.10994
2.11268
2.114
2.11377
2.11243
2.111
2.11086
2.11333
2.119
2.12747
2.13749
2.14758
2.15657
2.16382
2.1692
2.17285
2.1751
2.17628
2.1767
2.17659
2.17608
2.17519
2.1739
2.17212
2.16976
2.16678
2.16317
2.15903
2.1545
2.14973
2.14488
2.14002
2.13524
2.13066
2.12648
2.12299
2.12043
2.1188
2.11768
2.1163
2.11364
2.10879
2.10122
2.09106
2.07929
2.06785
2.05927
2.05566
2.05753
2.06367
2.07243
2.08288
2.09442
2.10575
2.11468
2.11925
2.11872
2.11367
2.10536
2.0951
2.08428
2.07497
2.07013
2.07222
2.08126
2.09459
2.10862
2.12074
2.12981
2.13581
2.1392
2.14058
2.14047
2.13929
2.13733
2.13478
2.13177
2.12839
2.12471
2.12077
2.11663
2.11232
2.10788
2.10336
2.09876
2.09413
2.08949
2.08493
2.08056
2.0766
2.07331
2.071
2.06998
2.07047
2.07252
2.07599
2.08057
2.08581
2.09128
2.09656
2.10138
2.10557
2.10906
2.11186
2.11402
2.11561
2.1167
2.11735
2.1176
2.11749
2.11699
2.11609
2.11474
2.11287
2.11042
2.10734
2.10358
2.09919
2.09426
2.08903
2.08381
2.079
2.07502
2.07222
2.07081
2.07083
2.07216
2.07457
2.07779
2.08155
2.08554
2.08953
2.09327
2.09657
2.09931
2.10139
2.10273
2.10324
2.1028
2.10124
2.09846
2.09443
2.08932
2.08355
2.07786
2.07316
2.07038
2.07017
2.0727
2.07757
2.08401
2.0911
2.09803
2.10418
2.10921
2.11297
2.11547
2.11683
2.11722
2.11683
2.11588
2.11456
2.11304
2.11151
2.11007
2.10884
2.10789
2.10726
2.10697
2.10704
2.10747
2.10825
2.10938
2.11083
2.11259
2.11459
2.11678
2.11906
2.12132
2.12343
2.12521
2.12646
2.12697
2.12645
2.12459
2.1211
2.11578
2.10867
2.10027
2.09168
2.08441
2.07985
2.07858
2.08012
2.08331
2.08706
2.09087
2.09482
2.09922
2.10428
2.10992
2.11578
2.12142
2.12643
2.13055
2.13364
2.13566
2.13664
2.13665
2.13579
2.13419
2.13204
2.12955
2.12701
2.12469
2.12288
2.12175
2.12137
2.12169
2.12253
2.12371
2.12501
2.12631
2.12758
2.1288
2.13
2.13118
2.13226
2.13307
2.13339
2.13298
2.13159
2.12902
2.12512
2.1199
2.11353
2.1065
2.09968
2.09417
2.09099
2.09059
2.09263
2.09609
2.09982
2.10298
2.10518
2.10652
2.10735
2.10813
2.10928
2.1111
2.1136
2.11656
2.11957
2.12213
2.12378
2.12421
2.1233
2.12109
2.11782
2.11383
2.10955
2.10541
2.10171
2.09862
2.09614
2.09418
2.09271
2.09184
2.09186
2.09317
2.09607
2.10057
2.10634
2.11281
2.11934
2.12541
2.13066
2.13493
2.13824
2.14064
2.14228
2.14329
2.14383
2.14402
2.14399
2.14383
2.14363
2.14344
2.14328
2.14313
2.14296
2.1427
2.14228
2.14164
2.14074
2.13959
2.13823
2.13675
2.13521
2.13363
2.13191
2.12978
2.12681
2.12243
2.11608
2.10745
2.09687
2.08555
2.07556
2.06912
2.06755
2.07056
2.07665
2.08403
2.09143
2.09817
2.10406
2.1091
2.11335
2.1169
1.80256
1.80491
1.80693
1.80867
1.81015
1.81139
1.81243
1.81327
1.81393
1.81444
1.81482
1.8151
1.81532
1.8155
1.81567
1.81585
1.81604
1.81624
1.81645
1.81663
1.81674
1.81674
1.81654
1.81606
1.81521
1.81388
1.81191
1.80918
1.80552
1.80082
1.79501
1.78815
1.78054
1.77273
1.7656
1.7602
1.75748
1.75796
1.76155
1.76754
1.77489
1.78261
1.78994
1.79643
1.80189
1.80631
1.8098
1.81248
1.81449
1.81595
1.81696
1.81761
1.81796
1.81806
1.81796
1.81768
1.81726
1.81673
1.81613
1.81548
1.81481
1.81411
1.81337
1.81252
1.81147
1.81008
1.80816
1.80558
1.80224
1.79819
1.79368
1.78917
1.78518
1.78212
1.78006
1.77866
1.77739
1.77586
1.77419
1.77301
1.77328
1.77567
1.78023
1.78625
1.79275
1.79881
1.80386
1.80765
1.81011
1.81116
1.81064
1.80829
1.80391
1.79755
1.78982
1.78209
1.77623
1.77385
1.77535
1.77968
1.78496
1.78947
1.79226
1.79324
1.79286
1.7919
1.79113
1.79111
1.79212
1.79409
1.79676
1.79971
1.80258
1.80509
1.80705
1.80841
1.80914
1.8093
1.80894
1.80812
1.80692
1.80542
1.80374
1.80201
1.80041
1.79911
1.79823
1.79781
1.79777
1.79793
1.79805
1.79785
1.79708
1.79558
1.79325
1.79011
1.78625
1.78189
1.77738
1.77326
1.77023
1.769
1.7701
1.77363
1.77914
1.78578
1.79255
1.79861
1.80343
1.80675
1.80863
1.80928
1.80909
1.80851
1.80799
1.8079
1.80849
1.80981
1.81175
1.81412
1.81663
1.81901
1.82103
1.8225
1.82325
1.82315
1.82206
1.81982
1.81622
1.81102
1.804
1.7951
1.78468
1.77382
1.76435
1.75834
1.75709
1.76026
1.76593
1.77163
1.77538
1.77616
1.77397
1.76963
1.7645
1.76018
1.7582
1.75965
1.76495
1.77364
1.78444
1.79566
1.80576
1.81372
1.81912
1.82204
1.82294
1.82247
1.82136
1.82029
1.81972
1.8198
1.82042
1.82128
1.82205
1.82243
1.82227
1.8215
1.82011
1.81816
1.81569
1.81275
1.80944
1.80586
1.80218
1.79865
1.79551
1.79303
1.7914
1.79069
1.79089
1.79183
1.79334
1.79518
1.79715
1.79905
1.80073
1.80207
1.80293
1.80324
1.80295
1.80203
1.80057
1.79865
1.79644
1.79411
1.79188
1.79005
1.7891
1.78955
1.79186
1.79612
1.80191
1.80843
1.81477
1.82015
1.82411
1.82648
1.82729
1.82673
1.82503
1.82242
1.81916
1.81549
1.81165
1.80792
1.8046
1.80204
1.80058
1.8005
1.80197
1.80496
1.80924
1.81445
1.82012
1.82578
1.83102
1.83553
1.83907
1.84147
1.84262
1.84243
1.84086
1.83791
1.8337
1.82846
1.82262
1.81673
1.8115
1.80763
1.80565
1.80581
1.80797
1.81166
1.81624
1.82106
1.82563
1.82961
1.83286
1.8354
1.83734
1.83886
1.84012
1.8413
1.84252
1.84385
1.84534
1.84697
1.84871
1.85051
1.85231
1.85404
1.85561
1.85695
1.85796
1.85853
1.85855
1.85788
1.85637
1.8539
1.85033
1.84557
1.83957
1.83237
1.82408
1.81494
1.8053
1.79563
1.78649
1.7784
1.77182
1.76699
1.76395
1.76248
1.76225
1.76282
1.76381
1.76498
1.76629
1.76789
1.77005
1.77309
1.77728
1.78271
1.78928
1.79665
1.80434
1.81179
1.81854
1.82426
1.82879
1.83213
1.83434
1.83558
1.83601
1.83579
1.83507
1.83399
1.83266
1.83118
1.82963
1.82809
1.82659
1.82517
1.82384
1.82256
1.82132
1.82004
1.81865
1.81706
1.81518
1.81292
1.81021
1.80703
1.8034
1.79941
1.79524
1.79114
1.78741
1.78434
1.78218
1.7811
1.78111
1.78218
1.78417
1.78688
1.79009
1.79353
1.79691
1.79992
1.80229
1.80384
1.80448
1.8043
1.80353
1.80254
1.80176
1.80158
1.80232
1.8041
1.80692
1.81065
1.81508
1.82001
1.82519
1.83045
1.83558
1.84042
1.84485
1.84875
1.85204
1.85466
1.8566
1.85784
1.85842
1.85839
1.85783
1.85685
1.85555
1.85407
1.85251
1.85092
1.84928
1.84749
1.84534
1.84257
1.83887
1.83396
1.82762
1.81978
1.81063
1.80066
1.79069
1.78178
1.775
1.77124
1.771
1.77441
1.78118
1.7907
1.80209
1.81434
1.82649
1.83774
1.84754
1.8556
1.86183
1.86624
1.86893
1.86998
1.86954
1.86778
1.86497
1.86153
1.85802
1.85503
1.85311
1.85258
1.85342
1.85534
1.85788
1.86058
1.86307
1.86514
1.86665
1.86758
1.86794
1.86775
1.86702
1.86579
1.86406
1.86187
1.85927
1.8563
1.85308
1.84971
1.84635
1.84313
1.84021
1.8377
1.83567
1.83416
1.83317
1.83267
1.83264
1.83304
1.83382
1.83491
1.83619
1.83752
1.83876
1.83979
1.8405
1.84083
1.84075
1.84029
1.8395
1.83848
1.83736
1.83629
1.83544
1.83498
1.83506
1.83581
1.83728
1.83948
1.84233
1.84571
1.84941
1.85322
1.85688
1.86012
1.86264
1.86409
1.86407
1.86209
1.85762
1.8502
1.83974
1.82702
1.81409
1.8041
1.80005
1.80298
1.81136
1.82224
1.83296
1.84185
1.84822
1.85179
1.85242
1.84991
1.84397
1.83434
1.821
1.80453
1.78652
1.76975
1.7576
1.75271
1.75567
1.76481
1.77732
1.79057
1.80278
1.81312
1.82139
1.82777
1.83255
1.83606
1.83859
1.84039
1.84164
1.8425
1.84307
1.84343
1.84366
1.84378
1.84383
1.84381
1.84372
1.84356
1.8433
1.8429
1.84232
1.84149
1.84033
1.83875
1.83665
1.83391
1.83042
1.82614
1.82107
1.81532
1.80916
1.80297
1.79718
1.79218
1.78821
1.78532
1.78344
1.78248
1.78243
1.78332
1.78518
1.78794
1.79137
1.79518
1.79906
1.80276
1.80612
1.80904
1.81147
1.81331
1.81448
1.81486
1.81438
1.81305
1.81101
1.80858
1.80615
1.8042
1.80313
1.80323
1.80458
1.80708
1.81053
1.81468
1.81927
1.82407
1.82888
1.83356
1.83799
1.84212
1.84591
1.84938
1.85254
1.85543
1.8581
1.86058
1.8629
1.86506
1.86704
1.86879
1.87024
1.87125
1.87169
1.87138
1.87014
1.86784
1.86441
1.8599
1.85457
1.84882
1.84319
1.83821
1.8342
1.83121
1.82896
1.82699
1.82485
1.82231
1.81949
1.81685
1.81501
1.81446
1.8154
1.81773
1.82114
1.8253
1.82993
1.83477
1.83961
1.84423
1.84849
1.85229
1.85565
1.85866
1.86145
1.86415
1.86687
1.86958
1.87218
1.8744
1.87595
1.87649
1.87579
1.87374
1.87053
1.86661
1.86272
1.85969
1.85819
1.85847
1.86027
1.86294
1.86569
1.86777
1.86862
1.86793
1.86559
1.86178
1.85687
1.85144
1.84614
1.84162
1.83834
1.83649
1.83592
1.83623
1.83686
1.83732
1.83729
1.8367
1.83571
1.83461
1.83369
1.83308
1.83271
1.83233
1.83162
1.83033
1.82837
1.82583
1.823
1.82025
1.81792
1.81623
1.81514
1.81431
1.81321
1.81127
1.80816
1.80401
1.79958
1.79608
1.79474
1.79615
1.79996
1.80512
1.81039
1.81486
1.81808
1.82003
1.82092
1.82107
1.82079
1.82031
1.81981
1.81933
1.8189
1.81846
1.81797
1.8174
1.81672
1.81596
1.81514
1.81431
1.81353
1.81283
1.81225
1.81182
1.81152
1.81135
1.81125
1.81118
1.81105
1.81079
1.81031
1.80952
1.80836
1.80675
1.80463
1.80192
1.79849
1.79413
1.78859
1.78163
1.77319
1.76369
1.75423
1.74665
1.74311
1.74511
1.75269
1.76426
1.7774
1.78992
1.80038
1.80819
1.81333
1.81611
1.81692
1.81619
1.81432
1.81165
1.80852
1.80524
1.80209
1.79931
1.79708
1.7955
1.79459
1.7943
1.79452
1.79509
1.79589
1.79682
1.79781
1.79885
1.79997
1.80122
1.80262
1.8042
1.80592
1.80772
1.80952
1.8112
1.81267
1.81382
1.81457
1.81488
1.81474
1.81418
1.81324
1.81198
1.81045
1.8087
1.80679
1.80481
1.80291
1.80133
1.80032
1.80016
1.80101
1.80288
1.80557
1.80877
1.81211
1.81525
1.81794
1.82004
1.82149
1.82232
1.82259
1.82238
1.82177
1.82085
1.81965
1.8182
1.81649
1.81447
1.81204
1.80911
1.80556
1.80134
1.7965
1.79123
1.78597
1.7813
1.77785
1.77608
1.77606
1.77746
1.77958
1.78167
1.78308
1.78337
1.78239
1.78024
1.77723
1.7738
1.77047
1.7677
1.76579
1.76483
1.76474
1.76531
1.76634
1.76762
1.76899
1.77033
1.77154
1.77254
1.77326
1.77367
1.77377
1.77359
1.77317
1.77256
1.77183
1.77102
1.77012
1.7691
1.76784
1.76611
1.76352
1.75946
1.75304
1.74316
1.72876
1.70974
1.68843
1.67051
1.66293
1.66873
1.68417
1.70232
1.71804
1.72953
1.73717
1.74204
1.74519
1.74737
1.74906
1.75054
1.75195
1.75339
1.75491
1.75652
1.75824
1.76003
1.76183
1.76356
1.76513
1.76642
1.76729
1.7676
1.7672
1.7659
1.76351
1.75986
1.75485
1.74853
1.74122
1.73361
1.72672
1.72175
1.71957
1.72036
1.72349
1.72775
1.73194
1.73522
1.73733
1.73854
1.73941
1.7406
1.74251
1.74521
1.74843
1.75171
1.7546
1.75675
1.75803
1.75847
1.75821
1.75751
1.75661
1.75579
1.75525
1.75512
1.75546
1.75623
1.75734
1.75868
1.76011
1.76152
1.76283
1.764
1.76498
1.76578
1.76642
1.7669
1.76727
1.76755
1.76776
1.76792
1.76806
1.7682
1.76836
1.76856
1.76883
1.7692
1.76968
1.77031
1.77108
1.77201
1.77309
1.77428
1.77556
1.77688
1.77821
1.77949
1.78068
1.78175
1.78266
1.78338
1.78391
1.78421
1.7843
1.78417
1.78384
1.78333
1.78267
1.78193
1.78119
1.78053
1.78007
1.77991
1.78017
1.78091
1.78219
1.784
1.7863
1.78901
1.79201
1.7952
1.79844
1.8016
1.80459
1.80729
1.80963
1.81154
1.81296
1.81387
1.81421
1.814
1.81323
1.81194
1.79835
1.79633
1.79417
1.79206
1.79021
1.78881
1.78801
1.7879
1.78847
1.78964
1.79124
1.79306
1.79487
1.79646
1.79768
1.79841
1.79861
1.7983
1.79758
1.79658
1.79548
1.79451
1.79387
1.79377
1.79436
1.79574
1.79788
1.80072
1.80409
1.80781
1.81166
1.81544
1.81895
1.82204
1.82455
1.82632
1.8272
1.82701
1.8256
1.82279
1.8185
1.81279
1.80598
1.79875
1.79213
1.78734
1.78549
1.78715
1.79211
1.7995
1.80807
1.81664
1.82433
1.83066
1.83545
1.83876
1.84078
1.84173
1.84187
1.84143
1.84063
1.83963
1.83856
1.83746
1.83632
1.83507
1.83362
1.83189
1.82984
1.8275
1.82501
1.8226
1.8205
1.81893
1.81799
1.81765
1.81777
1.81818
1.81874
1.81938
1.82015
1.82112
1.82239
1.82398
1.82587
1.82797
1.83014
1.83225
1.83419
1.83588
1.83728
1.83836
1.83914
1.83961
1.83981
1.83978
1.83959
1.8393
1.83901
1.83879
1.83872
1.83885
1.83921
1.8398
1.84058
1.84149
1.84244
1.84331
1.844
1.84439
1.84436
1.84382
1.84268
1.84091
1.83846
1.83532
1.83153
1.82713
1.82225
1.8171
1.81204
1.80759
1.80433
1.80287
1.80361
1.80663
1.81166
1.8181
1.82524
1.83236
1.83889
1.84447
1.84891
1.85217
1.8543
1.85541
1.85565
1.85517
1.85418
1.85285
1.85142
1.85008
1.84903
1.84836
1.8481
1.84819
1.84846
1.84877
1.84896
1.84896
1.84879
1.84856
1.84844
1.84863
1.84929
1.85055
1.85243
1.85485
1.85765
1.86062
1.86354
1.8662
1.86841
1.87004
1.87099
1.8712
1.87066
1.86938
1.86745
1.86501
1.86227
1.85951
1.85704
1.85519
1.8542
1.85424
1.85531
1.85727
1.85988
1.86279
1.86564
1.86802
1.86952
1.86966
1.86796
1.86391
1.8571
1.84742
1.83534
1.82214
1.80967
1.79971
1.79304
1.78926
1.78749
1.78715
1.78819
1.79064
1.79421
1.79835
1.8025
1.80636
1.80989
1.81317
1.81623
1.81903
1.82144
1.8233
1.82456
1.82527
1.8256
1.82581
1.82616
1.82686
1.82801
1.8296
1.8315
1.83356
1.83558
1.83739
1.83886
1.83993
1.84056
1.84075
1.84056
1.84004
1.83928
1.83838
1.83744
1.83655
1.8358
1.83526
1.83497
1.83493
1.83513
1.83551
1.83601
1.83656
1.8371
1.83757
1.83794
1.83815
1.83821
1.83808
1.83776
1.83722
1.83645
1.83543
1.83417
1.83268
1.83106
1.82949
1.82823
1.82759
1.82789
1.82932
1.83186
1.83521
1.83887
1.84219
1.8445
1.8452
1.84383
1.84018
1.83438
1.82706
1.8193
1.81244
1.80754
1.8049
1.80405
1.80395
1.80347
1.80164
1.798
1.79314
1.78927
1.78973
1.79706
1.81083
1.8278
1.8441
1.85725
1.86644
1.87202
1.87487
1.87598
1.87639
1.87706
1.8788
1.88208
1.88688
1.89279
1.89915
1.90528
1.91067
1.91501
1.91817
1.92014
1.92098
1.92077
1.91961
1.9176
1.91488
1.91163
1.90807
1.90448
1.90119
1.89852
1.89674
1.89604
1.89648
1.89797
1.90032
1.90331
1.90667
1.91021
1.91374
1.91713
1.92029
1.92314
1.92565
1.92778
1.92952
1.93085
1.9318
1.93238
1.93262
1.93256
1.93222
1.93163
1.93082
1.92979
1.92855
1.92711
1.92547
1.92364
1.92165
1.91952
1.9173
1.91503
1.91276
1.91053
1.90838
1.90631
1.90428
1.90219
1.89988
1.89709
1.89356
1.88908
1.88367
1.87765
1.87182
1.86732
1.86537
1.86682
1.87175
1.87945
1.88872
1.89831
1.90727
1.91506
1.92147
1.92651
1.93024
1.93277
1.93415
1.93442
1.93363
1.93183
1.92912
1.92567
1.92171
1.91755
1.91355
1.91006
1.90733
1.9055
1.90452
1.90424
1.90443
1.90484
1.90529
1.90564
1.9058
1.90574
1.9055
1.90514
1.90475
1.90447
1.9044
1.90463
1.9052
1.90608
1.90717
1.90835
1.90945
1.91033
1.91085
1.91091
1.91044
1.90941
1.90782
1.90569
1.90309
1.90012
1.89691
1.8936
1.89039
1.88741
1.88481
1.88266
1.88095
1.87962
1.87852
1.87752
1.87647
1.87531
1.87408
1.87288
1.87191
1.87133
1.87126
1.87171
1.87257
1.87367
1.87484
1.87589
1.87672
1.87726
1.87752
1.87752
1.87732
1.87699
1.87657
1.87614
1.87573
1.87537
1.87509
1.87487
1.8747
1.87454
1.87434
1.87404
1.87356
1.87284
1.87178
1.87031
1.86837
1.86589
1.86285
1.85926
1.85524
1.85096
1.8467
1.84284
1.83969
1.83754
1.83644
1.83631
1.83688
1.83781
1.83881
1.83964
1.84018
1.84034
1.84008
1.83934
1.83798
1.83584
1.83272
1.82841
1.82278
1.81589
1.80804
1.79982
1.79205
1.78561
1.78125
1.77946
1.78051
1.78448
1.79113
1.79982
1.80954
1.81917
1.8278
1.83488
1.84023
1.84393
1.84619
1.84725
1.84732
1.84659
1.84518
1.84317
1.84064
1.83765
1.83428
1.83065
1.82693
1.82333
1.82008
1.81741
1.81547
1.81434
1.81397
1.81421
1.81488
1.81576
1.81671
1.81762
1.81848
1.81929
1.82012
1.82104
1.8221
1.82333
1.82473
1.82627
1.82788
1.8295
1.83103
1.83239
1.83351
1.83433
1.83481
1.83495
1.83474
1.83424
1.83349
1.8326
1.83167
1.83083
1.83018
1.82983
1.8298
1.83005
1.83048
1.83089
1.83099
1.83045
1.82892
1.82609
1.8218
1.8162
1.80989
1.80397
1.7998
1.79847
1.80029
1.80464
1.8103
1.81603
1.82099
1.82477
1.82732
1.82875
1.82927
1.82906
1.82831
1.8272
1.8259
1.8246
1.82348
1.82273
1.82246
1.82273
1.82351
1.82467
1.826
1.82729
1.82831
1.8289
1.82895
1.82841
1.82731
1.8257
1.82367
1.82136
1.81888
1.81639
1.814
1.81184
1.81002
1.80861
1.80767
1.80718
1.80714
1.80746
1.80807
1.80886
1.80969
1.81045
1.81104
1.81134
1.81129
1.81084
1.80999
1.80879
1.80735
1.80586
1.80459
1.80381
1.80381
1.80478
1.80674
1.80958
1.81303
1.81676
1.82045
1.82384
1.82675
1.82905
1.83071
1.8317
1.83202
1.83164
1.83055
1.82871
1.82607
1.8226
1.81831
1.81328
1.80771
1.80193
1.79644
1.79182
1.78864
1.78734
1.78807
1.79065
1.79465
1.79947
1.8045
1.80925
1.81338
1.81671
1.8192
1.82092
1.82201
1.82264
1.82299
1.82326
1.82359
1.82409
1.82484
1.82585
1.8271
1.82855
1.83015
1.83185
1.83361
1.83543
1.83728
1.83917
1.84109
1.843
1.84483
1.84646
1.84775
1.84846
1.84833
1.84704
1.84427
1.83974
1.8334
1.82554
1.81698
1.809
1.80305
1.80024
1.80083
1.80417
1.80905
1.81412
1.81828
1.82084
1.82162
1.8209
1.81929
1.81759
1.81657
1.81683
1.81871
1.82231
1.82753
1.83409
1.84158
1.84953
1.8574
1.86469
1.87094
1.8758
1.87897
1.88024
1.87946
1.8766
1.87173
1.86519
1.85754
1.84963
1.8424
1.8367
1.83302
1.83137
1.83136
1.83237
1.83383
1.83527
1.83634
1.83678
1.83632
1.83463
1.83141
1.82642
1.81966
1.81147
1.80273
1.79476
1.78909
1.78688
1.78835
1.79264
1.79834
1.80408
1.80896
1.81263
1.81513
1.81672
1.81767
1.81822
1.81854
1.81869
1.81869
1.81851
1.81815
1.81759
1.81686
1.81606
1.81527
1.81463
1.81424
1.81418
1.81449
1.81512
1.81599
1.817
1.81803
1.81895
1.81967
1.82015
1.82033
1.82019
1.81975
1.81898
1.8179
1.8165
1.81476
1.81266
1.81017
1.80724
1.80385
1.79998
1.79563
1.79086
1.78576
1.78049
1.77522
1.77014
1.76538
1.76094
1.75667
1.75221
1.74706
1.74073
1.73308
1.7248
1.71764
1.71401
1.71573
1.72269
1.73278
1.74313
1.75152
1.75692
1.75939
1.75967
1.75881
1.75788
1.75774
1.75891
1.76153
1.76542
1.77019
1.77541
1.78064
1.78556
1.78989
1.79348
1.79625
1.79814
1.79918
1.79937
1.79874
1.79729
1.79503
1.79198
1.78817
1.78368
1.77865
1.77332
1.768
1.76308
1.75894
1.75592
1.75427
1.75403
1.75512
1.75736
1.76048
1.76421
1.76831
1.77257
1.77681
1.7809
1.78472
1.78818
1.79122
1.79379
1.79585
1.79737
1.79829
1.7985
1.79787
1.79615
1.79301
1.78804
1.78084
1.7712
1.75942
1.74675
1.73535
1.72773
1.72531
1.72756
1.73235
1.73738
1.74121
1.74356
1.7449
1.74599
1.74749
1.74982
1.75312
1.75727
1.76203
1.76706
1.772
1.77651
1.78035
1.78334
1.78543
1.78662
1.78699
1.78668
1.78583
1.78462
1.78324
1.78184
1.78056
1.7795
1.77868
1.77809
1.77766
1.77732
1.77696
1.77653
1.77599
1.77537
1.77472
1.77415
1.77377
1.77371
1.77404
1.77484
1.77612
1.7779
1.78016
1.78286
1.78599
1.78948
1.79325
1.79722
1.80127
1.80527
1.80909
1.81262
1.81577
1.81849
1.82075
1.82253
1.82386
1.82475
1.82525
1.82538
1.82517
1.82463
1.82377
1.82257
1.82101
1.81907
1.81672
1.81395
1.81078
1.80726
1.80351
1.79973
1.79618
1.79318
1.79108
1.79014
1.79054
1.79227
1.79516
1.7989
1.80308
1.80733
1.81129
1.81472
1.81743
1.81933
1.82042
1.82075
1.82048
1.81982
1.81904
1.81841
1.81806
1.818
1.81802
1.8178
1.81705
1.81564
1.81377
1.81195
1.8109
1.81132
1.81364
1.81786
1.82356
1.83003
1.83651
1.84238
1.84722
1.85082
1.85311
1.85415
1.85405
1.85296
1.8511
1.84873
1.84617
1.84381
1.84202
1.84107
1.84107
1.84188
1.84315
1.84442
1.84517
1.84491
1.84322
1.83978
1.8344
1.82714
1.81842
1.80911
1.80043
1.79363
1.78938
1.78753
1.78716
1.78722
1.78706
1.78666
1.78653
1.78732
1.78957
1.7935
1.79903
1.80579
1.81325
1.82083
1.828
1.83437
1.83976
1.84416
1.8477
