0.0345996 0 0
0.0576661 0 0
0.0807325 0 0
0.103799 0 0
0.126865 0 0
0.149932 0 0
0.172998 0 0
0.196065 0 0
0.219131 0 0
0.242198 0 0
0.265264 0 0
0.28833 0 0
0.311397 0 0
0.334463 0 0
0.35753 0 0
0.380596 0 0
0.403663 0 0
0.426729 0 0
0.449795 0 0
0.472862 0 0
0.495928 0 0
0.518995 0 0
0.542061 0 0
0.565128 0 0
0.588194 0 0
0.61126 0 0
0.634327 0 0
0.657393 0 0
0.68046 0 0
0.703526 0 0
0.726593 0 0
0.749659 0 0
0.772725 0 0
0.795792 0 0
0.818858 0 0
0.841925 0 0
0.864991 0 0
0.888058 0 0
0.911124 0 0
0.93419 0 0
0.957257 0.0269361 0.00463307
0.980323 0.135971 0.0125496
1.00339 0.462924 0.0263934
1.02646 1.04732 0.0398444
1.04952 1.76763 0.0384064
1.07259 2.1821 0.0451696
1.09566 2.39598 0.0462925
1.11872 2.16595 0.0598847
1.14179 1.77193 0.0446456
1.16485 1.2541 0.0314676
1.18792 0.873539 0.0250966
1.21099 0.525733 0.0203618
1.23405 0.316534 0.0186538
1.25712 0.192019 0.0138408
1.28019 0.0877082 0.0105181
1.30325 0.0418881 0.00699471
1.32632 0.0231107 0.00411038
1.34939 0.0183404 0.00361482
1.37245 0.0285207 0.00331994
1.39552 0.0596447 0.00745559
1.41859 0.0981255 0.00863405
1.44165 0.134831 0.00785895
1.46472 0.193558 0.0112068
1.48778 0.297148 0.0107094
1.51085 0.37974 0.0144286
1.53392 0.465906 0.0191175
1.55698 0.468375 0.0151262
1.58005 0.46934 0.017912
1.60312 0.398304 0.0127306
1.62618 0.317904 0.0115557
1.64925 0.211387 0.00866017
1.67232 0.15264 0.0062776
1.69538 0.114164 0.00860538
1.71845 0.0914527 0.00692206
1.74152 0.111068 0.00891542
1.76458 0.209373 0.0114312
1.78765 0.373478 0.0140761
1.81071 0.582792 0.0187739
1.83378 0.830313 0.0138611
1.85685 1.06922 0.0193484
1.87991 1.265 0.0220138
1.90298 1.38488 0.0331656
1.92605 1.24075 0.0234418
1.94911 1.05524 0.0144879
1.97218 0.8265 0.0179971
1.99525 0.571889 0.0109588
2.01831 0.406694 0.0144739
2.04138 0.273515 0.0134122
2.06445 0.205773 0.00883943
2.08751 0.201917 0.0104637
2.11058 0.291729 0.0109073
2.13364 0.376035 0.00705257
2.15671 0.450445 0.0128424
2.17978 0.506663 0.0112272
2.20284 0.504486 0.0134556
2.22591 0.435182 0.010964
2.24898 0.385537 0.0106121
2.27204 0.316431 0.00879509
2.29511 0.28364 0.0081907
2.31818 0.270189 0.0128957
