           1    -7.54898    -7.54898           0
           2    -7.55345    -7.55122   0.0015821
           3    -7.54722    -7.54988  0.00151494
           4    -7.55019    -7.54996  0.00113815
           5    -7.55334    -7.55064  0.00109291
           6    -7.55005    -7.55054 0.000915175
           7    -7.55234     -7.5508 0.000819939
           8    -7.54501    -7.55007 0.000986095
           9    -7.54489     -7.5495  0.00103111
          10    -7.54502    -7.54905  0.00102049
          11    -7.53815    -7.54806  0.00132377
          12    -7.55273    -7.54845  0.00126931
          13     -7.5468    -7.54832  0.00117795
          14    -7.54645    -7.54819  0.00110135
          15    -7.54424    -7.54792  0.00105893
          16    -7.54294    -7.54761  0.00103755
          17    -7.54406     -7.5474 0.000997306
          18    -7.53675    -7.54681  0.00110377
          19    -7.54143    -7.54653  0.00108146
          20    -7.55124    -7.54676  0.00105278
