           1     7.58056     7.58056           0
           2     7.55273     7.56665  0.00983883
           3     7.59151     7.57494   0.0094249
           4     7.57117     7.57399  0.00711545
           5     7.55584     7.57036  0.00655388
           6     7.57577     7.57126  0.00552309
           7     7.56194     7.56993  0.00489191
           8     7.60286     7.57405  0.00575688
           9     7.60393     7.57737   0.0059988
          10     7.60273      7.5799  0.00591076
          11     7.64002     7.58537  0.00748522
          12     7.55982     7.58324   0.0071579
          13      7.5937     7.58404  0.00665235
          14     7.59601      7.5849  0.00623183
          15       7.607     7.58637  0.00598805
          16     7.61391     7.58809  0.00585595
          17     7.60907     7.58933  0.00564002
          18      7.6472     7.59254  0.00617543
          19     7.61978     7.59398  0.00601453
          20     7.56587     7.59257  0.00587573
