-6.31096
-6.28043
-6.24782
-6.22226
-6.20677
-6.20591
-6.2203
-6.24328
-6.27009
-6.29648
-6.32108
-6.34197
-6.35687
-6.36375
-6.36853
-6.36424
-6.35225
-6.33628
-6.31502
-6.29342
-6.27601
-6.26378
-6.26053
-6.26402
-6.26856
-6.27386
-6.27332
-6.26575
-6.25426
-6.24158
-6.22651
-6.20931
-6.19112
-6.17078
-6.15193
-6.14135
-6.14338
-6.16055
-6.196
-6.23916
-6.28279
-6.3223
-6.3547
-6.37058
-6.37907
-6.37881
-6.3731
-6.3665
-6.36419
-6.37117
-6.39164
-6.42493
-6.45681
-6.48397
-6.49938
-6.4922
-6.4663
-6.41968
-6.36195
-6.29854
-6.23699
-6.18587
-6.15125
-6.14
-6.15703
-6.19547
-6.2455
-6.2955
-6.33736
-6.36381
-6.3743
-6.36596
-6.3413
-6.30662
-6.26933
-6.23831
-6.21901
-6.21007
-6.21241
-6.22281
-6.23756
-6.2576
-6.28126
-6.30711
-6.33388
-6.3557
-6.36676
-6.36583
-6.35582
-6.33655
-6.30657
-6.27364
-6.24103
-6.21411
-6.1911
-6.17589
-6.16525
-6.16385
-6.16652
-6.17465
-6.18751
-6.20373
-6.22307
-6.24139
-6.2595
-6.27167
-6.28212
-6.28487
-6.28273
-6.27565
-6.26745
-6.25721
-6.24922
-6.25055
-6.2644
-6.2889
-6.32659
-6.36883
-6.40132
-6.42595
-6.431
-6.41604
-6.38281
-6.3379
-6.29001
-6.25097
-6.22796
-6.22382
-6.23184
-6.25202
-6.27483
-6.29719
-6.31862
-6.33737
-6.3527
-6.35788
-6.35773
-6.35654
-6.35233
-6.35086
-6.3585
-6.36518
-6.37408
-6.37926
-6.3784
-6.37444
-6.36722
-6.35398
-6.33742
-6.31334
-6.2958
-6.27859
-6.26806
-6.26701
-6.27496
-6.29006
-6.3003
-6.30578
-6.30118
-6.29163
-6.27472
-6.25702
-6.23982
-6.23201
-6.22787
-6.23191
-6.24236
-6.25076
-6.25682
-6.25639
-6.24969
-6.24149
-6.23059
-6.22391
-6.21789
-6.21161
-6.20955
-6.20928
-6.21276
-6.21756
-6.225
-6.23769
-6.25134
-6.26868
-6.28601
-6.30372
-6.31773
-6.32569
-6.3302
-6.32759
-6.3206
-6.31693
-6.32066
-6.3326
-6.35531
-6.38148
-6.4051
-6.41607
-6.41523
-6.39745
-6.36618
-6.32243
-6.27332
-6.22483
-6.18309
-6.15349
-6.13902
-6.14293
-6.16263
-6.19692
-6.24075
-6.28652
-6.33167
-6.37082
-6.40315
-6.42716
-6.44246
-6.44709
-6.43976
-6.42029
-6.39275
-6.36465
-6.33972
-6.31838
-6.30054
-6.28808
-6.27922
-6.27159
-6.26592
-6.26332
-6.26927
-6.28279
-6.29594
-6.30995
-6.31646
-6.311
-6.29481
-6.26973
-6.23466
-6.19994
-6.17409
-6.15946
-6.15693
-6.16801
-6.18566
-6.21018
-6.23479
-6.25421
-6.26559
-6.2624
-6.25094
-6.23516
-6.22134
-6.21228
-6.21177
-6.21327
-6.22288
-6.23448
-6.24645
-6.25976
-6.27547
-6.2912
-6.30862
-6.32525
-6.34088
-6.36562
-6.39549
-6.43051
-6.46728
-6.50479
-6.53702
-6.5646
-6.58397
-6.59422
-6.58939
-6.57453
-6.54341
-6.49915
-6.4449
-6.3827
-6.32246
-6.26851
-6.22828
-6.20494
-6.19779
-6.20506
-6.21607
-6.22795
-6.23644
-6.2383
-6.23886
-6.23953
-6.24436
-6.25384
-6.26012
-6.26421
-6.25911
-6.24795
-6.2335
-6.21795
-6.20963
-6.20698
-6.2103
-6.22435
-6.24664
-6.27672
-6.30825
-6.34269
-6.36985
-6.38928
-6.40117
-6.40002
-6.38825
-6.37016
-6.34747
-6.32613
-6.30384
-6.28587
-6.2721
-6.25916
-6.24937
-6.24366
-6.23639
-6.22974
-6.22766
-6.22976
-6.24152
-6.25801
-6.28375
-6.30405
-6.31958
-6.32728
-6.33199
-6.33532
-6.3398
-6.35071
-6.36648
-6.38635
-6.40459
-6.41929
-6.42524
-6.41817
-6.4019
-6.37757
-6.34542
-6.31542
-6.29103
-6.27685
-6.27842
-6.29208
-6.31099
-6.33146
-6.35163
-6.36984
-6.38118
-6.38731
-6.38754
-6.37575
-6.35808
-6.33331
-6.30213
-6.26825
-6.22974
-6.19188
-6.16176
-6.14527
-6.13858
-6.14203
-6.15478
-6.17106
-6.18714
-6.21032
-6.23802
-6.26623
-6.2983
-6.3303
-6.35928
-6.38135
-6.39575
-6.39707
-6.39078
-6.37547
-6.35402
-6.32703
-6.29956
-6.27086
-6.24075
-6.21434
-6.18924
-6.16806
-6.15346
-6.14419
-6.14318
-6.15078
-6.16901
-6.19827
-6.23713
-6.28251
-6.32798
-6.36509
-6.39031
-6.40045
-6.39469
-6.37694
-6.35289
-6.32727
-6.30705
-6.29483
-6.28761
-6.28593
-6.29146
-6.29659
-6.30837
-6.32852
-6.35027
-6.37093
-6.38403
-6.39329
-6.39259
-6.38717
-6.37871
-6.36908
-6.35523
-6.34211
-6.32582
-6.30973
-6.29582
-6.28283
-6.27079
-6.26226
-6.25804
-6.26134
-6.27007
-6.2834
-6.30019
-6.31665
-6.32576
-6.32273
-6.30408
-6.27527
-6.23636
-6.19537
-6.16106
-6.13223
-6.11005
-6.10136
-6.10249
-6.11541
-6.13468
-6.16814
-6.20548
-6.24966
-6.29114
-6.33282
-6.36412
-6.38625
-6.39545
-6.39109
-6.38167
-6.3644
-6.34365
-6.32448
-6.31319
-6.31149
-6.31717
-6.33425
-6.35129
-6.36567
-6.37682
-6.38219
-6.3877
-6.39516
-6.40435
-6.41268
-6.41504
-6.40688
-6.39288
-6.3707
-6.34208
-6.30517
-6.26151
-6.22112
-6.18126
-6.15704
-6.14282
-6.14042
-6.14878
-6.16504
-6.18506
-6.20645
-6.23113
-6.25767
-6.2882
-6.32064
-6.35086
-6.37358
-6.38485
-6.38253
-6.36487
-6.33268
-6.29483
-6.25602
-6.22167
-6.19697
-6.18343
-6.18214
-6.18706
-6.1973
-6.21231
-6.23143
-6.25716
-6.29035
-6.33354
-6.38195
-6.42626
-6.45908
-6.47531
-6.47173
-6.44604
-6.39967
-6.33963
-6.27488
-6.21179
-6.16301
-6.13103
-6.12299
-6.1351
-6.16054
-6.19676
-6.2334
-6.26709
-6.29471
-6.3091
-6.31485
-6.31291
-6.30875
-6.31044
-6.31993
-6.33955
-6.36551
-6.39485
-6.41184
-6.41053
-6.3945
-6.3655
-6.32612
-6.28733
-6.25099
-6.22617
-6.21842
-6.22675
-6.25484
-6.29822
-6.34442
-6.38175
-6.40479
-6.41927
-6.42181
-6.4193
-6.41194
-6.39603
-6.37437
-6.34494
-6.30544
-6.25677
-6.20973
-6.17167
-6.14372
-6.1338
-6.13797
-6.15491
-6.18415
-6.22484
-6.26913
-6.31617
-6.35804
-6.39386
-6.42404
-6.44356
-6.44903
-6.44088
-6.42223
-6.3966
-6.36482
-6.32947
-6.29034
-6.24864
-6.21179
-6.18578
-6.17977
-6.18704
-6.20685
-6.23201
-6.25753
-6.28607
-6.31516
-6.34325
-6.36345
-6.37459
-6.37614
-6.36927
-6.35288
-6.33322
-6.31252
-6.29528
-6.28277
-6.27281
-6.26575
-6.2644
-6.26517
-6.26378
-6.25981
-6.25867
-6.26541
-6.28159
-6.30747
-6.34012
-6.37374
-6.40403
-6.42291
-6.43184
-6.43086
-6.41168
-6.37925
-6.34031
-6.29407
-6.24923
-6.20821
-6.17667
-6.15956
-6.15421
-6.16419
-6.1872
-6.21743
-6.25584
-6.29317
-6.3214
-6.34164
-6.35026
-6.34677
-6.33479
-6.31293
-6.28559
-6.26097
-6.24109
-6.23526
-6.24579
-6.2678
-6.30147
-6.33253
-6.35778
-6.36943
-6.37008
-6.36336
-6.34752
-6.33246
-6.3217
-6.31977
-6.32635
-6.33723
-6.35023
-6.36216
-6.36828
-6.36694
-6.36575
-6.36461
-6.36661
-6.36733
-6.37026
-6.37099
-6.37238
-6.37785
-6.38496
-6.38963
-6.38841
-6.37987
-6.3672
-6.35858
-6.35216
-6.35756
-6.36368
-6.37008
-6.36866
-6.3595
-6.34247
-6.32383
-6.30676
-6.29627
-6.29229
-6.28858
-6.28232
-6.27278
-6.25414
-6.23518
-6.21556
-6.20271
-6.19544
-6.19973
-6.20711
-6.21471
-6.22479
-6.23807
-6.25337
-6.27478
-6.30001
-6.32445
-6.3415
-6.35518
-6.35415
-6.34389
-6.32477
-6.30089
-6.27813
-6.25933
-6.24815
-6.24669
-6.25557
-6.2737
-6.29865
-6.32289
-6.34753
-6.36858
-6.37953
-6.38063
-6.37592
-6.36358
-6.35173
-6.34383
-6.33457
-6.32791
-6.32282
-6.31988
-6.31242
-6.3069
-6.30257
-6.29614
-6.29029
-6.28539
-6.28041
-6.27502
-6.26823
-6.2572
-6.24564
-6.23069
-6.21188
-6.19103
-6.16833
-6.14535
-6.12292
-6.10815
-6.10551
-6.11475
-6.14124
-6.18117
-6.22716
-6.27503
-6.315
-6.34808
-6.37516
-6.38919
-6.3953
-6.38917
-6.36976
-6.34198
-6.30503
-6.27022
-6.24665
-6.24052
-6.25824
-6.28435
-6.31634
-6.34161
-6.36044
-6.36863
-6.36893
-6.36346
-6.34594
-6.32239
-6.29921
-6.27529
-6.25156
-6.23388
-6.22451
-6.22228
-6.22787
-6.24376
-6.26773
-6.29823
-6.32558
-6.35078
-6.37319
-6.39149
-6.40745
-6.41689
-6.42061
-6.41682
-6.40783
-6.38847
-6.36654
-6.33792
-6.30585
-6.27432
-6.24496
-6.214
-6.1915
-6.17311
-6.16149
-6.1574
-6.16141
-6.16788
-6.17825
-6.18622
-6.1909
-6.19251
-6.18822
-6.18077
-6.17011
-6.15998
-6.15334
-6.15398
-6.16085
-6.17663
-6.19865
-6.2253
-6.25324
-6.27642
-6.29536
-6.31236
-6.32623
-6.34366
-6.36475
-6.38477
-6.40244
-6.41652
-6.42709
-6.42755
-6.41895
-6.40429
-6.38603
-6.37115
-6.36298
-6.36519
-6.37248
-6.37848
-6.3865
-6.3875
-6.38358
-6.37426
-6.35667
-6.3376
-6.31363
-6.28899
-6.26578
-6.24831
-6.24078
-6.2425
-6.25346
-6.27403
-6.30257
-6.33293
-6.35778
-6.37231
-6.37246
-6.35284
-6.32102
-6.27995
-6.24364
-6.21106
-6.19498
-6.19781
-6.21343
-6.23818
-6.26418
-6.28681
-6.29983
-6.305
-6.30631
-6.30724
-6.31055
-6.31561
-6.32086
-6.32565
-6.32205
-6.31232
-6.29538
-6.28
-6.26853
-6.25974
-6.25711
-6.25544
-6.25497
-6.25105
-6.24558
-6.24086
-6.24246
-6.25446
-6.27133
-6.29662
-6.32418
-6.35018
-6.37525
-6.39352
-6.40645
-6.40904
-6.40769
-6.39219
-6.36984
-6.33865
-6.29796
-6.25474
-6.2066
-6.15744
-6.11103
-6.07553
-6.06245
-6.07149
-6.09841
-6.13857
-6.18743
-6.23868
-6.28467
-6.32746
-6.35576
-6.37464
-6.38076
-6.38581
-6.38515
-6.37778
-6.37209
-6.36739
-6.35867
-6.34743
-6.33288
-6.32101
-6.30919
-6.30298
-6.30297
-6.30672
-6.31928
-6.33296
-6.34273
-6.34306
-6.33161
-6.31034
-6.2883
-6.27321
-6.26319
-6.2662
-6.27511
-6.28933
-6.30376
-6.31904
-6.33119
-6.34652
-6.36178
-6.37939
-6.39654
-6.41325
-6.42191
-6.42388
-6.42269
-6.40479
-6.37937
-6.34617
-6.30399
-6.25853
-6.21695
-6.18951
-6.17227
-6.17119
-6.17812
-6.19519
-6.21726
-6.23689
-6.25232
-6.26419
-6.2677
-6.26593
-6.25631
-6.24172
-6.22091
-6.19941
-6.182
-6.1692
-6.17156
-6.18774
-6.21628
-6.25325
-6.29334
-6.32884
-6.35725
-6.37524
-6.38543
-6.38765
-6.38411
-6.38307
-6.38052
-6.37492
-6.36136
-6.34499
