-4.67916
-4.67688
-4.67597
-4.67806
-4.67969
-4.6818
-4.68531
-4.68704
-4.6873
-4.68652
-4.68647
-4.68698
-4.68644
-4.68356
-4.68514
-4.68474
-4.68348
-4.68369
-4.68188
-4.68036
-4.68048
-4.67993
-4.68042
-4.68034
-4.67781
-4.67772
-4.67737
-4.67674
-4.67761
-4.68035
-4.6819
-4.68211
-4.68262
-4.68197
-4.68137
-4.68267
-4.68419
-4.68429
-4.68663
-4.68627
-4.68411
-4.68297
-4.68446
-4.68074
-4.6804
-4.68001
-4.67968
-4.67953
-4.6793
-4.67884
-4.67971
-4.68333
-4.68221
-4.68185
-4.68309
-4.68041
-4.67967
-4.67706
-4.67676
-4.67661
-4.67626
-4.67694
-4.67765
-4.67917
-4.68359
-4.68704
-4.68845
-4.68745
-4.68594
-4.68331
-4.68216
-4.67983
-4.67657
-4.67392
-4.67235
-4.67311
-4.67588
-4.67733
-4.67984
-4.68275
-4.68424
-4.68601
-4.68704
-4.68722
-4.68801
-4.6877
-4.68502
-4.68213
-4.68285
-4.68547
-4.68495
-4.68456
-4.68327
-4.68318
-4.68091
-4.68021
-4.67846
-4.6809
-4.68238
-4.68419
-4.68565
-4.68602
-4.68654
-4.68519
-4.68524
-4.68287
-4.68335
-4.68121
-4.6794
-4.67764
-4.67866
-4.67903
-4.67921
-4.68148
-4.68474
-4.6851
-4.68723
-4.68917
-4.68539
-4.68578
-4.68416
-4.68249
-4.68119
-4.68104
-4.68101
-4.682
-4.68315
-4.68517
-4.68444
-4.68638
-4.68659
-4.68557
-4.685
-4.68492
-4.68629
-4.6837
-4.68188
-4.68297
-4.68122
-4.67904
-4.68197
-4.68144
-4.68296
-4.68268
-4.67996
-4.6791
-4.68049
-4.68101
-4.68203
-4.67741
-4.67917
-4.67862
-4.67905
-4.68032
-4.68145
-4.68397
-4.68199
-4.68091
-4.67782
-4.67747
-4.67543
-4.67534
-4.67497
-4.6795
-4.68031
-4.68135
-4.68329
-4.68216
-4.68198
-4.68105
-4.67958
-4.68035
-4.67913
-4.68063
-4.6808
-4.67929
-4.68075
-4.68198
-4.68394
-4.68365
-4.6824
-4.68275
-4.68077
-4.68025
-4.67923
-4.67997
-4.6802
-4.6793
-4.68096
-4.68114
-4.68007
-4.68112
-4.68329
-4.68371
-4.68514
-4.68521
-4.6855
-4.68267
-4.68153
-4.67841
-4.67638
-4.67437
-4.67489
-4.67714
-4.67977
-4.68192
-4.68299
-4.68504
-4.68627
-4.68811
-4.68977
-4.68895
-4.68829
-4.68665
-4.6858
-4.68553
-4.68614
-4.68638
-4.68533
-4.68214
-4.67866
-4.67823
-4.67987
-4.68043
-4.67899
-4.67867
-4.67949
-4.67997
-4.68028
-4.67952
-4.68116
-4.68398
-4.68252
-4.68252
-4.68044
-4.67605
-4.67344
-4.67458
-4.67441
-4.67547
-4.67759
-4.67799
-4.67727
-4.67919
-4.67925
-4.68057
-4.68073
-4.68
-4.6805
-4.67806
-4.67757
-4.67832
-4.6806
-4.68228
-4.68497
-4.68294
-4.68456
-4.68571
-4.68555
-4.68507
-4.6855
-4.68521
-4.68652
-4.68635
-4.68254
-4.68309
-4.68328
-4.68425
-4.68495
-4.68701
-4.6869
-4.68754
-4.68736
-4.6873
-4.68346
-4.683
-4.68088
-4.67961
-4.67939
-4.67745
-4.67778
-4.67811
-4.67965
-4.68114
-4.68114
-4.68184
-4.67952
-4.67851
-4.67919
-4.67904
-4.6806
-4.68094
-4.68109
-4.68224
-4.68063
-4.68189
-4.68117
-4.68069
-4.68022
-4.67848
-4.68059
-4.68229
-4.68188
-4.68312
-4.68391
-4.68573
-4.68526
-4.68765
-4.68644
-4.6846
-4.68484
-4.6828
-4.68027
-4.67932
-4.67841
-4.68006
-4.67933
-4.68
-4.68132
-4.68003
-4.67898
-4.68008
-4.67882
-4.67763
-4.67896
-4.67933
-4.68147
-4.6805
-4.68425
-4.68298
-4.6817
-4.6794
-4.67995
-4.68129
-4.68141
-4.68237
-4.68221
-4.68268
-4.68206
-4.68268
-4.68271
-4.67973
-4.67777
-4.67669
-4.67373
-4.67424
-4.67569
-4.67696
-4.68058
-4.68389
-4.68439
-4.68376
-4.68415
-4.68574
-4.68432
-4.68302
-4.68344
-4.68092
-4.68084
-4.67997
-4.67785
-4.67804
-4.67694
-4.67541
-4.67503
-4.6778
-4.6789
-4.68009
-4.68299
-4.68407
-4.68116
-4.68213
-4.6844
-4.68404
-4.68516
-4.68572
-4.68563
-4.68425
-4.68362
-4.67999
-4.679
-4.67819
-4.67827
-4.6773
-4.67814
-4.67846
-4.67694
-4.67778
-4.67744
-4.67725
-4.67848
-4.67883
-4.68025
-4.68183
-4.68391
-4.68568
-4.68658
-4.68726
-4.68758
-4.68595
-4.68452
-4.68326
-4.6815
-4.68019
-4.6798
-4.67902
-4.67962
-4.68134
-4.68099
-4.68079
-4.68377
-4.68228
-4.68249
-4.6856
-4.68617
-4.68528
-4.68137
-4.68148
-4.67979
-4.67934
-4.67941
-4.6805
-4.67934
-4.68079
-4.68038
-4.68042
-4.68184
-4.68267
-4.68229
-4.68233
-4.68248
-4.685
-4.68692
-4.68744
-4.68761
-4.68819
-4.6879
-4.68662
-4.68302
-4.68162
-4.67877
-4.67713
-4.6799
-4.6814
-4.68015
-4.68187
-4.68263
-4.68435
-4.68182
-4.68368
-4.6817
-4.68223
-4.68005
-4.68233
-4.68204
-4.68287
-4.68207
-4.67848
-4.67898
-4.67845
-4.67825
-4.6795
-4.68353
-4.68728
-4.68675
-4.68865
-4.68734
-4.68563
-4.68547
-4.68357
-4.68325
-4.68404
-4.68539
-4.68647
-4.68527
-4.68026
-4.67806
-4.67683
-4.67794
-4.67828
-4.67671
-4.67889
-4.67675
-4.6805
-4.6818
-4.68232
-4.6832
-4.68472
-4.68569
-4.68528
-4.68557
-4.68461
-4.68453
-4.68486
-4.68476
-4.68354
-4.68189
-4.68102
-4.6799
-4.67721
-4.67704
-4.67786
-4.67861
-4.6797
-4.6808
-4.68396
-4.68557
-4.68701
-4.68875
-4.68964
-4.69044
-4.69005
-4.69109
-4.69253
-4.6919
-4.68957
-4.68673
-4.68425
-4.68145
-4.67832
-4.67715
-4.6786
-4.67852
-4.67962
-4.67787
-4.67865
-4.68035
-4.68085
-4.68335
-4.68334
-4.68283
-4.68322
-4.68051
-4.67985
-4.67962
-4.68
-4.68264
-4.68405
-4.68472
-4.68414
-4.6869
-4.68595
-4.68168
-4.67971
-4.67948
-4.67796
-4.67939
-4.67915
-4.68072
-4.6847
-4.68605
-4.68753
-4.68975
-4.69083
-4.68945
-4.68589
-4.68608
-4.68398
-4.68372
-4.68414
-4.68187
-4.68107
-4.68112
-4.68026
-4.67749
-4.67836
-4.68202
-4.68232
-4.68426
-4.68502
-4.68529
-4.68606
-4.68849
-4.68823
-4.68883
-4.68648
-4.68351
-4.68318
-4.68323
-4.68249
-4.68184
-4.68218
-4.68324
-4.68258
-4.68159
-4.6803
-4.67866
-4.67904
-4.67927
-4.68237
-4.68214
-4.68354
-4.68513
-4.68496
-4.68612
-4.6862
-4.68592
-4.68287
-4.68017
-4.67906
-4.67978
-4.67855
-4.67831
-4.67805
-4.67935
-4.68116
-4.68009
-4.67694
-4.67645
-4.67766
-4.67814
-4.67718
-4.67726
-4.67907
-4.68075
-4.68227
-4.68367
-4.68421
-4.6849
-4.68198
-4.6801
-4.68134
-4.67804
-4.67429
-4.67414
-4.67253
-4.67307
-4.67283
-4.67296
-4.67554
-4.67658
-4.67924
-4.68175
-4.68095
-4.68279
-4.68405
-4.68196
-4.68121
-4.68005
-4.67829
-4.67862
-4.6776
-4.67634
-4.67823
-4.67916
-4.68223
-4.68582
-4.68552
-4.68703
-4.68473
-4.68367
-4.68134
-4.68138
-4.68477
-4.68481
-4.68603
-4.68702
-4.68889
-4.69036
-4.6895
-4.68877
-4.68963
-4.68974
-4.68712
-4.68677
-4.68538
-4.68463
-4.68138
-4.6815
-4.68111
-4.68069
-4.68133
-4.68165
-4.68181
-4.68264
-4.68365
-4.68425
-4.68643
-4.68368
-4.68526
-4.68346
-4.68305
-4.68094
-4.68002
-4.6794
-4.68069
-4.68091
-4.681
-4.68114
-4.67915
-4.67735
-4.67831
-4.6762
-4.67706
-4.67641
-4.67771
-4.6772
-4.68078
-4.68211
-4.68126
-4.68201
-4.68423
-4.68471
-4.68619
-4.6874
-4.68722
-4.68365
-4.68493
-4.68219
-4.68117
-4.68015
-4.67927
-4.67954
-4.67922
-4.67881
-4.6788
-4.6797
-4.68143
-4.68354
-4.68171
-4.68108
-4.6817
-4.68015
-4.67795
-4.67822
-4.67626
-4.67658
-4.67999
-4.68018
-4.68129
-4.68269
-4.68535
-4.68309
-4.68303
-4.68489
-4.6852
-4.68564
-4.6855
-4.68366
-4.68129
-4.67967
-4.67762
-4.67919
-4.68055
-4.68007
-4.67896
-4.67751
-4.67712
-4.67645
-4.67797
-4.68035
-4.67908
-4.67922
-4.68075
-4.68231
-4.68562
-4.68534
-4.68519
-4.68753
-4.68622
-4.68711
-4.68664
-4.68422
-4.68396
-4.68135
-4.6803
-4.68048
-4.68078
-4.68634
-4.68689
-4.68854
-4.68605
-4.68422
-4.68098
-4.67967
-4.68203
-4.68037
-4.67834
-4.67951
-4.67997
-4.67835
-4.67882
-4.68207
-4.68489
-4.68593
-4.68692
-4.68728
-4.68917
-4.68711
-4.68516
-4.68411
-4.68305
-4.6839
-4.68304
-4.68239
-4.6813
-4.68279
-4.68144
-4.68381
-4.6841
-4.68362
-4.68431
-4.68584
-4.68267
-4.68349
-4.6831
-4.68341
-4.68472
-4.68761
-4.68741
-4.6879
-4.6858
-4.68314
-4.68199
-4.6799
-4.6789
-4.67743
-4.67718
-4.67824
-4.68091
-4.6815
-4.68201
-4.68159
-4.68207
-4.68385
-4.6835
-4.68251
-4.68233
-4.68005
-4.68081
-4.68386
-4.68487
-4.68404
-4.68262
-4.68351
-4.68259
-4.68173
-4.68218
-4.68187
-4.68239
-4.68287
-4.68558
-4.68673
-4.68328
-4.68266
-4.67947
-4.6781
-4.6784
-4.67657
-4.67783
-4.67701
-4.67612
-4.67454
-4.67386
-4.67599
-4.67827
-4.67935
-4.67965
-4.68016
-4.68033
-4.6798
-4.68004
-4.68102
-4.6782
-4.67676
-4.67437
-4.67764
-4.67748
-4.67978
-4.68349
-4.68387
-4.68316
-4.68164
-4.68183
-4.68123
-4.68119
-4.68224
-4.68338
-4.68407
-4.68305
-4.68101
-4.68146
-4.68005
-4.68003
-4.67782
-4.67768
-4.67814
-4.67636
-4.67665
-4.67633
-4.67836
-4.67943
-4.6804
-4.68045
-4.68148
-4.68494
-4.68475
-4.68624
-4.68641
-4.68494
-4.68549
-4.68425
-4.68419
-4.68142
-4.68342
-4.68054
-4.67998
-4.6789
-4.67535
-4.67514
-4.67476
-4.67572
-4.67671
-4.67793
-4.68273
-4.68665
-4.68719
-4.686
-4.68606
-4.68721
-4.68635
-4.68907
-4.68674
-4.68567
-4.68187
-4.68452
-4.68586
-4.68223
-4.68086
-4.68165
-4.68072
-4.68013
-4.67838
-4.67975
-4.67941
-4.68058
-4.68191
-4.68
-4.68106
-4.68129
-4.68126
-4.68054
-4.67884
-4.67625
-4.67657
-4.68078
-4.6815
-4.68448
-4.68422
-4.68418
-4.68317
-4.68401
-4.68268
-4.6841
-4.68368
-4.68351
-4.68217
-4.68215
-4.67892
-4.67645
-4.68
-4.67701
-4.67696
-4.6787
-4.67853
-4.67762
-4.67704
-4.68086
-4.68133
-4.68393
-4.68295
-4.68445
-4.6875
-4.68828
-4.68787
-4.68863
-4.68673
-4.68577
-4.68349
-4.68258
-4.68057
-4.68022
-4.682
-4.68107
-4.68313
-4.68429
-4.68416
-4.68343
-4.68332
-4.68233
-4.68263
-4.68289
-4.6847
-4.68463
-4.68129
-4.6812
-4.68124
-4.68206
-4.67995
-4.67904
