1.17743
1.1568
1.13366
1.11346
1.10096
1.09878
1.10672
1.12222
1.14161
1.16146
1.17945
1.19435
1.20562
1.21275
1.21509
1.21225
1.20442
1.1926
1.1784
1.16374
1.15094
1.14241
1.13968
1.14229
1.14745
1.15139
1.15125
1.14619
1.13715
1.12588
1.11375
1.10103
1.08737
1.07299
1.05967
1.05099
1.05136
1.06382
1.08799
1.11978
1.15323
1.18292
1.20549
1.21981
1.22626
1.22636
1.22243
1.21772
1.2162
1.22164
1.23594
1.25761
1.28171
1.3018
1.31214
1.30887
1.2905
1.25837
1.21643
1.17023
1.12554
1.08771
1.0619
1.05257
1.06177
1.08731
1.12281
1.16006
1.19174
1.21298
1.22148
1.2171
1.20149
1.17811
1.15202
1.12881
1.11268
1.10509
1.10496
1.11042
1.1201
1.13344
1.14996
1.16871
1.18768
1.20384
1.21388
1.21532
1.20748
1.19149
1.16998
1.14621
1.12335
1.10375
1.08861
1.07802
1.07153
1.06872
1.06958
1.07419
1.08252
1.09409
1.10783
1.1222
1.13539
1.14602
1.1533
1.15688
1.15664
1.15275
1.14602
1.13827
1.1323
1.13161
1.13933
1.15697
1.18293
1.21235
1.23885
1.25655
1.26143
1.25172
1.22841
1.19573
1.16078
1.13154
1.11389
1.10939
1.11578
1.12909
1.14559
1.16268
1.17874
1.1925
1.20268
1.20836
1.20959
1.20792
1.20613
1.20666
1.21009
1.21535
1.22074
1.22473
1.22609
1.22383
1.21754
1.20749
1.19465
1.18045
1.16635
1.15418
1.14618
1.14448
1.14946
1.15864
1.16757
1.17236
1.17127
1.16456
1.1537
1.14084
1.12855
1.11953
1.11591
1.11809
1.1243
1.13127
1.13582
1.13619
1.13237
1.12583
1.11876
1.11279
1.10826
1.10478
1.1022
1.10111
1.10221
1.10593
1.11228
1.12129
1.13271
1.14575
1.15916
1.17155
1.18161
1.18808
1.19015
1.18812
1.1838
1.18036
1.18148
1.18989
1.20543
1.22449
1.24153
1.25162
1.25184
1.24115
1.21979
1.18932
1.15308
1.11601
1.08361
1.06041
1.04905
1.0504
1.06389
1.08759
1.11837
1.15241
1.18586
1.21566
1.23988
1.25762
1.26834
1.27155
1.26697
1.25509
1.23753
1.21732
1.19791
1.18192
1.16994
1.16108
1.15401
1.14809
1.14372
1.14237
1.14552
1.15332
1.16399
1.17423
1.18051
1.17974
1.16983
1.15068
1.12519
1.09906
1.07863
1.06765
1.06634
1.07301
1.08586
1.10279
1.12065
1.13538
1.14331
1.14277
1.13476
1.12269
1.11092
1.10307
1.10073
1.10332
1.10915
1.11678
1.12564
1.1357
1.14686
1.15856
1.17032
1.18259
1.19681
1.21447
1.23614
1.26101
1.28734
1.31322
1.33684
1.35652
1.37079
1.37832
1.37761
1.3671
1.34592
1.31453
1.27508
1.23107
1.18684
1.1472
1.11669
1.09856
1.09333
1.09812
1.10787
1.11729
1.12299
1.12445
1.12372
1.12396
1.12738
1.13346
1.13922
1.14129
1.13809
1.13029
1.12009
1.11
1.10238
1.0992
1.10193
1.11128
1.12697
1.14761
1.17098
1.19438
1.2151
1.23063
1.23914
1.2398
1.23306
1.22054
1.20465
1.18785
1.1721
1.1585
1.14746
1.13896
1.13259
1.12761
1.12322
1.11923
1.11674
1.11801
1.12502
1.13778
1.15383
1.16958
1.18186
1.18917
1.19221
1.19366
1.19685
1.20411
1.21574
1.2299
1.24368
1.25396
1.25829
1.25531
1.24486
1.22789
1.20658
1.18429
1.16542
1.15413
1.15263
1.16018
1.17361
1.18902
1.20347
1.2156
1.22492
1.23036
1.23022
1.22345
1.21061
1.19316
1.17195
1.14706
1.11975
1.09322
1.0715
1.05743
1.05174
1.05338
1.06057
1.07166
1.08554
1.10176
1.12032
1.14118
1.16378
1.18674
1.20798
1.2251
1.23608
1.23971
1.23584
1.22525
1.20953
1.19053
1.16985
1.14866
1.12779
1.10789
1.0898
1.07447
1.06291
1.05588
1.0541
1.05849
1.07028
1.09035
1.11807
1.15071
1.18369
1.21199
1.23145
1.23978
1.23686
1.22486
1.20758
1.18945
1.17423
1.16406
1.15903
1.15795
1.15981
1.16465
1.1731
1.18553
1.201
1.21674
1.22917
1.23585
1.23658
1.23295
1.22673
1.21889
1.20963
1.19899
1.18739
1.1756
1.16441
1.15431
1.1458
1.13954
1.13635
1.13691
1.14188
1.15123
1.16337
1.17496
1.18183
1.18056
1.16958
1.14956
1.12324
1.09451
1.06742
1.04527
1.02998
1.02237
1.02265
1.03082
1.04674
1.06981
1.09854
1.13041
1.1623
1.19107
1.21414
1.22969
1.237
1.23645
1.2292
1.21698
1.20197
1.18705
1.17585
1.17186
1.1764
1.18748
1.20088
1.21264
1.2209
1.22621
1.23047
1.23534
1.24106
1.24635
1.24896
1.24667
1.23806
1.22277
1.20105
1.17385
1.14311
1.11201
1.08448
1.06404
1.0527
1.05056
1.05603
1.06679
1.0807
1.09662
1.11443
1.13452
1.15687
1.18032
1.20246
1.21995
1.22938
1.22833
1.21626
1.19472
1.1672
1.13826
1.11262
1.09379
1.0831
1.07984
1.08225
1.08867
1.09836
1.11166
1.12987
1.15439
1.18517
1.21947
1.25229
1.27797
1.2919
1.2911
1.2744
1.24283
1.19984
1.15149
1.10548
1.06904
1.04697
1.04053
1.04813
1.06634
1.09096
1.11772
1.14271
1.16258
1.17508
1.17976
1.17852
1.1752
1.1745
1.18039
1.19423
1.21362
1.23302
1.24612
1.2483
1.23803
1.21702
1.18938
1.16001
1.13364
1.11437
1.10579
1.11088
1.13031
1.16036
1.19331
1.22158
1.24102
1.25146
1.25485
1.25321
1.24752
1.23756
1.22234
1.20081
1.17259
1.13908
1.10409
1.07361
1.05298
1.04432
1.04681
1.05897
1.07976
1.1077
1.14023
1.17414
1.20644
1.23478
1.25706
1.27128
1.27582
1.27034
1.25647
1.23698
1.21426
1.18916
1.16153
1.13228
1.10509
1.08593
1.07927
1.08474
1.09819
1.1154
1.13416
1.15415
1.17533
1.19605
1.21304
1.22316
1.2251
1.21956
1.20849
1.19431
1.17939
1.16584
1.15538
1.14889
1.14604
1.14541
1.14509
1.14372
1.14153
1.14064
1.14423
1.15481
1.1726
1.19542
1.21958
1.24119
1.25711
1.26501
1.2634
1.2518
1.23087
1.20255
1.16996
1.13681
1.10704
1.08391
1.06952
1.06485
1.07018
1.08515
1.10781
1.13451
1.16085
1.183
1.19833
1.20548
1.20422
1.19523
1.18001
1.16097
1.1416
1.12641
1.1199
1.12495
1.14125
1.16473
1.1891
1.20832
1.21854
1.21897
1.21158
1.19998
1.1881
1.17951
1.17673
1.18045
1.18903
1.19906
1.20714
1.21153
1.21247
1.21186
1.21205
1.21406
1.21697
1.21902
1.21984
1.22116
1.22468
1.22964
1.23294
1.23144
1.22447
1.21476
1.20687
1.2042
1.20699
1.21278
1.21775
1.21826
1.21224
1.20026
1.18571
1.17308
1.16535
1.16234
1.1611
1.15784
1.15017
1.1381
1.12363
1.10978
1.09944
1.0945
1.09502
1.09943
1.1056
1.11241
1.12048
1.13131
1.14586
1.16339
1.18138
1.19643
1.20549
1.20675
1.20001
1.18679
1.16999
1.15318
1.13968
1.13182
1.13076
1.13658
1.14855
1.16523
1.18428
1.20273
1.21765
1.22678
1.2292
1.22556
1.21798
1.20909
1.20083
1.19393
1.18825
1.1835
1.17941
1.17562
1.17163
1.1671
1.16217
1.15758
1.1541
1.15182
1.14962
1.14585
1.1393
1.12971
1.11779
1.1044
1.08999
1.07448
1.05798
1.04209
1.03019
1.02652
1.0342
1.05344
1.08148
1.11392
1.14645
1.17585
1.20012
1.21818
1.22938
1.23319
1.22906
1.21666
1.19656
1.17149
1.14684
1.1295
1.1248
1.13367
1.15233
1.17448
1.19477
1.20985
1.21821
1.21939
1.21366
1.20209
1.18638
1.1686
1.15079
1.13465
1.12138
1.11216
1.10846
1.11179
1.12267
1.1399
1.16079
1.18228
1.2021
1.21924
1.23338
1.24442
1.25194
1.25514
1.25317
1.24552
1.23237
1.21461
1.1935
1.17043
1.14689
1.12433
1.10405
1.08701
1.07387
1.06516
1.06121
1.06202
1.06689
1.07411
1.08146
1.08684
1.08885
1.08725
1.08255
1.07584
1.06862
1.063
1.0615
1.06609
1.07724
1.09363
1.11274
1.13184
1.14902
1.16358
1.17613
1.18793
1.2001
1.21326
1.22714
1.24066
1.25198
1.25905
1.26006
1.25441
1.24338
1.23027
1.21902
1.2127
1.21232
1.21681
1.22372
1.23003
1.2331
1.23124
1.22421
1.21271
1.19786
1.18096
1.16362
1.14783
1.13556
1.12851
1.12808
1.1353
1.1501
1.17057
1.19262
1.21115
1.22159
1.22098
1.20872
1.18654
1.1583
1.12938
1.10571
1.09228
1.09162
1.10275
1.12134
1.14145
1.15783
1.16778
1.17158
1.17177
1.17162
1.17352
1.17798
1.1833
1.18647
1.18488
1.17779
1.16704
1.15591
1.14719
1.14208
1.13994
1.13897
1.13712
1.13348
1.12877
1.12529
1.12571
1.13193
1.14438
1.16176
1.18177
1.20183
1.21974
1.23399
1.24348
1.2474
1.24495
1.23574
1.21982
1.19785
1.17073
1.13932
1.10444
1.06784
1.03322
1.0064
0.993327
0.997055
1.01632
1.04652
1.08216
1.11874
1.15296
1.18221
1.20459
1.21916
1.22642
1.22816
1.22669
1.22398
1.22083
1.21682
1.21113
1.20335
1.19401
1.18434
1.17596
1.17056
1.16958
1.17372
1.18211
1.19193
1.19909
1.19987
1.19274
1.17911
1.16278
1.14868
1.14083
1.14084
1.14754
1.15796
1.16923
1.17977
1.18962
1.19977
1.21123
1.22421
1.23772
1.24994
1.25863
1.26188
1.25841
1.24752
1.229
1.20348
1.1728
1.14027
1.11033
1.08749
1.07456
1.07186
1.07764
1.08901
1.10289
1.11665
1.12822
1.13633
1.14029
1.1397
1.13434
1.12436
1.11064
1.09519
1.08117
1.07251
1.07272
1.08368
1.10462
1.13215
1.16151
1.18816
1.20869
1.22163
1.22775
1.22942
1.22929
1.2286
1.2267
1.22201
1.21365
1.20237
