0.0345996 0 0
0.0576661 0 0
0.0807325 0 0
0.103799 0 0
0.126865 0 0
0.149932 0 0
0.172998 0 0
0.196065 0 0
0.219131 0 0
0.242198 0 0
0.265264 0 0
0.28833 0 0
0.311397 0 0
0.334463 0 0
0.35753 0 0
0.380596 0 0
0.403663 0 0
0.426729 0 0
0.449795 0 0
0.472862 0 0
0.495928 0 0
0.518995 0 0
0.542061 0 0
0.565128 0 0
0.588194 0 0
0.61126 0 0
0.634327 0 0
0.657393 0 0
0.68046 0 0
0.703526 0 0
0.726593 0 0
0.749659 0 0
0.772725 0 0
0.795792 0 0
0.818858 0 0
0.841925 0 0
0.864991 0 0
0.888058 0 0
0.911124 0.000699593 0.00049461
0.93419 0.0106476 0.00156408
0.957257 0.0766886 0.0043236
0.980323 0.293698 0.00789267
1.00339 0.737795 0.0107891
1.02646 1.26505 0.0122585
1.04952 1.72677 0.00835075
1.07259 2.01273 0.00580588
1.09566 2.00169 0.00714885
1.11872 1.86664 0.00762029
1.14179 1.5552 0.010263
1.16485 1.21665 0.00983094
1.18792 0.890207 0.00938573
1.21099 0.629296 0.00702337
1.23405 0.400435 0.00647621
1.25712 0.253208 0.00605814
1.28019 0.156812 0.00432385
1.30325 0.0930086 0.00373903
1.32632 0.0648752 0.00327986
1.34939 0.055659 0.00299947
1.37245 0.0642872 0.00332733
1.39552 0.0931949 0.00407864
1.41859 0.120348 0.00356496
1.44165 0.173394 0.00440603
1.46472 0.240662 0.00409219
1.48778 0.287702 0.00512673
1.51085 0.344501 0.00515708
1.53392 0.384203 0.00622884
1.55698 0.387158 0.00574793
1.58005 0.387452 0.00504071
1.60312 0.351185 0.0052249
1.62618 0.302201 0.0050587
1.64925 0.246832 0.00380756
1.67232 0.195316 0.0046482
1.69538 0.17357 0.00446538
1.71845 0.165205 0.00426875
1.74152 0.225488 0.00511273
1.76458 0.319515 0.00496306
1.78765 0.465712 0.0046872
1.81071 0.641071 -nan
1.83378 0.823059 -nan
1.85685 0.999653 -nan
1.87991 1.09886 -nan
1.90298 1.13196 -nan
1.92605 1.07605 -nan
1.94911 0.959843 -nan
1.97218 0.797606 -nan
1.99525 0.631777 -nan
2.01831 0.480476 0.000590958
2.04138 0.374489 0.00396066
2.06445 0.325899 0.00392683
2.08751 0.305875 0.00451893
2.11058 0.335928 0.0023931
2.13364 0.374887 0.00170097
2.15671 0.416482 0.00323861
2.17978 0.437967 0.00308884
2.20284 0.424894 0.00222602
2.22591 0.423049 0.00208656
2.24898 0.38169 0.00155477
2.27204 0.354065 0.00271573
2.29511 0.347094 0.00240667
2.31818 0.35827 0.00215789
