1.6318
1.60354
1.57185
1.5442
1.52708
1.52411
1.535
1.55624
1.58279
1.60996
1.6346
1.655
1.67043
1.68018
1.6834
1.6795
1.66877
1.6526
1.63314
1.61306
1.59553
1.58385
1.58012
1.58369
1.59075
1.59614
1.59595
1.58902
1.57664
1.56122
1.54462
1.52719
1.50849
1.48881
1.47056
1.45868
1.45919
1.47626
1.50936
1.55289
1.59868
1.63933
1.67024
1.68984
1.69867
1.6988
1.69342
1.68697
1.68488
1.69233
1.71192
1.7416
1.7746
1.80212
1.81628
1.81179
1.78663
1.74262
1.68519
1.62193
1.56073
1.50894
1.47359
1.46083
1.47344
1.50843
1.55704
1.60805
1.65142
1.6805
1.69214
1.68613
1.66474
1.6327
1.59698
1.5652
1.54312
1.53274
1.53257
1.54006
1.55332
1.57159
1.59422
1.61989
1.64587
1.668
1.68174
1.6837
1.67297
1.65108
1.62163
1.58908
1.55776
1.53093
1.51019
1.49569
1.48679
1.48295
1.48414
1.49045
1.50186
1.51771
1.53653
1.55619
1.57426
1.5888
1.59877
1.60366
1.60333
1.598
1.58879
1.57818
1.57001
1.56907
1.57966
1.6038
1.63937
1.67966
1.71593
1.74017
1.74685
1.73355
1.70162
1.65687
1.609
1.56898
1.54481
1.53865
1.54741
1.56564
1.58823
1.61163
1.63362
1.65245
1.66641
1.67417
1.67585
1.67357
1.67111
1.67183
1.67653
1.68373
1.69112
1.69658
1.69843
1.69534
1.68673
1.67297
1.65539
1.63592
1.61663
1.59996
1.58901
1.58668
1.59351
1.60609
1.61832
1.62487
1.62335
1.61417
1.59929
1.58168
1.56485
1.55251
1.54756
1.55056
1.55907
1.5686
1.57484
1.57534
1.57011
1.56115
1.55147
1.54329
1.5371
1.53231
1.5288
1.5273
1.52882
1.53391
1.5426
1.55494
1.57057
1.58842
1.60678
1.62375
1.63753
1.64639
1.64923
1.64645
1.64053
1.63581
1.63737
1.64889
1.67017
1.69627
1.7196
1.7334
1.7337
1.71904
1.6898
1.64807
1.59843
1.54769
1.50333
1.47157
1.45603
1.45789
1.47636
1.50882
1.55098
1.59758
1.64338
1.68417
1.71735
1.74164
1.75632
1.76071
1.75444
1.73815
1.71409
1.68641
1.65985
1.63795
1.62155
1.60941
1.59974
1.59162
1.58565
1.5838
1.58811
1.59881
1.61341
1.62743
1.63602
1.63495
1.62137
1.59516
1.56024
1.52447
1.49651
1.48147
1.47967
1.48882
1.50641
1.5296
1.55406
1.57422
1.58509
1.58434
1.57337
1.55684
1.54074
1.52999
1.5268
1.53033
1.53833
1.54877
1.56091
1.57469
1.58996
1.60599
1.6221
1.6389
1.65835
1.68254
1.71222
1.74627
1.78233
1.81777
1.85012
1.87706
1.89661
1.90692
1.90593
1.89154
1.86253
1.81954
1.76552
1.70524
1.64468
1.5904
1.54863
1.52381
1.51665
1.52322
1.53655
1.54944
1.55725
1.55926
1.55826
1.55859
1.56328
1.57161
1.57949
1.58232
1.57794
1.56726
1.55328
1.53947
1.52904
1.52469
1.52842
1.54123
1.56273
1.591
1.62299
1.65504
1.68341
1.70467
1.71632
1.71722
1.70798
1.69083
1.66907
1.64607
1.6245
1.60588
1.59077
1.57913
1.57039
1.56358
1.55757
1.5521
1.5487
1.55043
1.56005
1.57751
1.5995
1.62107
1.63788
1.64788
1.65204
1.65403
1.6584
1.66835
1.68427
1.70366
1.72253
1.73661
1.74253
1.73845
1.72412
1.70088
1.67169
1.64118
1.61534
1.59989
1.59784
1.60819
1.62659
1.64769
1.66748
1.6841
1.69686
1.70429
1.70411
1.69483
1.67724
1.65334
1.62428
1.59021
1.55281
1.51648
1.48673
1.46748
1.45969
1.46194
1.47179
1.48699
1.50598
1.52819
1.55362
1.58219
1.61313
1.64458
1.67365
1.6971
1.71213
1.71708
1.71178
1.69728
1.67575
1.64973
1.62141
1.5924
1.56382
1.53657
1.5118
1.49081
1.47498
1.46536
1.46292
1.46894
1.4851
1.51259
1.55055
1.59524
1.6404
1.67915
1.70579
1.71719
1.71319
1.69674
1.67309
1.64825
1.62742
1.6135
1.60662
1.60514
1.60769
1.61431
1.62588
1.64292
1.6641
1.68565
1.70266
1.71181
1.7128
1.70783
1.69931
1.68858
1.67589
1.66133
1.64544
1.6293
1.61398
1.60015
1.5885
1.57993
1.57556
1.57634
1.58316
1.59596
1.61258
1.62846
1.63786
1.63611
1.62106
1.59364
1.55759
1.51824
1.48116
1.45083
1.4299
1.41949
1.41987
1.43106
1.45286
1.48446
1.52378
1.56743
1.61109
1.65049
1.68209
1.70338
1.71338
1.71261
1.70269
1.68596
1.6654
1.64498
1.62966
1.62421
1.63042
1.6456
1.66394
1.68004
1.69136
1.69861
1.70445
1.71111
1.71895
1.72621
1.72977
1.72662
1.71482
1.69387
1.66413
1.62689
1.5848
1.54222
1.50451
1.47654
1.46101
1.45809
1.46559
1.48032
1.49938
1.52117
1.54555
1.57307
1.60366
1.63578
1.6661
1.69005
1.70295
1.70151
1.68497
1.65547
1.61779
1.57816
1.54305
1.51727
1.50264
1.49818
1.50149
1.51029
1.52356
1.54178
1.56672
1.6003
1.64244
1.68942
1.73436
1.76951
1.78858
1.78748
1.76459
1.72136
1.66248
1.59628
1.53327
1.48339
1.45315
1.44433
1.45475
1.47969
1.51341
1.55006
1.58427
1.61149
1.62859
1.635
1.6333
1.62875
1.6278
1.63588
1.65483
1.68137
1.70795
1.72588
1.72886
1.71479
1.68602
1.64816
1.60794
1.57184
1.54546
1.53372
1.5407
1.56731
1.60846
1.6536
1.6923
1.7189
1.73319
1.73783
1.73558
1.7278
1.71416
1.6933
1.66382
1.62518
1.57927
1.53138
1.48965
1.46141
1.44955
1.45296
1.46962
1.49809
1.53635
1.5809
1.62734
1.67156
1.71035
1.74086
1.76033
1.76654
1.75904
1.74004
1.71336
1.68225
1.64788
1.61004
1.56997
1.53275
1.50651
1.4974
1.50489
1.52332
1.54688
1.57257
1.59995
1.62896
1.65733
1.68058
1.69442
1.69708
1.6895
1.67433
1.65492
1.63448
1.61593
1.60161
1.59272
1.58881
1.58795
1.58751
1.58563
1.58263
1.58141
1.58633
1.60084
1.6252
1.65645
1.68953
1.71914
1.74092
1.75173
1.74952
1.73364
1.70496
1.66617
1.62154
1.57616
1.53538
1.50371
1.48402
1.47763
1.48494
1.50545
1.53648
1.57304
1.60911
1.63944
1.66043
1.67021
1.66848
1.65617
1.63533
1.60925
1.58274
1.56193
1.55303
1.55997
1.58228
1.61444
1.6478
1.67411
1.6881
1.68869
1.67859
1.6627
1.64643
1.63468
1.63088
1.63598
1.64773
1.66145
1.67253
1.67854
1.67982
1.67898
1.67923
1.68198
1.68595
1.68876
1.68988
1.69169
1.69651
1.7033
1.70782
1.70577
1.69623
1.68294
1.67215
1.66848
1.6723
1.68022
1.68703
1.68772
1.67947
1.66306
1.64314
1.62585
1.61527
1.61114
1.60943
1.60497
1.59447
1.57794
1.55812
1.53915
1.52501
1.51823
1.51895
1.525
1.53345
1.54279
1.55384
1.56866
1.5886
1.61261
1.63724
1.65784
1.67025
1.67197
1.66272
1.64462
1.62161
1.59859
1.58011
1.56934
1.56789
1.57587
1.59227
1.61511
1.64119
1.66645
1.68688
1.69938
1.70268
1.6977
1.68732
1.67514
1.66385
1.65439
1.64662
1.64013
1.63453
1.62933
1.62387
1.61768
1.61093
1.60464
1.59988
1.59675
1.59373
1.58857
1.57958
1.56645
1.55014
1.53181
1.51206
1.49083
1.46822
1.44646
1.43018
1.42516
1.43567
1.46202
1.50042
1.54484
1.58941
1.62966
1.66289
1.68763
1.70297
1.70819
1.70253
1.68554
1.65802
1.62368
1.58992
1.56617
1.55973
1.57191
1.59746
1.6278
1.65557
1.67622
1.68765
1.68926
1.68143
1.66557
1.64405
1.6197
1.59532
1.57322
1.55505
1.54243
1.53739
1.54194
1.55684
1.58045
1.60906
1.63847
1.66561
1.68907
1.70844
1.72355
1.73384
1.73822
1.73552
1.72505
1.70704
1.68273
1.65383
1.62223
1.59001
1.55912
1.53133
1.508
1.49001
1.47808
1.47268
1.4738
1.48047
1.49036
1.50042
1.50776
1.51051
1.50832
1.50187
1.49268
1.4828
1.47511
1.47307
1.47936
1.49461
1.51706
1.54323
1.5694
1.59292
1.61285
1.63003
1.64618
1.66285
1.68089
1.6999
1.7184
1.7339
1.74358
1.74496
1.73722
1.72212
1.70416
1.68876
1.68012
1.67961
1.68575
1.6952
1.70384
1.70803
1.70548
1.69586
1.6801
1.65977
1.63663
1.61288
1.59124
1.57444
1.56479
1.56423
1.57411
1.59439
1.62241
1.65261
1.67798
1.69227
1.69144
1.67464
1.64426
1.60558
1.566
1.53358
1.5152
1.51432
1.52956
1.55502
1.58254
1.60497
1.61859
1.6238
1.62406
1.62386
1.62647
1.63257
1.63985
1.64419
1.642
1.63229
1.61756
1.60232
1.59038
1.58338
1.58046
1.57912
1.5766
1.57162
1.56517
1.56041
1.56099
1.56953
1.58657
1.61038
1.63777
1.66524
1.68977
1.70926
1.72226
1.72762
1.72427
1.71165
1.68986
1.65976
1.62261
1.5796
1.53184
1.48172
1.43432
1.3976
1.37972
1.38484
1.41123
1.45258
1.50138
1.55147
1.59832
1.63838
1.66902
1.68897
1.6989
1.70129
1.69928
1.69556
1.69124
1.68574
1.67795
1.6673
1.6545
1.64126
1.62979
1.6224
1.62106
1.62672
1.63822
1.65167
1.66147
1.66253
1.65277
1.63409
1.61173
1.59243
1.5817
1.58171
1.59089
1.60516
1.62059
1.63503
1.64851
1.66241
1.67811
1.69588
1.71437
1.7311
1.74299
1.74743
1.74269
1.72777
1.70241
1.66747
1.62546
1.58091
1.53991
1.50865
1.49094
1.48726
1.49517
1.51074
1.52976
1.54861
1.56445
1.57556
1.58097
1.58016
1.57281
1.55914
1.54034
1.51919
1.5
1.48813
1.48843
1.50345
1.53212
1.56982
1.61002
1.6465
1.67462
1.69234
1.70072
1.70302
1.70282
1.70187
1.69928
1.69286
1.68141
1.66595
