1.08786
1.06903
1.0479
1.02947
1.01806
1.01607
1.02333
1.03749
1.05519
1.0733
1.08974
1.10333
1.11362
1.12012
1.12227
1.11967
1.11252
1.10173
1.08876
1.07537
1.06369
1.0559
1.05341
1.05579
1.0605
1.06409
1.06397
1.05935
1.0511
1.04081
1.02974
1.01813
1.00566
0.992537
0.980372
0.972453
0.972797
0.984171
1.00624
1.03526
1.06579
1.09289
1.1135
1.12656
1.13244
1.13254
1.12895
1.12464
1.12326
1.12822
1.14128
1.16107
1.18307
1.20141
1.21085
1.20786
1.19109
1.16175
1.12346
1.08129
1.04049
1.00596
0.982396
0.973884
0.982293
1.00562
1.03803
1.07203
1.10095
1.12033
1.12809
1.12408
1.10982
1.08847
1.06465
1.04347
1.02875
1.02182
1.02171
1.02671
1.03555
1.04773
1.06281
1.07993
1.09725
1.112
1.12116
1.12247
1.11531
1.10072
1.08109
1.05938
1.03851
1.02062
1.00679
0.997124
0.991193
0.988632
0.989424
0.993636
1.00124
1.01181
1.02435
1.03746
1.04951
1.0592
1.06585
1.06911
1.06889
1.06533
1.05919
1.05212
1.04667
1.04605
1.05311
1.0692
1.09291
1.11977
1.14396
1.16011
1.16456
1.1557
1.13441
1.10458
1.07267
1.04599
1.02988
1.02577
1.03161
1.04376
1.05882
1.07442
1.08908
1.10164
1.11094
1.11612
1.11724
1.11572
1.11407
1.11455
1.11769
1.12249
1.12741
1.13106
1.13229
1.13023
1.12448
1.11531
1.1036
1.09062
1.07775
1.06664
1.05934
1.05779
1.06234
1.07072
1.07888
1.08325
1.08224
1.07611
1.06619
1.05445
1.04323
1.03501
1.03171
1.03371
1.03938
1.04573
1.04989
1.05023
1.04674
1.04076
1.03431
1.02886
1.02473
1.02154
1.0192
1.0182
1.01921
1.0226
1.0284
1.03662
1.04704
1.05895
1.07119
1.0825
1.09169
1.09759
1.09949
1.09763
1.09369
1.09054
1.09158
1.09926
1.11345
1.13085
1.1464
1.1556
1.1558
1.14603
1.12653
1.09871
1.06562
1.0318
1.00222
0.981049
0.970685
0.971924
0.98424
1.00588
1.03398
1.06505
1.09559
1.12278
1.1449
1.16109
1.17088
1.1738
1.16963
1.15877
1.14273
1.12427
1.10656
1.09197
1.08103
1.07294
1.06649
1.06108
1.0571
1.05586
1.05874
1.06587
1.07561
1.08496
1.09068
1.08997
1.08092
1.06344
1.04016
1.01631
0.997671
0.987644
0.986445
0.992546
1.00428
1.01974
1.03604
1.04948
1.05672
1.05623
1.04891
1.03789
1.02716
1.02
1.01787
1.02022
1.02555
1.03251
1.0406
1.04979
1.05997
1.07066
1.0814
1.0926
1.10556
1.12169
1.14148
1.16418
1.18822
1.21185
1.23341
1.25137
1.26441
1.27128
1.27062
1.26102
1.24169
1.21303
1.17701
1.13683
1.09645
1.06026
1.03242
1.01587
1.0111
1.01548
1.02437
1.03296
1.03817
1.03951
1.03884
1.03906
1.04219
1.04774
1.05299
1.05488
1.05196
1.04484
1.03552
1.02631
1.01936
1.01646
1.01895
1.02749
1.04182
1.06066
1.08199
1.10336
1.12227
1.13645
1.14422
1.14481
1.13866
1.12722
1.11271
1.09738
1.083
1.07058
1.06051
1.05275
1.04693
1.04239
1.03838
1.03474
1.03247
1.03362
1.04003
1.05167
1.06633
1.08071
1.09192
1.09859
1.10136
1.10269
1.1056
1.11223
1.12285
1.13578
1.14835
1.15774
1.16169
1.15896
1.14941
1.13392
1.11446
1.09412
1.07689
1.06659
1.06523
1.07213
1.0844
1.09846
1.11166
1.12273
1.13124
1.1362
1.13607
1.12989
1.11816
1.10223
1.08286
1.06014
1.03521
1.01098
0.991154
0.978317
0.973125
0.974624
0.981196
0.991324
1.00398
1.01879
1.03575
1.05479
1.07542
1.09638
1.11577
1.1314
1.14142
1.14472
1.14118
1.13152
1.11717
1.09982
1.08094
1.0616
1.04254
1.02438
1.00787
0.993873
0.983321
0.976906
0.975282
0.979295
0.990068
1.00839
1.0337
1.0635
1.0936
1.11943
1.1372
1.1448
1.14213
1.13116
1.11539
1.09884
1.08495
1.07567
1.07108
1.07009
1.0718
1.0762
1.08392
1.09528
1.1094
1.12377
1.13511
1.14121
1.14187
1.13855
1.13287
1.12572
1.11726
1.10755
1.09696
1.0862
1.07599
1.06677
1.059
1.05329
1.05037
1.0509
1.05544
1.06398
1.07505
1.08564
1.09191
1.09074
1.08071
1.06243
1.03839
1.01216
0.987439
0.967222
0.953269
0.946326
0.946578
0.95404
0.968571
0.989638
1.01585
1.04495
1.07406
1.10033
1.12139
1.13558
1.14226
1.14174
1.13513
1.12397
1.11027
1.09665
1.08644
1.08281
1.08695
1.09707
1.1093
1.12003
1.12757
1.13241
1.1363
1.14074
1.14597
1.1508
1.15318
1.15108
1.14321
1.12925
1.10942
1.0846
1.05653
1.02815
1.00301
0.984359
0.97401
0.972061
0.977058
0.986879
0.999585
1.01412
1.03037
1.04871
1.06911
1.09052
1.11073
1.1267
1.1353
1.13434
1.12331
1.10365
1.07852
1.05211
1.0287
1.01152
1.00176
0.998789
1.001
1.00686
1.01571
1.02786
1.04448
1.06687
1.09496
1.12628
1.15624
1.17967
1.19239
1.19165
1.17639
1.14757
1.10832
1.06419
1.02218
0.988925
0.968768
0.962887
0.969832
0.986462
1.00894
1.03337
1.05618
1.07433
1.08573
1.09
1.08887
1.08584
1.0852
1.09059
1.10322
1.12091
1.13863
1.15059
1.15257
1.14319
1.12401
1.09877
1.07196
1.04789
1.0303
1.02248
1.02713
1.04487
1.07231
1.1024
1.1282
1.14594
1.15546
1.15855
1.15706
1.15186
1.14277
1.12887
1.10921
1.08345
1.05285
1.02092
0.9931
0.974271
0.966365
0.96864
0.979747
0.998728
1.02424
1.05393
1.08489
1.11437
1.14023
1.16057
1.17355
1.17769
1.17269
1.16003
1.14224
1.1215
1.09858
1.07336
1.04665
1.02183
1.00434
0.998266
1.00326
1.01554
1.03126
1.04838
1.06664
1.08597
1.10489
1.12039
1.12961
1.13139
1.12633
1.11622
1.10328
1.08965
1.07729
1.06774
1.06182
1.05921
1.05863
1.05834
1.05709
1.05509
1.05427
1.05756
1.06722
1.08347
1.1043
1.12635
1.14609
1.16062
1.16782
1.16635
1.15576
1.13664
1.11078
1.08103
1.05077
1.02359
1.00248
0.989347
0.985087
0.989963
1.00363
1.02432
1.04869
1.07274
1.09296
1.10695
1.11347
1.11232
1.10412
1.09022
1.07283
1.05516
1.04129
1.03535
1.03998
1.05486
1.07629
1.09853
1.11607
1.1254
1.1258
1.11906
1.10847
1.09762
1.08979
1.08725
1.09066
1.09849
1.10764
1.11502
1.11903
1.11988
1.11932
1.11949
1.12132
1.12397
1.12584
1.12659
1.12779
1.13101
1.13554
1.13855
1.13718
1.13082
1.12196
1.11476
1.11232
1.11487
1.12015
1.12468
1.12515
1.11965
1.10871
1.09543
1.0839
1.07685
1.0741
1.07296
1.06998
1.06298
1.05196
1.03875
1.0261
1.01667
1.01216
1.01264
1.01667
1.0223
1.02852
1.03589
1.04578
1.05906
1.07507
1.09149
1.10523
1.1135
1.11464
1.10848
1.09641
1.08107
1.06573
1.05341
1.04623
1.04526
1.05058
1.06151
1.07674
1.09412
1.11097
1.12459
1.13292
1.13512
1.1318
1.12488
1.11676
1.10923
1.10293
1.09775
1.09342
1.08969
1.08622
1.08258
1.07845
1.07396
1.06976
1.06659
1.0645
1.06248
1.05904
1.05305
1.0443
1.03343
1.02121
1.00804
0.993884
0.978816
0.964309
0.953453
0.95011
0.957115
0.97468
1.00028
1.02989
1.0596
1.08644
1.1086
1.12509
1.13531
1.13879
1.13502
1.1237
1.10535
1.08245
1.05994
1.04411
1.03982
1.04794
1.06497
1.0852
1.10371
1.11748
1.1251
1.12617
1.12095
1.11038
1.09603
1.0798
1.06355
1.04881
1.0367
1.02829
1.02492
1.02796
1.0379
1.05363
1.07271
1.09231
1.11041
1.12605
1.13896
1.14904
1.15589
1.15882
1.15701
1.15003
1.13802
1.12182
1.10255
1.08149
1.06
1.03941
1.02089
1.00534
0.99334
0.985389
0.981783
0.982531
0.986979
0.99357
1.00028
1.00518
1.00701
1.00554
1.00125
0.995121
0.98853
0.983405
0.982045
0.986237
0.996408
1.01137
1.02882
1.04626
1.06195
1.07523
1.08669
1.09745
1.10857
1.12059
1.13326
1.1456
1.15594
1.16239
1.16331
1.15814
1.14808
1.13611
1.12584
1.12008
1.11974
1.12383
1.13013
1.13589
1.13869
1.13699
1.13057
1.12007
1.10652
1.09108
1.07525
1.06083
1.04963
1.0432
1.04282
1.0494
1.06292
1.0816
1.10174
1.11865
1.12818
1.12763
1.11643
1.09617
1.07039
1.044
1.02239
1.01013
1.00955
1.01971
1.03668
1.05503
1.06998
1.07906
1.08253
1.08271
1.08258
1.08431
1.08838
1.09323
1.09613
1.09467
1.0882
1.07837
1.06821
1.06026
1.05559
1.05364
1.05275
1.05107
1.04775
1.04345
1.04028
1.04066
1.04635
1.05771
1.07359
1.09185
1.11016
1.12651
1.13951
1.14818
1.15175
1.14951
1.1411
1.12657
1.1065
1.08174
1.05307
1.02122
0.987813
0.956212
0.931733
0.919812
0.923227
0.940817
0.968384
1.00092
1.03432
1.06554
1.09225
1.11268
1.12598
1.1326
1.1342
1.13286
1.13037
1.12749
1.12383
1.11863
1.11153
1.103
1.09417
1.08652
1.0816
1.08071
1.08448
1.09215
1.10111
1.10765
1.10835
1.10184
1.08939
1.07449
1.06162
1.05446
1.05448
1.06059
1.0701
1.08039
1.09002
1.09901
1.10828
1.11874
1.13059
1.14291
1.15406
1.16199
1.16495
1.16179
1.15185
1.13494
1.11165
1.08364
1.05394
1.02661
1.00576
0.99396
0.991505
0.996781
1.00716
1.01984
1.03241
1.04297
1.05037
1.05398
1.05344
1.04854
1.03943
1.0269
1.01279
1
0.992088
0.992286
1.0023
1.02141
1.04655
1.07335
1.09767
1.11642
1.12823
1.13382
1.13535
1.13522
1.13458
1.13285
1.12857
1.12094
1.11063
