0.0345996 0 0
0.0576661 0 0
0.0807325 0 0
0.103799 0 0
0.126865 0 0
0.149932 0 0
0.172998 0 0
0.196065 0 0
0.219131 0 0
0.242198 0 0
0.265264 0 0
0.28833 0 0
0.311397 0 0
0.334463 0 0
0.35753 0 0
0.380596 0 0
0.403663 0 0
0.426729 0 0
0.449795 0 0
0.472862 0 0
0.495928 0 0
0.518995 0 0
0.542061 0 0
0.565128 0 0
0.588194 0 0
0.61126 0 0
0.634327 0 0
0.657393 0 0
0.68046 0 0
0.703526 0 0
0.726593 0 0
0.749659 0 0
0.772725 0 0
0.795792 0 0
0.818858 0 0
0.841925 0 0
0.864991 0 0
0.888058 0 0
0.911124 0 0
0.93419 0.00232916 0.000980175
0.957257 0.0256685 0.00280385
0.980323 0.138389 0.00611314
1.00339 0.492632 0.00981381
1.02646 1.0746 0.00955265
1.04952 1.74522 0.0088451
1.07259 2.19523 -nan
1.09566 2.31906 0.00620745
1.11872 2.14205 0.00369594
1.14179 1.75322 0.0113276
1.16485 1.3014 0.00971618
1.18792 0.894734 0.00873344
1.21099 0.541376 0.0062724
1.23405 0.326068 0.00655901
1.25712 0.167213 0.0044752
1.28019 0.0831013 0.0039827
1.30325 0.0394945 0.00243009
1.32632 0.0241012 0.00186192
1.34939 0.0224869 0.00180956
1.37245 0.030679 0.00224041
1.39552 0.0435406 0.00261203
1.41859 0.0861484 0.00333312
1.44165 0.137765 0.00355318
1.46472 0.219682 0.00524851
1.48778 0.298722 0.00574271
1.51085 0.379867 0.00434898
1.53392 0.453194 0.00560881
1.55698 0.490656 0.00459664
1.58005 0.461198 0.00513851
1.60312 0.402033 0.00534568
1.62618 0.311535 0.00410904
1.64925 0.221743 0.00387016
1.67232 0.147967 0.00305005
1.69538 0.103455 0.00324053
1.71845 0.0919444 0.00298393
1.74152 0.116335 0.00311244
1.76458 0.205176 0.00453267
1.78765 0.374932 0.00389605
1.81071 0.572606 0.00428583
1.83378 0.847325 -nan
1.85685 1.09575 -nan
1.87991 1.27437 -nan
1.90298 1.30565 -nan
1.92605 1.26024 -nan
1.94911 1.07259 -nan
1.97218 0.825082 -nan
1.99525 0.590198 -nan
2.01831 0.39322 0.0039084
2.04138 0.258881 0.00399839
2.06445 0.204138 0.00309879
2.08751 0.223575 0.00261722
2.11058 0.282211 0.00299425
2.13364 0.362193 0.00116805
2.15671 0.451007 -nan
2.17978 0.499757 -nan
2.20284 0.501315 0.00196938
2.22591 0.465366 0.0013211
2.24898 0.390474 0.00156144
2.27204 0.322056 0.00180771
2.29511 0.276363 0.00301679
2.31818 0.271323 0.00327141
