-5.46516
-5.4618
-5.46292
-5.46552
-5.46619
-5.46866
-5.47058
-5.47225
-5.47147
-5.47127
-5.46946
-5.47062
-5.47022
-5.47118
-5.47092
-5.47037
-5.4727
-5.4707
-5.46753
-5.46806
-5.46945
-5.46863
-5.468
-5.46863
-5.46991
-5.47179
-5.47252
-5.47292
-5.4738
-5.47436
-5.47228
-5.47145
-5.47102
-5.46922
-5.46756
-5.46686
-5.46624
-5.46624
-5.46696
-5.4669
-5.46532
-5.46643
-5.46714
-5.46562
-5.46487
-5.46367
-5.46528
-5.46612
-5.46643
-5.46707
-5.46627
-5.46779
-5.46803
-5.47022
-5.46993
-5.46922
-5.47149
-5.47004
-5.4688
-5.46775
-5.46786
-5.46815
-5.46891
-5.47043
-5.47266
-5.47424
-5.47442
-5.4735
-5.47309
-5.47451
-5.4752
-5.47388
-5.47024
-5.47135
-5.46909
-5.4686
-5.46792
-5.46805
-5.46844
-5.46791
-5.46724
-5.46753
-5.4669
-5.46923
-5.47118
-5.47062
-5.47069
-5.47299
-5.47142
-5.4718
-5.47176
-5.4721
-5.47343
-5.4729
-5.47255
-5.47181
-5.47198
-5.4708
-5.47184
-5.47223
-5.47201
-5.46989
-5.47046
-5.47019
-5.46817
-5.46671
-5.4671
-5.46832
-5.46868
-5.46683
-5.46915
-5.46782
-5.46892
-5.46981
-5.47115
-5.47327
-5.47327
-5.47347
-5.47327
-5.47145
-5.47198
-5.47006
-5.47123
-5.47156
-5.47425
-5.47436
-5.47314
-5.47028
-5.47032
-5.47106
-5.46929
-5.47081
-5.46905
-5.46875
-5.47183
-5.4696
-5.4693
-5.47043
-5.47117
-5.4696
-5.47178
-5.47207
-5.47262
-5.47363
-5.47412
-5.47308
-5.47279
-5.47489
-5.47489
-5.47611
-5.47733
-5.47443
-5.47397
-5.47469
-5.47437
-5.47425
-5.47783
-5.47853
-5.47791
-5.47757
-5.47526
-5.47262
-5.47353
-5.47475
-5.47366
-5.47156
-5.47267
-5.47375
-5.47417
-5.47422
-5.47584
-5.47804
-5.4779
-5.47637
-5.47574
-5.47503
-5.47333
-5.47393
-5.47238
-5.4697
-5.46813
-5.46597
-5.46378
-5.46604
-5.46497
-5.46544
-5.46653
-5.46502
-5.46617
-5.46581
-5.46561
-5.46618
-5.46525
-5.46891
-5.47101
-5.47219
-5.47342
-5.47463
-5.4747
-5.47451
-5.4737
-5.47301
-5.47226
-5.47122
-5.47024
-5.47025
-5.47057
-5.47053
-5.46854
-5.46952
-5.47
-5.47001
-5.47091
-5.46813
-5.47065
-5.47061
-5.47312
-5.47199
-5.47339
-5.47601
-5.47722
-5.47825
-5.47807
-5.47862
-5.47475
-5.47298
-5.46983
-5.46927
-5.46685
-5.46558
-5.46583
-5.46693
-5.46692
-5.46673
-5.46795
-5.46865
-5.46855
-5.46739
-5.46648
-5.46738
-5.46759
-5.4694
-5.47031
-5.46995
-5.46944
-5.46899
-5.46915
-5.46976
-5.4693
-5.46688
-5.46771
-5.46659
-5.46826
-5.46969
-5.47016
-5.46899
-5.46975
-5.47085
-5.47065
-5.47172
-5.46979
-5.47158
-5.47153
-5.47126
-5.47085
-5.47037
-5.47119
-5.47235
-5.4742
-5.47286
-5.47256
-5.47235
-5.47187
-5.46882
-5.46936
-5.4688
-5.47047
-5.47117
-5.47178
-5.47373
-5.47429
-5.47463
-5.47535
-5.47546
-5.47689
-5.47481
-5.4725
-5.47293
-5.47063
-5.46989
-5.46857
-5.46778
-5.46799
-5.46766
-5.46645
-5.46813
-5.46931
-5.47079
-5.47182
-5.47366
-5.47405
-5.47273
-5.4707
-5.47054
-5.47188
-5.4721
-5.47313
-5.47046
-5.47194
-5.47085
-5.47012
-5.47073
-5.47166
-5.47162
-5.46993
-5.46857
-5.46761
-5.46561
-5.46629
-5.46883
-5.46962
-5.47002
-5.47191
-5.47201
-5.4756
-5.47427
-5.47501
-5.47484
-5.47459
-5.47544
-5.47329
-5.47116
-5.46999
-5.46678
-5.46847
-5.46845
-5.46606
-5.46784
-5.46707
-5.46641
-5.46779
-5.46664
-5.46543
-5.46575
-5.46538
-5.46733
-5.46913
-5.47216
-5.47219
-5.47362
-5.47691
-5.47696
-5.47595
-5.47392
-5.47041
-5.46983
-5.46913
-5.46906
-5.46989
-5.46922
-5.46887
-5.46812
-5.46919
-5.4711
-5.46934
-5.47008
-5.46913
-5.46975
-5.47034
-5.47126
-5.47062
-5.4685
-5.46854
-5.46788
-5.46651
-5.46729
-5.46919
-5.4698
-5.47025
-5.47327
-5.47319
-5.47259
-5.47221
-5.47035
-5.46921
-5.46903
-5.46927
-5.4689
-5.46873
-5.47056
-5.47048
-5.47311
-5.47209
-5.47321
-5.475
-5.47655
-5.47414
-5.4729
-5.47199
-5.47194
-5.47107
-5.47079
-5.46792
-5.46658
-5.46789
-5.46946
-5.47019
-5.47134
-5.47097
-5.47073
-5.47104
-5.47168
-5.47147
-5.47049
-5.46947
-5.46873
-5.46851
-5.46777
-5.46867
-5.46891
-5.46982
-5.46853
-5.46957
-5.46999
-5.47196
-5.47281
-5.47246
-5.47314
-5.47386
-5.47207
-5.47301
-5.47224
-5.47175
-5.47253
-5.47333
-5.47197
-5.47113
-5.47059
-5.47196
-5.47193
-5.47463
-5.47509
-5.47452
-5.47514
-5.47396
-5.47101
-5.46996
-5.46802
-5.46727
-5.46835
-5.47051
-5.47029
-5.47011
-5.4702
-5.46898
-5.46818
-5.46571
-5.46692
-5.46715
-5.46879
-5.46831
-5.47012
-5.47207
-5.47486
-5.47508
-5.47299
-5.47255
-5.47292
-5.47236
-5.47326
-5.47438
-5.47434
-5.4752
-5.47644
-5.47471
-5.47399
-5.47509
-5.4737
-5.47322
-5.47149
-5.47306
-5.47396
-5.47406
-5.47509
-5.4772
-5.47674
-5.47821
-5.47752
-5.4764
-5.47725
-5.47626
-5.47405
-5.47414
-5.47129
-5.47043
-5.47071
-5.46834
-5.46852
-5.46983
-5.47014
-5.46793
-5.46572
-5.46743
-5.46795
-5.4671
-5.46663
-5.46697
-5.46754
-5.46898
-5.46966
-5.47306
-5.47299
-5.47363
-5.47299
-5.47515
-5.47513
-5.47705
-5.47602
-5.47435
-5.47375
-5.47074
-5.46931
-5.46702
-5.46791
-5.46701
-5.46766
-5.4691
-5.47078
-5.47385
-5.47401
-5.47668
-5.47656
-5.47578
-5.47425
-5.47585
-5.47581
-5.47524
-5.46978
-5.4706
-5.47074
-5.46768
-5.46756
-5.46832
-5.47013
-5.4722
-5.47279
-5.47094
-5.46901
-5.46871
-5.46752
-5.46701
-5.46682
-5.47009
-5.47095
-5.47259
-5.4724
-5.47201
-5.47215
-5.46936
-5.4692
-5.46627
-5.46512
-5.46389
-5.46428
-5.46385
-5.46434
-5.46697
-5.46779
-5.4718
-5.47383
-5.47392
-5.47517
-5.47553
-5.47518
-5.47425
-5.4731
-5.47241
-5.47115
-5.47184
-5.46926
-5.4702
-5.47017
-5.47023
-5.4685
-5.46828
-5.46762
-5.46847
-5.46984
-5.46874
-5.4706
-5.47076
-5.47231
-5.4732
-5.47109
-5.47088
-5.4717
-5.47043
-5.4711
-5.46994
-5.47094
-5.4703
-5.47038
-5.47182
-5.47029
-5.47208
-5.47372
-5.47445
-5.47488
-5.4751
-5.47355
-5.47454
-5.47324
-5.46934
-5.47162
-5.47263
-5.47333
-5.47534
-5.47448
-5.47558
-5.47474
-5.47459
-5.47329
-5.4748
-5.4727
-5.47243
-5.47483
-5.47196
-5.47248
-5.47342
-5.47282
-5.47365
-5.47536
-5.47353
-5.4744
-5.47469
-5.47203
-5.47052
-5.47048
-5.46912
-5.47047
-5.47046
-5.47295
-5.47361
-5.47388
-5.47462
-5.47283
-5.47278
-5.47199
-5.47057
-5.4696
-5.47077
-5.47118
-5.47179
-5.47122
-5.47223
-5.47406
-5.47468
-5.47612
-5.47563
-5.47817
-5.47856
-5.47505
-5.47529
-5.47307
-5.47396
-5.4722
-5.47213
-5.47131
-5.47285
-5.47231
-5.47214
-5.47263
-5.47439
-5.47533
-5.47194
-5.47054
-5.47001
-5.47177
-5.46875
-5.46712
-5.46586
-5.46688
-5.46824
-5.46774
-5.46844
-5.46908
-5.47218
-5.47207
-5.47284
-5.47216
-5.47034
-5.47123
-5.46936
-5.46833
-5.46789
-5.46905
-5.47126
-5.47102
-5.46995
-5.47159
-5.47196
-5.46878
-5.47115
-5.4714
-5.47244
-5.47025
-5.46785
-5.46838
-5.46938
-5.47008
-5.47098
-5.46985
-5.46922
-5.47028
-5.47261
-5.47417
-5.47491
-5.47421
-5.47311
-5.47398
-5.47524
-5.47559
-5.47525
-5.47545
-5.47389
-5.47319
-5.46891
-5.46889
-5.46894
-5.471
-5.47048
-5.47477
-5.47447
-5.47325
-5.47316
-5.47434
-5.47293
-5.47301
-5.474
-5.47605
-5.47494
-5.4743
-5.47228
-5.4728
-5.47103
-5.47186
-5.47146
-5.47118
-5.47104
-5.47292
-5.47285
-5.47172
-5.47244
-5.47144
-5.47364
-5.47224
-5.46948
-5.47058
-5.47139
-5.47299
-5.4725
-5.46953
-5.47164
-5.4712
-5.4711
-5.46921
-5.46861
-5.46819
-5.46799
-5.46992
-5.4706
-5.47156
-5.47244
-5.47133
-5.47022
-5.46984
-5.47186
-5.47338
-5.47312
-5.47303
-5.47147
-5.47099
-5.47149
-5.47152
-5.47057
-5.47018
-5.47007
-5.46973
-5.46904
-5.47035
-5.46953
-5.46915
-5.46822
-5.46477
-5.46526
-5.46451
-5.46413
-5.46221
-5.46426
-5.46806
-5.46939
-5.46984
-5.47032
-5.47139
-5.4707
-5.47205
-5.4712
-5.47108
-5.46859
-5.46905
-5.47133
-5.47065
-5.4712
-5.47068
-5.46964
-5.47091
-5.47082
-5.47216
-5.4723
-5.47355
-5.47275
-5.47162
-5.47151
-5.474
-5.47446
-5.47311
-5.47088
-5.46813
-5.46955
-5.47047
-5.46948
-5.46864
-5.46726
-5.46772
-5.4688
-5.46703
-5.46689
-5.46746
-5.4666
-5.46764
-5.46898
-5.47161
-5.47063
-5.47157
-5.47063
-5.47213
-5.47373
-5.47591
-5.47577
-5.47905
-5.47839
-5.47834
-5.47762
-5.47611
-5.47594
-5.47367
-5.47288
-5.47167
-5.46916
-5.4687
-5.46848
-5.46734
-5.46761
-5.46802
-5.46755
-5.46738
-5.46961
-5.47015
-5.47333
-5.47577
-5.47642
-5.47598
-5.47559
-5.47256
-5.47132
-5.46875
-5.46873
-5.46922
-5.46883
-5.47038
-5.47021
-5.46758
-5.46861
-5.47021
-5.46963
-5.4706
-5.47154
-5.47202
-5.47317
-5.47036
-5.47128
-5.47045
-5.46951
-5.46782
-5.46762
-5.46892
-5.47174
-5.47258
-5.47347
-5.47254
-5.47339
-5.4721
-5.47028
-5.46824
-5.46792
-5.46765
-5.469
-5.46897
-5.46944
-5.46942
-5.46891
-5.46957
-5.46883
-5.46964
-5.46785
-5.46743
-5.46874
-5.47024
-5.47063
-5.46694
-5.46726
-5.46736
-5.46855
-5.46819
-5.46685
-5.468
-5.47087
-5.47189
-5.47234
-5.47292
-5.47147
-5.47231
-5.47258
-5.47137
-5.47034
-5.47208
-5.46911
-5.46913
-5.46814
-5.47088
-5.46918
-5.47145
-5.46936
-5.46948
-5.46867
-5.4683
-5.46874
-5.46738
-5.46777
-5.46898
-5.47071
-5.46969
-5.46907
-5.47099
-5.47044
-5.46993
-5.47041
-5.46903
-5.4691
-5.46815
-5.46945
-5.46914
-5.46761
-5.46952
-5.47172
-5.47142
-5.4702
-5.47021
-5.47059
-5.47309
-5.47215
-5.47259
-5.47247
-5.47118
-5.46906
-5.46841
-5.46988
-5.47028
-5.47126
-5.4719
-5.47293
-5.46827
-5.46801
-5.47055
-5.4684
-5.46829
-5.46884
-5.46933
-5.47101
-5.47193
-5.47244
-5.47001
-5.46764
-5.46896
-5.4682
-5.46826
-5.47072
-5.4709
-5.46867
-5.46881
