0.789727
0.779119
0.770713
0.766121
0.766023
0.770044
0.776919
0.78498
0.792769
0.799431
0.804744
0.808949
0.812429
0.815608
0.818937
0.822826
0.827343
0.831958
0.835599
0.836969
0.834992
0.829409
0.821015
0.811417
0.802711
0.796948
0.795602
0.799194
0.807206
0.818001
0.829266
0.838446
0.843433
0.843053
0.837464
0.828188
0.817651
0.808264
0.80139
0.796871
0.793441
0.789555
0.784125
0.77697
0.768669
0.760286
0.753214
0.748871
0.748365
0.752192
0.75993
0.770196
0.781029
0.790314
0.796212
0.797635
0.794476
0.787494
0.777921
0.767131
0.756429
0.747017
0.739965
0.73619
0.73634
0.740584
0.748594
0.759599
0.77267
0.786947
0.801791
0.816728
0.83134
0.845142
0.85737
0.86697
0.872684
0.873339
0.868145
0.857021
0.840691
0.820763
0.799541
0.779628
0.763214
0.751479
0.744647
0.74247
0.744864
0.751957
0.763512
0.77833
0.794481
0.81008
0.823818
0.835004
0.843227
0.848116
0.849323
0.84666
0.840178
0.830181
0.817144
0.801807
0.785217
0.768818
0.754196
0.742762
0.735512
0.732995
0.735336
0.742159
0.752582
0.765389
0.779203
0.792719
0.804742
0.814205
0.820385
0.823023
0.822375
0.81921
0.81456
0.809496
0.804804
0.800823
0.797484
0.794569
0.79192
0.789668
0.788296
0.788303
0.789741
0.791946
0.79374
0.794047
0.792315
0.788905
0.785171
0.782897
0.783747
0.7886
0.797399
0.809328
0.823114
0.837267
0.850298
0.860756
0.867447
0.869557
0.866771
0.859395
0.848282
0.834709
0.820232
0.806425
0.794488
0.785001
0.77796
0.77308
0.770165
0.7691
0.769856
0.772329
0.776325
0.78158
0.787868
0.795004
0.802835
0.811144
0.819655
0.82798
0.835622
0.84204
0.846699
0.849067
0.848759
0.84578
0.840645
0.834291
0.827772
0.821815
0.816499
0.811469
0.806106
0.799834
0.792278
0.783274
0.773035
0.762136
0.75149
0.742052
0.734632
0.729813
0.727984
0.729545
0.734856
0.744063
0.756553
0.770891
0.785223
0.797794
0.807665
0.814742
0.819405
0.821954
0.82238
0.820476
0.816107
0.809405
0.801001
0.79197
0.783761
0.777877
0.775456
0.777036
0.782564
0.791637
0.803771
0.818532
0.835332
0.853237
0.870842
0.886527
0.898746
0.9062
0.908003
0.903851
0.894017
0.879388
0.861274
0.841121
0.820263
0.79981
0.780596
0.763404
0.74921
0.739352
0.735463
0.739126
0.750976
0.769824
0.792576
0.81516
0.833792
0.845938
0.850562
0.847917
0.839154
0.82608
0.810858
0.795693
0.782358
0.771846
0.764439
0.760089
0.758696
0.760276
0.764862
0.772385
0.782497
0.794357
0.806674
0.817991
0.82705
0.833078
0.835904
0.835626
0.832461
0.826616
0.818469
0.808624
0.797598
0.785571
0.772665
0.759571
0.747846
0.739642
0.736932
0.740675
0.750722
0.766024
0.784984
0.805723
0.826287
0.844762
0.859429
0.868927
0.872178
0.868514
0.857897
0.841163
0.820196
0.797615
0.776295
0.758696
0.746353
0.739704
0.738254
0.741017
0.746894
0.755083
0.765077
0.776419
0.78851
0.800466
0.811227
0.819755
0.825377
0.827966
0.827712
0.82488
0.819625
0.811976
0.801792
0.78898
0.773717
0.757065
0.741191
0.729399
0.72538
0.731886
0.749549
0.77635
0.808155
0.840086
0.867945
0.888978
0.90205
0.907265
0.905862
0.899797
0.89131
0.882292
0.873658
0.865274
0.856445
0.846646
0.835824
0.824495
0.813424
0.803145
0.793666
0.784471
0.77508
0.76547
0.756395
0.749285
0.745864
0.747385
0.754008
0.764371
0.775994
0.786173
0.792929
0.795611
0.795005
0.792834
0.790988
0.790794
0.792695
0.796364
0.80116
0.806203
0.810686
0.81392
0.815389
0.814714
0.811607
0.805949
0.797894
0.788088
0.77774
0.768495
0.7621
0.760194
0.764008
0.774113
0.790097
0.810293
0.831842
0.851259
0.865254
0.871714
0.870177
0.861913
0.849394
0.835316
0.821661
0.809251
0.798312
0.789287
0.783363
0.782083
0.786306
0.7954
0.807203
0.818787
0.827504
0.831854
0.831916
0.829068
0.825391
0.822793
0.822312
0.823944
0.826874
0.829674
0.830809
0.828847
0.822779
0.812279
0.797725
0.780183
0.761282
0.742889
0.726693
0.713818
0.704736
0.699443
0.697956
0.700564
0.707732
0.719797
0.736648
0.757594
0.781361
0.806343
0.83068
0.852555
0.870524
0.883679
0.891572
0.893954
0.890785
0.882405
0.869796
0.854639
0.838923
0.824435
0.812402
0.803391
0.797323
0.793604
0.791296
0.789296
0.786853
0.784045
0.781866
0.781831
0.785117
0.791799
0.800554
0.809107
0.815024
0.816371
0.812114
0.802444
0.78875
0.773547
0.759927
0.750756
0.747737
0.750947
0.758962
0.769457
0.780178
0.789558
0.79712
0.803505
0.810105
0.81823
0.82815
0.838765
0.847866
0.853124
0.853071
0.847633
0.837991
0.826253
0.814938
0.806417
0.802357
0.80325
0.808311
0.815765
0.823423
0.829378
0.832463
0.832433
0.82972
0.824982
0.818599
0.81061
0.801008
0.790421
0.78029
0.772511
0.768683
0.769317
0.773481
0.779249
0.784445
0.78732
0.786893
0.783077
0.776566
0.768682
0.760959
0.75488
0.751593
0.75187
0.756229
0.764916
0.777664
0.793394
0.810211
0.825755
0.837779
0.844422
0.844401
0.837072
0.822603
0.802157
0.778213
0.754353
0.734189
0.720163
0.713378
0.714134
0.722211
0.736798
0.756124
0.777607
0.798349
0.815728
0.827805
0.83372
0.833756
0.829297
0.822526
0.815864
0.811342
0.810087
0.812149
0.816681
0.822424
0.828465
0.834578
0.841107
0.848456
0.85677
0.865695
0.874448
0.881884
0.886623
0.887285
0.882809
0.872669
0.856952
0.836275
0.811627
0.784333
0.756223
0.729908
0.708995
0.697363
0.697477
0.708655
0.7273
0.748818
0.769388
0.786644
0.799559
0.808116
0.812924
0.814812
0.814524
0.812387
0.808305
0.801981
0.793237
0.782373
0.770174
0.757864
0.746869
0.738642
0.734534
0.735629
0.742558
0.755252
0.772716
0.793054
0.813813
0.832296
0.846317
0.854482
0.856279
0.852008
0.842748
0.830237
0.816825
0.805148
0.797502
0.795148
0.797912
0.804355
0.812555
0.820788
0.827812
0.832972
0.835976
0.836765
0.835393
0.832003
0.826726
0.819719
0.811163
0.801219
0.789982
0.777574
0.764525
0.752056
0.741874
0.735669
0.734446
0.738232
0.74619
0.756924
0.768851
0.780458
0.790775
0.799573
0.807264
0.814511
0.821471
0.827578
0.831793
0.833411
0.832719
0.830988
0.829931
0.830771
0.833788
0.838116
0.842242
0.844586
0.844111
0.840497
0.834207
0.826318
0.818244
0.811405
0.806862
0.804953
0.805081
0.805912
0.806046
0.804901
0.802929
0.801059
0.799667
0.798265
0.795718
0.790891
0.783119
0.772368
0.759558
0.746777
0.737168
0.733863
0.738342
0.749508
0.764426
0.779847
0.793325
0.803588
0.810325
0.813893
0.814897
0.813838
0.810931
0.80619
0.799893
0.793075
0.787388
0.784468
0.785118
0.789104
0.795614
0.803562
0.811703
0.818781
0.823756
0.825964
0.825152
0.821485
0.815688
0.808728
0.801519
0.794521
0.787881
0.781755
0.776733
0.773846
0.773711
0.775683
0.777993
0.778881
0.777742
0.77533
0.77318
0.772719
0.774842
0.779697
0.786782
0.795125
0.803621
0.811492
0.818514
0.825063
0.831608
0.838264
0.844516
0.849487
0.852318
0.852545
0.850261
0.845883
0.839953
0.832676
0.823961
0.813451
0.801034
0.787329
0.773879
0.762854
0.756091
0.754096
0.755909
0.759857
0.764449
0.76878
0.772421
0.775119
0.776821
0.777745
0.778504
0.779994
0.783006
0.7878
0.794045
0.801105
0.808314
0.815235
0.82158
0.827
0.831216
0.834207
0.836482
0.839164
0.843336
0.849092
0.855179
0.859556
0.860493
0.857347
0.850681
0.841873
0.832343
0.822918
0.813617
0.803971
0.793566
0.782204
0.770153
0.758097
0.746983
0.737902
0.731921
0.730082
0.73332
0.742129
0.756108
0.773688
0.792315
0.809294
0.822605
0.831322
0.835531
0.835936
0.833408
0.828676
0.822272
0.814624
0.806115
0.797058
0.787833
0.778987
0.771231
0.765444
0.762349
0.762404
0.765563
0.771158
0.777987
0.784383
0.788652
0.789572
0.78684
0.781271
0.774467
0.768259
0.764267
0.763711
0.767214
0.774728
0.785445
0.797928
0.810712
0.822791
0.833837
0.843976
0.853443
0.862036
0.868842
0.872412
0.87126
0.864462
0.852335
0.836565
0.819942
0.805583
0.795742
0.791165
0.790947
0.793098
0.795597
0.797127
0.797074
0.795249
0.791564
0.785827
0.777804
0.767531
0.755723
0.744298
0.736585
0.73668
0.747448
0.768441
0.796021
0.825429
0.852788
0.875651
0.892573
0.902531
0.90475
0.898844
0.885067
0.864584
0.839386
0.812186
0.786043
0.763941
0.748342
0.740732
0.741416
0.749307
0.762095
0.776686
0.789875
0.799169
0.80345
0.803082
0.799603
0.794996
0.790889
0.788206
0.787281
0.787812
0.788794
0.788811
0.786742
0.782565
0.777421
0.773172
0.77149
0.773186
0.778063
0.785321
0.794021
0.80331
0.812462
0.820741
0.827333
0.831498
0.832708
0.830996
0.826929
0.821462
0.81557
0.810102
0.805778
0.803249
0.803084
0.805512
0.810234
0.816469
0.823182
0.829261
0.833684
0.835661
0.834659
0.830381
0.822964
0.813025
0.801619
0.789978
0.779203
0.770123
0.763478
0.760056
0.760474
0.765002
0.773308
0.784331
0.796541
0.808258
0.818034
0.824893
0.828594
0.829457
0.82823
0.825945
0.823788
0.822889
0.824054
0.827485
0.832545
0.837921
0.842006
0.843469
0.841526
0.836156
0.827894
0.81765
0.806416
0.795156
0.784859
0.776727
0.772007
0.771606
0.775655
0.783331
0.79297
0.802583
0.810279
0.814693
0.815087
0.811209
0.803041
0.790849
0.775488
0.758568
0.742469
0.729866
0.722967
0.722837
0.729178
0.740809
0.756213
0.773847
0.792247
0.810114
0.826326
0.839883
0.849981
0.856037
0.857774
0.855319
0.84931
0.840867
0.831312
0.821909
0.813623
0.806865
0.801483
0.796901
0.792371
0.787198
0.781
0.773877
0.766402
0.759626
0.754795
0.753001
0.75469
0.75939
0.765823
