-6.64975
-6.63048
-6.61899
-6.6147
-6.61522
-6.62373
-6.63596
-6.64972
-6.66062
-6.67041
-6.67658
-6.68404
-6.68887
-6.69459
-6.69932
-6.70461
-6.71372
-6.71863
-6.72093
-6.72351
-6.72194
-6.71274
-6.69952
-6.68576
-6.67398
-6.66721
-6.66592
-6.67171
-6.68461
-6.70136
-6.71617
-6.72912
-6.73617
-6.7338
-6.72375
-6.70915
-6.69272
-6.67863
-6.66905
-6.66221
-6.65548
-6.65076
-6.64332
-6.63107
-6.61787
-6.6041
-6.5951
-6.58942
-6.58898
-6.59536
-6.60616
-6.62309
-6.63957
-6.65569
-6.66425
-6.66567
-6.66321
-6.65128
-6.63568
-6.61844
-6.60251
-6.58867
-6.57885
-6.57472
-6.57717
-6.58511
-6.59731
-6.6129
-6.63209
-6.65493
-6.67788
-6.69897
-6.71724
-6.73906
-6.75515
-6.76905
-6.77694
-6.77806
-6.77066
-6.75344
-6.72828
-6.69867
-6.66621
-6.63868
-6.616
-6.59784
-6.58766
-6.5867
-6.58872
-6.59974
-6.61703
-6.63959
-6.66515
-6.68802
-6.70828
-6.72431
-6.73682
-6.74297
-6.74583
-6.74222
-6.73227
-6.71516
-6.69618
-6.6729
-6.646
-6.61994
-6.59839
-6.58246
-6.57195
-6.56632
-6.57216
-6.58106
-6.59779
-6.61789
-6.63995
-6.66235
-6.68039
-6.69478
-6.70384
-6.70598
-6.70554
-6.69888
-6.69307
-6.68581
-6.68146
-6.67559
-6.66937
-6.66213
-6.65819
-6.65556
-6.65174
-6.65327
-6.65366
-6.65667
-6.66244
-6.66067
-6.65777
-6.65379
-6.64893
-6.64394
-6.6474
-6.65498
-6.66871
-6.68762
-6.70879
-6.72898
-6.74824
-6.76602
-6.77606
-6.78044
-6.77748
-6.76352
-6.74639
-6.72675
-6.70471
-6.68389
-6.66956
-6.65603
-6.64485
-6.63719
-6.6305
-6.62627
-6.62832
-6.63324
-6.63814
-6.64393
-6.65447
-6.66626
-6.67842
-6.69094
-6.70532
-6.72001
-6.73133
-6.73943
-6.74579
-6.74863
-6.74646
-6.7426
-6.73335
-6.72113
-6.70979
-6.69869
-6.68853
-6.68324
-6.67413
-6.66519
-6.65494
-6.63993
-6.62572
-6.60902
-6.59284
-6.57926
-6.56719
-6.56363
-6.56298
-6.56651
-6.57571
-6.59072
-6.60953
-6.63084
-6.65153
-6.6697
-6.68376
-6.69333
-6.69935
-6.70319
-6.70414
-6.70124
-6.6927
-6.68363
-6.6715
-6.65797
-6.64655
-6.63494
-6.63384
-6.63616
-6.64696
-6.65944
-6.67904
-6.7038
-6.73022
-6.75811
-6.78433
-6.80841
-6.82287
-6.83228
-6.83183
-6.82504
-6.80788
-6.78467
-6.75774
-6.72861
-6.69732
-6.66645
-6.63885
-6.61376
-6.59237
-6.57641
-6.56968
-6.57607
-6.59406
-6.62414
-6.65917
-6.69269
-6.72013
-6.7379
-6.74499
-6.74163
-6.72803
-6.706
-6.684
-6.66013
-6.6418
-6.62746
-6.61682
-6.60912
-6.6078
-6.61126
-6.61795
-6.6303
-6.64354
-6.66311
-6.68154
-6.69825
-6.71142
-6.71998
-6.72504
-6.72579
-6.72289
-6.71278
-6.70026
-6.68529
-6.66827
-6.64717
-6.62836
-6.60815
-6.59223
-6.58064
-6.57718
-6.58474
-6.60037
-6.62366
-6.65283
-6.68404
-6.71632
-6.74196
-6.76165
-6.77632
-6.77889
-6.77266
-6.75541
-6.72953
-6.69828
-6.66409
-6.6309
-6.60618
-6.58884
-6.58035
-6.5792
-6.58518
-6.59439
-6.60535
-6.61831
-6.63517
-6.65464
-6.6728
-6.68997
-6.70009
-6.71001
-6.7128
-6.71169
-6.70805
-6.7011
-6.68958
-6.67262
-6.65204
-6.62819
-6.6012
-6.57808
-6.56293
-6.55769
-6.56785
-6.59624
-6.63654
-6.68783
-6.7344
-6.77693
-6.8083
-6.82766
-6.83633
-6.83208
-6.82085
-6.80696
-6.79022
-6.77895
-6.76636
-6.75073
-6.73781
-6.72081
-6.70315
-6.68793
-6.67136
-6.65593
-6.64246
-6.628
-6.61553
-6.60372
-6.59609
-6.59098
-6.5947
-6.60792
-6.62352
-6.63994
-6.65318
-6.6598
-6.66324
-6.66164
-6.65831
-6.65637
-6.65541
-6.65791
-6.66266
-6.67093
-6.68041
-6.68537
-6.69096
-6.69222
-6.69182
-6.68775
-6.68019
-6.66746
-6.65063
-6.63515
-6.62062
-6.60965
-6.60758
-6.6152
-6.63097
-6.6554
-6.68871
-6.72096
-6.74947
-6.77009
-6.77792
-6.77448
-6.7619
-6.74336
-6.72188
-6.70123
-6.68444
-6.66795
-6.65704
-6.64713
-6.64634
-6.65445
-6.66965
-6.68494
-6.70108
-6.71324
-6.71973
-6.71894
-6.71439
-6.70601
-6.70077
-6.70136
-6.70537
-6.7105
-6.71585
-6.71718
-6.714
-6.70521
-6.6901
-6.66806
-6.64077
-6.61139
-6.58306
-6.55855
-6.5385
-6.52578
-6.51808
-6.51676
-6.51938
-6.53117
-6.54969
-6.57694
-6.6092
-6.6445
-6.68265
-6.71988
-6.7509
-6.7788
-6.79776
-6.80911
-6.81346
-6.80951
-6.79557
-6.77583
-6.75255
-6.73034
-6.70859
-6.69324
-6.68018
-6.67051
-6.66554
-6.6609
-6.65496
-6.65024
-6.64409
-6.64006
-6.6411
-6.64818
-6.65799
-6.67094
-6.68386
-6.69152
-6.69274
-6.68388
-6.67059
-6.65028
-6.62911
-6.6082
-6.59626
-6.59368
-6.60128
-6.61352
-6.62718
-6.64282
-6.65726
-6.66804
-6.67851
-6.68954
-6.70169
-6.71743
-6.73459
-6.74651
-6.75367
-6.75469
-6.74515
-6.73021
-6.71087
-6.69546
-6.68358
-6.67759
-6.67996
-6.68967
-6.70038
-6.71335
-6.72159
-6.72509
-6.7259
-6.72084
-6.71152
-6.70204
-6.68721
-6.67195
-6.65634
-6.63878
-6.62728
-6.62286
-6.62411
-6.62816
-6.6346
-6.64409
-6.64892
-6.64744
-6.64124
-6.63182
-6.62056
-6.61042
-6.60198
-6.60045
-6.6008
-6.60798
-6.62036
-6.64164
-6.66522
-6.69237
-6.71465
-6.73102
-6.74039
-6.73735
-6.72492
-6.70092
-6.67114
-6.63433
-6.59919
-6.57038
-6.55103
-6.54392
-6.54521
-6.55999
-6.58176
-6.60996
-6.64066
-6.67338
-6.69941
-6.71695
-6.72036
-6.72124
-6.71469
-6.70147
-6.69135
-6.68533
-6.68527
-6.69042
-6.69782
-6.70458
-6.7117
-6.72058
-6.72918
-6.7397
-6.75197
-6.76864
-6.78263
-6.79542
-6.80233
-6.80294
-6.79637
-6.77836
-6.75463
-6.72068
-6.68256
-6.64039
-6.59861
-6.55871
-6.52784
-6.51301
-6.51401
-6.53478
-6.56478
-6.59715
-6.62925
-6.6555
-6.67452
-6.68642
-6.69249
-6.69463
-6.69293
-6.69042
-6.68172
-6.67317
-6.66003
-6.64379
-6.62376
-6.60507
-6.58792
-6.57644
-6.57164
-6.57218
-6.58444
-6.60364
-6.63139
-6.66278
-6.69181
-6.71933
-6.74117
-6.75216
-6.75552
-6.74795
-6.73506
-6.71566
-6.69562
-6.67954
-6.66655
-6.6648
-6.67059
-6.68098
-6.69372
-6.70628
-6.71527
-6.72399
-6.7272
-6.72449
-6.72471
-6.72063
-6.71342
-6.70492
-6.69123
-6.67741
-6.65972
-6.64095
-6.62007
-6.60289
-6.58551
-6.57594
-6.57649
-6.57931
-6.59177
-6.60881
-6.6261
-6.64433
-6.66152
-6.67289
-6.68529
-6.69645
-6.70423
-6.71189
-6.71817
-6.71923
-6.71955
-6.71694
-6.71784
-6.71976
-6.72457
-6.73179
-6.73619
-6.73966
-6.73816
-6.73131
-6.72091
-6.71024
-6.69855
-6.6889
-6.68151
-6.67966
-6.68168
-6.68355
-6.68519
-6.68298
-6.68257
-6.68015
-6.67455
-6.67269
-6.66665
-6.66029
-6.64688
-6.63068
-6.61064
-6.59301
-6.57806
-6.57293
-6.58014
-6.59866
-6.62197
-6.64171
-6.66053
-6.6754
-6.68726
-6.68959
-6.68946
-6.68662
-6.68328
-6.67753
-6.66758
-6.65805
-6.65017
-6.64888
-6.64975
-6.65649
-6.66558
-6.67568
-6.68878
-6.69753
-6.70396
-6.70683
-6.70678
-6.70349
-6.69455
-6.68305
-6.67386
-6.66374
-6.6506
-6.64379
-6.6365
-6.63321
-6.63082
-6.63137
-6.63537
-6.6377
-6.63669
-6.63397
-6.62962
-6.6283
-6.63255
-6.64215
-6.65434
-6.6676
-6.67964
-6.69035
-6.70175
-6.71284
-6.723
-6.73265
-6.74222
-6.74812
-6.75166
-6.74773
-6.74428
-6.73777
-6.73093
-6.71949
-6.71071
-6.69465
-6.6748
-6.65415
-6.63515
-6.61721
-6.60714
-6.60514
-6.60992
-6.61473
-6.62097
-6.62545
-6.63143
-6.63371
-6.63709
-6.63807
-6.63893
-6.64103
-6.64743
-6.65455
-6.66279
-6.67409
-6.68392
-6.6965
-6.70461
-6.70998
-6.7174
-6.7227
-6.72771
-6.73125
-6.73454
-6.74527
-6.75397
-6.76044
-6.75995
-6.75463
-6.74421
-6.7308
-6.71843
-6.70498
-6.69198
-6.67839
-6.66168
-6.64353
-6.62507
-6.609
-6.59386
-6.57998
-6.57091
-6.56659
-6.57097
-6.58469
-6.60568
-6.63111
-6.65865
-6.68401
-6.70364
-6.71602
-6.72365
-6.72343
-6.71926
-6.71123
-6.69817
-6.6872
-6.67368
-6.65972
-6.64395
-6.63274
-6.6249
-6.61755
-6.61336
-6.61393
-6.61974
-6.62744
-6.63903
-6.64777
-6.65406
-6.65295
-6.64931
-6.64324
-6.63235
-6.62359
-6.61708
-6.61521
-6.62173
-6.63291
-6.65033
-6.66919
-6.68961
-6.70694
-6.72238
-6.73748
-6.75417
-6.76752
-6.77638
-6.7795
-6.77502
-6.76624
-6.74897
-6.72433
-6.69856
-6.67563
-6.66133
-6.65554
-6.65345
-6.65654
-6.66085
-6.66229
-6.66325
-6.66186
-6.65895
-6.64937
-6.63828
-6.62192
-6.60572
-6.59018
-6.58079
-6.58079
-6.60022
-6.63105
-6.67238
-6.71576
-6.75529
-6.78942
-6.81253
-6.82667
-6.8288
-6.81742
-6.7963
-6.76536
-6.72642
-6.68588
-6.64708
-6.61346
-6.58989
-6.5807
-6.58227
-6.59729
-6.61891
-6.64145
-6.66079
-6.67434
-6.67774
-6.67594
-6.66816
-6.66122
-6.65556
-6.65114
-6.6513
-6.65193
-6.65077
-6.65183
-6.65032
-6.64348
-6.63674
-6.6313
-6.62925
-6.63295
-6.63745
-6.64926
-6.66148
-6.67447
-6.68651
-6.69873
-6.70992
-6.71899
-6.72164
-6.71996
-6.71293
-6.70558
-6.69545
-6.68544
-6.67691
-6.67279
-6.67228
-6.67727
-6.68432
-6.69414
-6.7042
-6.71281
-6.72009
-6.72232
-6.72163
-6.71343
-6.70187
-6.68828
-6.67267
-6.65559
-6.63575
-6.62244
-6.61258
-6.60863
-6.6089
-6.61436
-6.62796
-6.64737
-6.6667
-6.68472
-6.69997
-6.70881
-6.7152
-6.71677
-6.71372
-6.70926
-6.70776
-6.70344
-6.70521
-6.70937
-6.7197
-6.72606
-6.73446
-6.73456
-6.73176
-6.72291
-6.71015
-6.69521
-6.677
-6.66051
-6.64627
-6.6358
-6.6277
-6.62648
-6.63447
-6.64544
-6.65939
-6.67429
-6.68444
-6.69114
-6.69078
-6.68626
-6.6737
-6.65389
-6.63275
-6.60958
-6.58513
-6.565
-6.55466
-6.55484
-6.56686
-6.58336
-6.6069
-6.63324
-6.65955
-6.68423
-6.70789
-6.7297
-6.74525
-6.75531
-6.75857
-6.75591
-6.74224
-6.72931
-6.71752
-6.70126
-6.68872
-6.67914
-6.67155
-6.66636
-6.66048
-6.65323
-6.64151
-6.62846
-6.61856
-6.60764
-6.60046
-6.60022
-6.60294
-6.60776
-6.61754
