0.848444
0.836834
0.827623
0.822584
0.822475
0.826872
0.834398
0.843223
0.851757
0.859055
0.864882
0.869484
0.873297
0.876777
0.880424
0.884686
0.889627
0.894689
0.898687
0.900185
0.898016
0.891902
0.882709
0.872193
0.862653
0.856334
0.854857
0.858791
0.867565
0.879389
0.891735
0.901794
0.907258
0.906846
0.90073
0.890571
0.87903
0.868747
0.861215
0.856264
0.852513
0.848252
0.842302
0.834469
0.825378
0.816198
0.808446
0.803686
0.803131
0.807322
0.8158
0.827042
0.838907
0.849072
0.855534
0.857095
0.853628
0.845983
0.8355
0.823684
0.81196
0.80165
0.793922
0.789782
0.789939
0.794584
0.803357
0.815416
0.829736
0.845371
0.861629
0.877995
0.894013
0.909129
0.92253
0.933049
0.93931
0.940027
0.934336
0.922151
0.904266
0.882435
0.859189
0.837369
0.819383
0.80653
0.799046
0.796654
0.799281
0.80705
0.819708
0.835938
0.853627
0.870716
0.885767
0.898022
0.907029
0.912388
0.913708
0.910789
0.903689
0.892744
0.878462
0.861662
0.843494
0.825535
0.809516
0.796987
0.789045
0.786293
0.788851
0.796329
0.807743
0.82177
0.836898
0.851698
0.864868
0.875233
0.882004
0.884899
0.884187
0.880726
0.875629
0.87008
0.864932
0.860572
0.856917
0.853733
0.85083
0.848362
0.846864
0.846868
0.848448
0.850864
0.85282
0.853163
0.851266
0.847528
0.843435
0.840949
0.841874
0.847189
0.856826
0.86989
0.88499
0.900497
0.914772
0.926222
0.933551
0.935859
0.932803
0.924732
0.912561
0.897689
0.881833
0.866708
0.853621
0.843227
0.835515
0.830171
0.826985
0.825826
0.826651
0.829357
0.833738
0.839501
0.846385
0.854199
0.862776
0.871878
0.881195
0.890309
0.89868
0.905716
0.910821
0.913417
0.913085
0.90982
0.904199
0.897247
0.890111
0.883592
0.877776
0.872259
0.866387
0.859515
0.851235
0.841376
0.830157
0.818219
0.806557
0.796216
0.788091
0.782802
0.780792
0.782498
0.788312
0.798394
0.812075
0.827782
0.843484
0.857257
0.868072
0.875828
0.880939
0.883732
0.884197
0.882112
0.877332
0.869987
0.860779
0.850887
0.841891
0.835455
0.832795
0.834526
0.840573
0.850516
0.863804
0.879965
0.898365
0.917975
0.937261
0.954441
0.967838
0.976008
0.977993
0.973447
0.962682
0.94666
0.926817
0.904737
0.881889
0.859485
0.838433
0.819599
0.80405
0.793255
0.788998
0.793008
0.805988
0.826629
0.851549
0.876289
0.896701
0.910008
0.915073
0.912173
0.902576
0.888261
0.871584
0.854975
0.840363
0.828843
0.820728
0.815967
0.814438
0.816165
0.82119
0.829427
0.84051
0.853497
0.866989
0.879387
0.889311
0.895916
0.89901
0.898702
0.895229
0.88883
0.879907
0.869123
0.857046
0.84388
0.829742
0.8154
0.80255
0.793561
0.790591
0.794685
0.805689
0.82245
0.843217
0.865935
0.888457
0.908702
0.924776
0.935179
0.938747
0.934736
0.923109
0.904781
0.881812
0.857078
0.833727
0.814443
0.800918
0.79363
0.792039
0.795059
0.801497
0.810471
0.821425
0.83385
0.847091
0.860187
0.871971
0.881321
0.887476
0.890315
0.890039
0.886935
0.881175
0.872797
0.861646
0.847616
0.830899
0.812664
0.795273
0.782348
0.777943
0.785069
0.804411
0.83377
0.868599
0.903581
0.934096
0.957138
0.971458
0.977167
0.975637
0.969
0.959707
0.949838
0.940375
0.931191
0.921527
0.910787
0.898935
0.886526
0.874395
0.863138
0.852758
0.842685
0.832399
0.821865
0.811919
0.804121
0.800375
0.802036
0.809281
0.820633
0.833368
0.844525
0.851936
0.854875
0.854213
0.851836
0.849811
0.849601
0.851684
0.855706
0.860956
0.866475
0.871391
0.874932
0.876544
0.875802
0.872396
0.866196
0.857374
0.846639
0.835303
0.825178
0.818177
0.816086
0.820259
0.831326
0.848834
0.870949
0.894554
0.915826
0.931158
0.93824
0.936559
0.927507
0.913793
0.898372
0.883414
0.869815
0.857833
0.847938
0.841452
0.840047
0.844666
0.854624
0.867561
0.880254
0.889805
0.894571
0.894642
0.891523
0.887504
0.884661
0.88413
0.885914
0.889121
0.892185
0.893429
0.89128
0.884633
0.873129
0.857186
0.837974
0.817272
0.797125
0.779384
0.765283
0.755332
0.749533
0.747902
0.750762
0.758611
0.771827
0.790279
0.813222
0.839258
0.866622
0.893279
0.917247
0.936928
0.951341
0.959988
0.962595
0.959122
0.949946
0.936136
0.919535
0.902315
0.886444
0.873255
0.863382
0.856737
0.852661
0.850136
0.847954
0.845282
0.842211
0.839826
0.839785
0.843378
0.850698
0.86029
0.869658
0.876144
0.877621
0.872966
0.86237
0.847369
0.830709
0.81579
0.805739
0.802426
0.805934
0.814713
0.826217
0.837962
0.848235
0.856521
0.863512
0.870739
0.879639
0.890503
0.902128
0.912102
0.917865
0.917803
0.91185
0.90129
0.888436
0.876037
0.8667
0.862252
0.863228
0.868765
0.876932
0.885316
0.891841
0.895224
0.895189
0.89222
0.887037
0.880044
0.871301
0.860785
0.849188
0.838097
0.829575
0.825378
0.826071
0.830639
0.836964
0.842651
0.845799
0.845334
0.841155
0.834022
0.825384
0.816919
0.810258
0.806647
0.806951
0.811724
0.821241
0.8352
0.85243
0.870847
0.887877
0.901054
0.908333
0.908319
0.900294
0.884453
0.862052
0.835826
0.809687
0.787594
0.772224
0.764782
0.765611
0.77445
0.79043
0.811602
0.83514
0.857856
0.876894
0.890125
0.896622
0.896659
0.891774
0.884366
0.877068
0.872112
0.870732
0.872984
0.877948
0.884244
0.890867
0.897565
0.90472
0.912773
0.92188
0.931647
0.941233
0.949373
0.954565
0.955292
0.950388
0.939289
0.922073
0.899431
0.872435
0.84254
0.811745
0.782921
0.76001
0.747261
0.747383
0.759616
0.780033
0.803605
0.826133
0.845036
0.859184
0.868561
0.873831
0.875901
0.875589
0.873247
0.868782
0.861852
0.852274
0.840373
0.827016
0.813531
0.801489
0.792474
0.78797
0.789172
0.796758
0.810662
0.829788
0.852065
0.874811
0.895059
0.910414
0.919363
0.921329
0.916654
0.906508
0.892805
0.878112
0.865317
0.856945
0.854361
0.857384
0.86444
0.873421
0.882439
0.890139
0.895788
0.899082
0.899958
0.898449
0.894732
0.88895
0.881268
0.871898
0.861001
0.848695
0.835103
0.820813
0.807149
0.796002
0.789205
0.787858
0.792015
0.80073
0.812486
0.825552
0.838265
0.849562
0.859205
0.867627
0.875565
0.883197
0.889891
0.894509
0.896285
0.895523
0.893627
0.892461
0.893379
0.896683
0.901422
0.905948
0.908516
0.907997
0.904042
0.897156
0.88851
0.879665
0.87217
0.867197
0.865102
0.865237
0.866145
0.866287
0.865034
0.862867
0.860817
0.859302
0.857766
0.854983
0.849692
0.841184
0.829408
0.815377
0.801372
0.790848
0.787228
0.792132
0.80436
0.820698
0.837601
0.85237
0.863613
0.870988
0.874906
0.87601
0.874855
0.871667
0.866469
0.859573
0.852102
0.845871
0.842662
0.843374
0.847739
0.854872
0.863584
0.872499
0.880258
0.885711
0.888132
0.887238
0.883214
0.876864
0.869244
0.861342
0.853675
0.846412
0.839694
0.834191
0.831026
0.830884
0.833052
0.835581
0.83655
0.8353
0.832655
0.830304
0.829801
0.832124
0.837434
0.84519
0.854328
0.863637
0.872262
0.879951
0.887122
0.89429
0.901582
0.90843
0.91388
0.916983
0.917246
0.914744
0.909948
0.903446
0.895476
0.885916
0.874404
0.860806
0.845793
0.831056
0.818983
0.811574
0.809386
0.811366
0.815694
0.820726
0.825476
0.829464
0.832424
0.834286
0.835299
0.836131
0.837765
0.841059
0.84631
0.853155
0.860886
0.868786
0.87636
0.883316
0.889262
0.893876
0.89715
0.899637
0.902576
0.907156
0.913455
0.920124
0.924919
0.925951
0.922506
0.915206
0.905558
0.895112
0.884786
0.874594
0.864025
0.852631
0.840188
0.826988
0.813775
0.801597
0.791649
0.785098
0.783089
0.786637
0.796285
0.811598
0.830858
0.851264
0.869863
0.884445
0.893997
0.898604
0.89905
0.896282
0.891101
0.884096
0.875717
0.866399
0.856478
0.846379
0.836682
0.828175
0.821831
0.818439
0.818498
0.821955
0.828087
0.835563
0.842572
0.847248
0.848265
0.84527
0.839162
0.831711
0.824909
0.820538
0.819932
0.823765
0.831996
0.843732
0.857407
0.871406
0.88464
0.896744
0.907851
0.918214
0.927626
0.935086
0.939003
0.937749
0.930298
0.917011
0.899738
0.881532
0.865808
0.855026
0.850009
0.849775
0.852132
0.854868
0.856546
0.856485
0.854482
0.850437
0.844156
0.835364
0.824113
0.811174
0.798654
0.790198
0.790303
0.802089
0.825087
0.855299
0.887515
0.91749
0.942535
0.961079
0.97199
0.974425
0.967962
0.952872
0.930435
0.902835
0.873039
0.8444
0.820191
0.803103
0.79476
0.795508
0.804142
0.818143
0.834124
0.848574
0.858756
0.863455
0.863055
0.859252
0.854206
0.849704
0.846767
0.845749
0.846332
0.847415
0.847431
0.845159
0.840585
0.834948
0.83029
0.828446
0.830301
0.835651
0.843599
0.853132
0.86331
0.873341
0.882411
0.889627
0.894181
0.895504
0.893626
0.889174
0.883182
0.876732
0.870748
0.866018
0.863248
0.863068
0.865724
0.870897
0.877725
0.885079
0.89174
0.896583
0.898751
0.89765
0.892969
0.884847
0.873955
0.861456
0.848703
0.836911
0.826963
0.819683
0.815932
0.816391
0.821354
0.83045
0.842516
0.855888
0.868722
0.87943
0.886947
0.890998
0.891943
0.890602
0.888103
0.885735
0.884759
0.886035
0.889797
0.895331
0.901226
0.905694
0.907302
0.905173
0.899294
0.890244
0.879021
0.866719
0.854383
0.8431
0.834187
0.82902
0.828582
0.833012
0.841421
0.851982
0.862511
0.870946
0.875781
0.876215
0.871963
0.863016
0.849666
0.832833
0.814292
0.796657
0.782855
0.775298
0.775155
0.782092
0.794837
0.811709
0.831027
0.851186
0.870764
0.888526
0.903373
0.914432
0.921063
0.922964
0.920272
0.913704
0.904456
0.893981
0.883688
0.874611
0.867207
0.861309
0.856286
0.85132
0.845652
0.838869
0.831074
0.822882
0.815461
0.810169
0.808197
0.810046
0.815201
0.822248
