1.18459
1.16868
1.15607
1.14918
1.14903
1.15507
1.16538
1.17747
1.18915
1.19915
1.20712
1.21342
1.21864
1.22341
1.22841
1.23424
1.24101
1.24794
1.2534
1.25545
1.25249
1.24411
1.23152
1.21713
1.20407
1.19542
1.1934
1.19879
1.21081
1.227
1.2439
1.25767
1.26515
1.26458
1.2562
1.24228
1.22648
1.2124
1.20209
1.19531
1.19016
1.18433
1.17619
1.16546
1.153
1.14043
1.12982
1.12331
1.12255
1.12829
1.13989
1.15529
1.17154
1.18547
1.19432
1.19645
1.19171
1.18124
1.16688
1.1507
1.13464
1.12053
1.10995
1.10429
1.10451
1.11088
1.12289
1.1394
1.15901
1.18042
1.20269
1.22509
1.24701
1.26771
1.28605
1.30046
1.30903
1.31001
1.30222
1.28553
1.26104
1.23114
1.19931
1.16944
1.14482
1.12722
1.11697
1.1137
1.1173
1.12794
1.14527
1.16749
1.19172
1.21512
1.23573
1.25251
1.26484
1.27217
1.27399
1.26999
1.26027
1.24527
1.22572
1.20271
1.17783
1.15323
1.13129
1.11414
1.10327
1.09949
1.103
1.11324
1.12887
1.14808
1.1688
1.18908
1.20711
1.22131
1.23058
1.23453
1.23356
1.22882
1.22184
1.21424
1.20721
1.20124
1.19623
1.19185
1.18788
1.1845
1.18244
1.18246
1.18461
1.18792
1.19061
1.19107
1.18847
1.18336
1.17776
1.17435
1.17562
1.1829
1.1961
1.21399
1.23467
1.2559
1.27545
1.29113
1.30117
1.30434
1.30016
1.28909
1.27242
1.25206
1.23035
1.20964
1.19173
1.1775
1.16694
1.15962
1.15525
1.15365
1.15478
1.15849
1.16449
1.17237
1.1818
1.19251
1.20425
1.21672
1.22948
1.24197
1.25343
1.26306
1.27005
1.2736
1.27314
1.26867
1.26097
1.25144
1.24166
1.23272
1.22475
1.2172
1.20916
1.19975
1.18842
1.17491
1.15955
1.1432
1.12724
1.11308
1.10195
1.09472
1.09198
1.09432
1.10228
1.11609
1.13483
1.15634
1.17783
1.19669
1.2115
1.22211
1.22911
1.23293
1.23357
1.23071
1.22416
1.21411
1.2015
1.18795
1.17564
1.16682
1.16318
1.16555
1.17385
1.18746
1.20566
1.2278
1.253
1.27986
1.30626
1.32979
1.34812
1.3593
1.362
1.35578
1.34103
1.31908
1.29191
1.26168
1.23039
1.19971
1.17089
1.14511
1.12381
1.10903
1.10319
1.10869
1.12646
1.15474
1.18886
1.22274
1.25069
1.26891
1.27584
1.27188
1.25873
1.23912
1.21629
1.19354
1.17354
1.15777
1.14666
1.14013
1.13804
1.14041
1.14729
1.15858
1.17375
1.19154
1.21001
1.22699
1.24057
1.24962
1.25386
1.25344
1.24869
1.23992
1.2277
1.21294
1.1964
1.17836
1.159
1.13936
1.12177
1.10946
1.1054
1.11101
1.12608
1.14904
1.17748
1.20858
1.23943
1.26714
1.28914
1.30339
1.30827
1.30277
1.28685
1.26174
1.23029
1.19642
1.16444
1.13804
1.11953
1.10956
1.10738
1.11152
1.12034
1.13262
1.14761
1.16463
1.18277
1.2007
1.21684
1.22963
1.23807
1.24195
1.24157
1.23732
1.22944
1.21796
1.20269
1.18347
1.16058
1.1356
1.11179
1.0941
1.08807
1.09783
1.12432
1.16453
1.21223
1.26013
1.30192
1.33347
1.35308
1.3609
1.35879
1.3497
1.33697
1.32344
1.31049
1.29791
1.28467
1.26997
1.25374
1.23674
1.22014
1.20472
1.1905
1.17671
1.16262
1.1482
1.13459
1.12393
1.1188
1.12108
1.13101
1.14656
1.16399
1.17926
1.18939
1.19342
1.19251
1.18925
1.18648
1.18619
1.18904
1.19455
1.20174
1.20931
1.21603
1.22088
1.22308
1.22207
1.21741
1.20892
1.19684
1.18213
1.16661
1.15274
1.14315
1.14029
1.14601
1.16117
1.18515
1.21544
1.24776
1.27689
1.29788
1.30757
1.30527
1.29287
1.27409
1.25297
1.23249
1.21388
1.19747
1.18393
1.17505
1.17313
1.17946
1.1931
1.2108
1.22818
1.24126
1.24778
1.24787
1.2436
1.23809
1.23419
1.23347
1.23592
1.24031
1.24451
1.24621
1.24327
1.23417
1.21842
1.19659
1.17027
1.14192
1.11433
1.09004
1.07073
1.0571
1.04916
1.04693
1.05085
1.0616
1.0797
1.10497
1.13639
1.17204
1.20952
1.24602
1.27883
1.30579
1.32552
1.33736
1.34093
1.33618
1.32361
1.30469
1.28196
1.25838
1.23665
1.2186
1.20509
1.19598
1.19041
1.18694
1.18394
1.18028
1.17607
1.1728
1.17275
1.17768
1.1877
1.20083
1.21366
1.22254
1.22456
1.21817
1.20367
1.18313
1.16032
1.13989
1.12613
1.12161
1.12642
1.13844
1.15419
1.17027
1.18434
1.19568
1.20526
1.21516
1.22734
1.24222
1.25815
1.2718
1.27969
1.27961
1.27145
1.25699
1.23938
1.22241
1.20963
1.20354
1.20488
1.21247
1.22365
1.23513
1.24407
1.24869
1.24865
1.24458
1.23747
1.2279
1.21591
1.20151
1.18563
1.17044
1.15877
1.15302
1.15397
1.16022
1.16887
1.17667
1.18098
1.18034
1.17462
1.16485
1.15302
1.14144
1.13232
1.12739
1.12781
1.13434
1.14737
1.1665
1.19009
1.21532
1.23863
1.25667
1.26663
1.2666
1.25561
1.23391
1.20324
1.16732
1.13153
1.10128
1.08024
1.07007
1.0712
1.08332
1.1052
1.13419
1.16641
1.19752
1.22359
1.24171
1.25058
1.25063
1.24395
1.23379
1.2238
1.21701
1.21513
1.21822
1.22502
1.23364
1.2427
1.25187
1.26166
1.27268
1.28515
1.29854
1.31167
1.32283
1.32993
1.33093
1.32421
1.309
1.28543
1.25441
1.21744
1.1765
1.13433
1.09486
1.06349
1.04605
1.04622
1.06298
1.09095
1.12323
1.15408
1.17997
1.19934
1.21217
1.21939
1.22222
1.22179
1.21858
1.21246
1.20297
1.18986
1.17356
1.15526
1.1368
1.1203
1.10796
1.1018
1.10344
1.11384
1.13288
1.15907
1.18958
1.22072
1.24844
1.26947
1.28172
1.28442
1.27801
1.26412
1.24536
1.22524
1.20772
1.19625
1.19272
1.19687
1.20653
1.21883
1.23118
1.24172
1.24946
1.25396
1.25515
1.25309
1.248
1.24009
1.22958
1.21674
1.20183
1.18497
1.16636
1.14679
1.12808
1.11281
1.1035
1.10167
1.10735
1.11929
1.13539
1.15328
1.17069
1.18616
1.19936
1.2109
1.22177
1.23221
1.24137
1.24769
1.25012
1.24908
1.24648
1.2449
1.24616
1.25068
1.25717
1.26336
1.26688
1.26617
1.26074
1.25131
1.23948
1.22737
1.21711
1.21029
1.20743
1.20762
1.20887
1.20907
1.20735
1.20439
1.20159
1.1995
1.1974
1.19358
1.18634
1.17468
1.15855
1.13934
1.12017
1.10575
1.10079
1.10751
1.12426
1.14664
1.16977
1.18999
1.20538
1.21549
1.22084
1.22234
1.22076
1.2164
1.20928
1.19984
1.18961
1.18108
1.1767
1.17768
1.18366
1.19342
1.20534
1.21755
1.22817
1.23563
1.23895
1.23773
1.23223
1.22353
1.21309
1.20228
1.19178
1.18182
1.17263
1.1651
1.16077
1.16057
1.16352
1.16699
1.16832
1.16661
1.16299
1.15977
1.15908
1.16226
1.16955
1.18017
1.19269
1.20543
1.21724
1.22777
1.23759
1.24741
1.2574
1.26677
1.27423
1.27848
1.27882
1.27539
1.26883
1.25993
1.24901
1.23594
1.22018
1.20155
1.18099
1.16082
1.14428
1.13414
1.13114
1.13386
1.13979
1.14667
1.15317
1.15863
1.16268
1.16523
1.16662
1.16776
1.16999
1.17451
1.1817
1.19107
1.20166
1.21247
1.22285
1.23237
1.2405
1.24682
1.25131
1.25472
1.25875
1.265
1.27364
1.28277
1.28933
1.29074
1.28602
1.27602
1.26281
1.24851
1.23438
1.22043
1.20596
1.19035
1.17331
1.15523
1.13715
1.12048
1.10685
1.09788
1.09512
1.09998
1.11319
1.13416
1.16053
1.18847
1.21394
1.23391
1.24698
1.2533
1.2539
1.25011
1.24301
1.23341
1.22194
1.20917
1.19559
1.18175
1.16848
1.15685
1.14817
1.14352
1.14361
1.14834
1.15674
1.16698
1.17657
1.18298
1.18436
1.18026
1.17191
1.1617
1.15239
1.1464
1.14557
1.15082
1.16209
1.17817
1.19689
1.21607
1.23419
1.25076
1.26596
1.28016
1.29305
1.30326
1.30862
1.30689
1.29669
1.2785
1.25485
1.22991
1.20838
1.19361
1.18675
1.18642
1.18965
1.1934
1.19569
1.19561
1.19287
1.18735
1.17874
1.16671
1.1513
1.13358
1.11645
1.10488
1.10502
1.12117
1.15266
1.19403
1.23814
1.27918
1.31348
1.33886
1.3538
1.35713
1.34827
1.3276
1.29688
1.25908
1.21828
1.17906
1.14591
1.12251
1.1111
1.11212
1.12396
1.14314
1.16503
1.18481
1.19875
1.20518
1.20462
1.1994
1.19249
1.18633
1.18231
1.18092
1.18172
1.18319
1.18322
1.18011
1.17385
1.16613
1.15976
1.15723
1.15978
1.16709
1.17798
1.19103
1.20496
1.21869
1.23111
1.241
1.24725
1.24906
1.24649
1.24039
1.23219
1.22335
1.21515
1.20867
1.20487
1.20463
1.20827
1.21535
1.2247
1.23477
1.24389
1.25053
1.25349
1.25199
1.24557
1.23445
1.21954
1.20243
1.18497
1.1688
1.15518
1.14522
1.14008
1.14071
1.1475
1.15996
1.1765
1.19481
1.21239
1.22705
1.23734
1.24289
1.24419
1.24234
1.23892
1.23568
1.23433
1.23608
1.24123
1.24882
1.25688
1.26301
1.2652
1.26229
1.25423
1.24184
1.22647
1.20962
1.19273
1.17729
1.16509
1.15801
1.15741
1.16348
1.175
1.18945
1.20387
1.21542
1.22204
1.22263
1.21681
1.20456
1.18627
1.16323
1.13785
1.1137
1.0948
1.08445
1.08426
1.09377
1.11121
1.13432
1.16077
1.18837
1.21517
1.23949
1.25983
1.27497
1.28406
1.28666
1.28298
1.27397
1.2613
1.24697
1.23286
1.22043
1.2103
1.20222
1.19535
1.18856
1.1808
1.1715
1.16082
1.1496
1.13944
1.13219
1.1295
1.13203
1.13908
1.14873
