1000 1.54017 0
2000 1.75023 0.210058
3000 1.69458 0.133432
4000 1.66074 0.100237
5000 1.65143 0.0781995
6000 1.61748 0.0723119
7000 1.62586 0.0616862
8000 1.63699 0.0545688
9000 1.60457 0.0580288
10000 1.58926 0.0541142
11000 1.58771 0.0489726
12000 1.5798 0.0453987
13000 1.57218 0.0424515
14000 1.55786 0.0418303
15000 1.54476 0.0410862
16000 1.52939 0.0413914
17000 1.54302 0.0411996
18000 1.54234 0.0388493
19000 1.54226 0.0367478
20000 1.5334 0.0359718
21000 1.53615 0.0343268
22000 1.54923 0.0352441
23000 1.55198 0.0337896
24000 1.54559 0.0329764
25000 1.54613 0.0316344
26000 1.54376 0.0304859
27000 1.5423 0.0293712
28000 1.54314 0.0283152
29000 1.53541 0.0283945
30000 1.53598 0.0274376
31000 1.5368 0.0265505
32000 1.53409 0.0258502
33000 1.53169 0.025169
34000 1.52691 0.0248826
35000 1.52478 0.0242548
36000 1.52231 0.0237004
37000 1.52013 0.0231533
38000 1.52193 0.022607
39000 1.51922 0.0221854
40000 1.51384 0.0222824
41000 1.51646 0.0218893
42000 1.51638 0.0213619
43000 1.51052 0.0216666
44000 1.52053 0.0234196
45000 1.52382 0.0231272
46000 1.52805 0.0230127
47000 1.52748 0.0225249
48000 1.53102 0.0223329
49000 1.52721 0.0222017
50000 1.52893 0.0218207
51000 1.52763 0.0214282
52000 1.52502 0.0211726
53000 1.52419 0.020786
54000 1.52384 0.0204005
55000 1.52351 0.0200289
56000 1.52512 0.019734
57000 1.52695 0.0194708
58000 1.52674 0.0191332
59000 1.52813 0.0188574
60000 1.52947 0.0185887
61000 1.52754 0.018383
62000 1.52845 0.018107
63000 1.52613 0.0179679
64000 1.52505 0.0177182
65000 1.52391 0.0174808
66000 1.52272 0.0172546
67000 1.52329 0.0170045
68000 1.52298 0.0167555
69000 1.52095 0.0166353
70000 1.51916 0.0164931
71000 1.51872 0.0162651
72000 1.51728 0.0161017
73000 1.51548 0.0159819
74000 1.51667 0.0158091
75000 1.52194 0.0164644
76000 1.52167 0.0162486
77000 1.52121 0.0160427
78000 1.52485 0.0162482
79000 1.52222 0.0162555
80000 1.52334 0.0160904
81000 1.52008 0.0162207
82000 1.52112 0.016055
83000 1.52098 0.0158609
84000 1.51987 0.0157103
85000 1.5203 0.0155304
86000 1.51932 0.0153802
87000 1.52013 0.015224
88000 1.51922 0.015077
89000 1.51842 0.0149282
90000 1.51843 0.0147614
91000 1.51676 0.0146945
92000 1.51711 0.0145383
93000 1.51654 0.0143924
94000 1.51766 0.0142818
95000 1.51561 0.0142784
96000 1.51632 0.0141466
97000 1.51431 0.0141429
98000 1.51291 0.0140681
99000 1.51227 0.0139399
100000 1.51279 0.0138094
