1000 5.76801 0
2000 5.41342 0.354586
3000 5.39625 0.205439
4000 5.31247 0.167697
5000 5.3919 0.152257
6000 5.32606 0.140675
7000 5.29095 0.123967
8000 5.3198 0.111165
9000 5.24404 0.123901
10000 5.15981 0.139193
11000 5.09185 0.143075
12000 5.05058 0.136976
13000 5.05026 0.126
14000 5.08596 0.121994
15000 5.05454 0.117834
16000 5.06005 0.110361
17000 5.07217 0.104372
18000 5.06872 0.0984634
19000 5.06864 0.0931371
20000 5.09097 0.0911343
21000 5.06928 0.0893581
22000 5.10671 0.0930602
23000 5.10812 0.0889333
24000 5.10663 0.0851602
25000 5.12166 0.0830535
26000 5.08386 0.0882945
27000 5.07935 0.0850809
28000 5.07343 0.0821995
29000 5.06632 0.0796328
30000 5.06919 0.0769862
31000 5.05915 0.0751359
32000 5.05143 0.0731584
33000 5.05862 0.0712713
34000 5.05928 0.0691464
35000 5.04492 0.0686585
36000 5.04494 0.066724
37000 5.04118 0.0650044
38000 5.04379 0.0633242
39000 5.03827 0.061926
40000 5.02883 0.0610904
41000 5.02831 0.0595841
42000 5.02579 0.0582026
43000 5.03579 0.057706
44000 5.02176 0.058099
45000 5.01474 0.0572248
46000 5.00981 0.0561843
47000 5.01091 0.0549869
48000 5.00071 0.0547874
49000 5.01084 0.0546068
50000 5.01066 0.0535039
51000 5.00859 0.0524852
52000 5.00737 0.0514803
53000 5.01436 0.0509804
54000 5.00495 0.0509043
55000 5.00419 0.0499759
56000 5.00234 0.0491103
57000 4.99813 0.0484243
58000 4.99925 0.0475954
59000 5.00411 0.0470328
60000 5.0083 0.0464323
61000 5.00618 0.045714
62000 5.00989 0.0451235
63000 5.00456 0.04472
64000 5.00555 0.0440266
65000 4.99942 0.0437753
66000 4.99864 0.0431139
67000 4.99588 0.0425554
68000 4.99349 0.0419929
69000 4.99218 0.0414006
70000 4.99525 0.0409202
71000 5.00066 0.0407019
72000 5.00125 0.040137
73000 5.00111 0.0395836
74000 4.99984 0.0390657
75000 5.00096 0.0385577
76000 5.00135 0.038049
77000 5.00222 0.0375616
78000 5.00572 0.0372421
79000 5.00434 0.0367936
80000 4.99644 0.0371803
81000 4.99583 0.0367236
82000 4.9901 0.0367225
83000 4.98893 0.0362962
84000 4.98866 0.0358625
85000 4.99087 0.0355072
86000 4.9902 0.0350984
87000 4.98883 0.0347197
88000 4.99169 0.0344419
89000 4.99222 0.0340569
90000 4.99831 0.0342228
91000 4.99552 0.0339596
92000 4.99553 0.0335885
93000 4.98941 0.0337853
94000 4.99082 0.0334536
95000 4.99307 0.0331765
96000 5.00027 0.033609
97000 4.99855 0.0333055
98000 5.00346 0.033329
99000 5.00458 0.0330096
100000 5.00497 0.0326801
